50
0 21 56 59 48 14 28 38 31 16 48 50 37 58 34 17 43 33 21 53 37 47 59 43 63 19 24 39 55 9 43 60 14 45 51 39 33 41 49 37 51 24 67 21 65 37 37 39 52 24 
21 0 66 60 63 28 10 44 52 31 65 33 30 39 51 5 40 52 32 57 35 39 44 28 80 10 33 59 58 13 29 50 33 35 46 18 51 48 55 36 32 41 59 21 81 19 57 59 33 5 
56 66 0 24 20 68 76 23 64 41 86 70 92 78 78 61 38 73 36 19 93 47 70 94 33 71 79 46 19 57 59 54 45 99 40 77 32 95 14 93 97 70 54 77 29 84 41 51 76 71 
59 60 24 0 41 73 69 22 77 46 99 53 90 60 88 56 22 84 40 7 93 28 50 87 57 68 83 64 6 55 43 32 53 96 20 66 47 100 15 93 86 78 30 77 53 76 58 68 59 65 
48 63 20 41 0 56 72 28 47 33 68 75 84 84 62 58 47 56 31 35 84 56 78 89 19 65 67 26 36 51 65 66 34 92 51 77 16 82 26 83 95 55 68 68 18 81 22 32 80 67 
14 28 68 73 56 0 32 51 26 27 37 61 31 68 23 27 57 24 33 67 28 60 71 41 70 21 11 42 68 20 55 73 23 39 64 46 41 28 62 27 53 13 81 16 72 40 42 39 61 29 
28 10 76 69 72 32 0 54 57 40 67 35 23 40 54 15 48 55 42 66 29 47 47 18 89 11 33 67 67 22 34 56 42 27 54 15 59 46 65 31 24 45 65 19 90 10 65 66 34 5 
38 44 23 22 28 51 54 0 55 25 77 48 72 57 66 39 19 62 18 15 74 28 50 72 47 50 62 44 17 36 38 38 31 78 24 55 28 79 11 74 74 57 42 58 45 62 39 49 54 49 
31 52 64 77 47 26 57 55 0 33 22 81 55 89 16 49 68 10 39 70 51 74 90 67 53 46 31 23 71 40 73 87 26 63 75 70 32 40 63 49 79 15 93 42 57 66 25 17 83 54 
16 31 41 46 33 27 40 25 33 0 54 52 52 61 42 26 35 39 7 40 53 41 59 57 49 32 38 31 42 18 43 54 7 60 42 47 20 55 34 52 63 32 60 37 50 49 27 33 55 35 
48 65 86 99 68 37 67 77 22 54 0 97 58 104 14 64 89 15 60 92 51 94 107 73 72 57 35 43 94 56 91 107 47 65 96 82 54 33 85 49 87 24 114 49 77 75 47 37 98 66 
50 33 70 53 75 61 35 48 81 52 97 0 58 9 83 34 32 83 49 53 64 24 11 47 95 43 66 83 54 42 11 27 58 60 33 22 69 81 56 66 39 73 35 53 93 35 79 84 6 34 
37 30 92 90 84 31 23 72 55 52 58 58 0 61 46 33 70 50 56 86 8 69 69 16 99 22 25 72 87 36 57 79 51 8 76 36 70 29 83 11 31 41 88 16 101 23 72 70 55 26 
58 39 78 60 84 68 40 57 89 61 104 9 61 0 90 41 40 91 58 61 68 32 12 48 104 48 72 92 62 49 20 32 66 62 40 25 78 86 65 70 38 80 39 59 102 38 88 93 6 40 
34 51 78 88 62 23 54 66 16 42 14 83 46 90 0 50 76 7 49 82 40 81 93 60 69 43 22 39 83 42 77 94 35 53 84 68 47 25 75 38 74 11 101 35 74 61 41 33 84 52 
17 5 61 56 58 27 15 39 49 26 64 34 33 41 50 0 36 50 27 52 37 37 44 32 75 12 33 55 54 9 29 49 29 39 43 22 46 49 50 38 37 39 57 23 76 24 53 55 35 10 
43 40 38 22 47 57 48 19 68 35 89 32 70 40 76 36 0 74 29 21 74 9 32 65 66 49 67 62 22 38 22 20 43 75 7 44 45 84 25 74 64 66 25 58 63 54 57 65 38 44 
33 52 73 84 56 24 55 62 10 39 15 83 50 91 7 50 74 0 45 77 45 79 92 64 63 45 26 32 79 42 76 92 32 58 81 70 41 32 70 43 77 11 99 38 67 64 35 27 84 53 
21 32 36 40 31 33 42 18 39 7 60 49 56 58 49 27 29 45 0 34 57 36 54 59 49 36 44 34 35 21 39 49 14 64 36 47 20 61 28 57 64 39 54 41 49 51 30 37 53 36 
53 57 19 7 35 67 66 15 70 40 92 53 86 61 82 52 21 77 34 0 88 29 51 84 51 64 77 57 2 51 43 35 46 92 21 64 40 94 8 88 84 72 35 72 47 73 51 61 59 61 
37 35 93 93 84 28 29 74 51 53 51 64 8 68 40 37 74 45 57 88 0 74 76 24 98 25 20 70 90 38 63 85 50 13 80 43 69 21 85 3 39 36 93 16 100 31 70 66 62 32 
47 39 47 28 56 60 47 28 74 41 94 24 69 32 81 37 9 79 36 29 74 0 23 63 75 49 69 69 29 40 15 13 48 74 9 40 53 86 33 75 60 70 20 59 72 51 64 72 31 43 
59 44 70 50 78 71 47 50 90 59 107 11 69 12 93 44 32 92 54 51 76 23 0 58 97 53 77 89 52 51 16 20 65 71 30 34 74 92 56 77 49 83 27 64 95 47 85 91 15 45 
43 28 94 87 89 41 18 72 67 57 73 47 16 48 60 32 65 64 59 84 24 63 58 0 106 24 39 81 85 38 49 71 57 14 71 25 76 45 83 27 15 54 80 26 107 12 80 80 43 23 
63 80 33 57 19 70 89 47 53 49 72 95 99 104 69 75 66 63 49 51 98 75 97 106 0 81 79 30 52 68 84 85 49 107 70 96 30 92 44 96 113 65 86 83 6 99 29 36 100 84 
19 10 71 68 65 21 11 50 46 32 57 43 22 48 43 12 49 45 36 64 25 49 53 24 81 0 24 58 65 15 39 60 33 28 55 25 51 38 61 26 33 34 69 11 83 19 56 56 42 9 
24 33 79 83 67 11 33 62 31 38 35 66 25 72 22 33 67 26 44 77 20 69 77 39 79 24 0 50 79 29 62 81 33 33 74 48 51 17 72 18 52 16 89 14 82 40 50 46 66 33 
39 59 46 64 26 42 67 44 23 31 43 83 72 92 39 55 62 32 34 57 70 69 89 81 30 58 50 0 58 46 73 82 26 80 68 77 17 62 48 68 91 35 86 57 35 77 5 6 86 63 
55 58 19 6 36 68 67 17 71 42 94 54 87 62 83 54 22 79 35 2 90 29 52 85 52 65 79 58 0 52 44 35 48 93 22 65 41 96 10 90 85 74 35 74 48 74 53 63 60 63 
9 13 57 55 51 20 22 36 40 18 56 42 36 49 42 9 38 42 21 51 38 40 51 38 68 15 29 46 52 0 35 53 20 43 45 31 38 46 47 38 45 32 61 22 69 31 44 46 43 17 
43 29 59 43 65 55 34 38 73 43 91 11 57 20 77 29 22 76 39 43 63 15 16 49 84 39 62 73 44 35 0 22 49 61 24 25 59 78 46 64 44 67 31 50 83 37 69 75 16 32 
60 50 54 32 66 73 56 38 87 54 107 27 79 32 94 49 20 92 49 35 85 13 20 71 85 60 81 82 35 53 22 0 62 83 15 47 65 98 41 86 65 83 9 71 82 59 77 85 33 53 
14 33 45 53 34 23 42 31 26 7 47 58 51 66 35 29 43 32 14 46 50 48 65 57 49 33 33 26 48 20 49 62 0 59 50 51 19 50 40 49 65 26 68 35 51 51 24 27 61 37 
45 35 99 96 92 39 27 78 63 60 65 60 8 62 53 39 75 58 64 92 13 74 71 14 107 28 33 80 93 43 61 83 59 0 81 38 78 34 90 16 28 49 92 24 109 24 80 78 56 31 
51 46 40 20 51 64 54 24 75 42 96 33 76 40 84 43 7 81 36 21 80 9 30 71 70 55 74 68 22 45 24 15 50 81 0 48 51 91 27 81 68 73 18 65 67 59 63 72 39 50 
39 18 77 66 77 46 15 55 70 47 82 22 36 25 68 22 44 70 47 64 43 40 34 25 96 25 48 77 65 31 25 47 51 38 48 0 67 61 65 45 20 59 56 35 96 13 74 77 19 16 
33 51 32 47 16 41 59 28 32 20 54 69 70 78 47 46 45 41 20 40 69 53 74 76 30 51 51 17 41 38 59 65 19 78 51 67 0 66 32 68 83 39 70 54 32 69 12 21 73 55 
41 48 95 100 82 28 46 79 40 55 33 81 29 86 25 49 84 32 61 94 21 86 92 45 92 38 17 62 96 46 78 98 50 34 91 61 66 0 89 18 59 27 106 27 96 50 64 57 80 47 
49 55 14 15 26 62 65 11 63 34 85 56 83 65 75 50 25 70 28 8 85 33 56 83 44 61 72 48 10 47 46 41 40 90 27 65 32 89 0 85 84 66 42 69 40 72 43 53 62 60 
37 36 93 93 83 27 31 74 49 52 49 66 11 70 38 38 74 43 57 88 3 75 77 27 96 26 18 68 90 38 64 86 49 16 81 45 68 18 85 0 41 34 94 16 99 33 68 65 64 33 
51 32 97 86 95 53 24 74 79 63 87 39 31 38 74 37 64 77 64 84 39 60 49 15 113 33 52 91 85 45 44 65 65 28 68 20 83 59 84 41 0 66 74 38 113 14 89 90 34 28 
24 41 70 78 55 13 45 57 15 32 24 73 41 80 11 39 66 11 39 72 36 70 83 54 65 34 16 35 74 32 67 83 26 49 73 59 39 27 66 34 66 0 90 28 69 53 36 31 74 43 
67 59 54 30 68 81 65 42 93 60 114 35 88 39 101 57 25 99 54 35 93 20 27 80 86 69 89 86 35 61 31 9 68 92 18 56 70 106 42 94 74 90 0 79 82 68 81 90 41 62 
21 21 77 77 68 16 19 58 42 37 49 53 16 59 35 23 58 38 41 72 16 59 64 26 83 11 14 57 74 22 50 71 35 24 65 35 54 27 69 16 38 28 79 0 85 26 56 54 52 20 
65 81 29 53 18 72 90 45 57 50 77 93 101 102 74 76 63 67 49 47 100 72 95 107 6 83 82 35 48 69 83 82 51 109 67 96 32 96 40 99 113 69 82 85 0 99 32 41 98 85 
37 19 84 76 81 40 10 62 66 49 75 35 23 38 61 24 54 64 51 73 31 51 47 12 99 19 40 77 74 31 37 59 51 24 59 13 69 50 72 33 14 53 68 26 99 0 75 76 32 14 
37 57 41 58 22 42 65 39 25 27 47 79 72 88 41 53 57 35 30 51 70 64 85 80 29 56 50 5 53 44 69 77 24 80 63 74 12 64 43 68 89 36 81 56 32 75 0 11 83 61 
39 59 51 68 32 39 66 49 17 33 37 84 70 93 33 55 65 27 37 61 66 72 91 80 36 56 46 6 63 46 75 85 27 78 72 77 21 57 53 65 90 31 90 54 41 76 11 0 88 62 
52 33 76 59 80 61 34 54 83 55 98 6 55 6 84 35 38 84 53 59 62 31 15 43 100 42 66 86 60 43 16 33 61 56 39 19 73 80 62 64 34 74 41 52 98 32 83 88 0 33 
24 5 71 65 67 29 5 49 54 35 66 34 26 40 52 10 44 53 36 61 32 43 45 23 84 9 33 63 63 17 32 53 37 31 50 16 55 47 60 33 28 43 62 20 85 14 61 62 33 0 
0 1000
3699 4276
3531 3545
117 1067
4151 4823
3838 4349
3890 4197
4040 4312
2003 2322
3741 3868
4632 5146
794 1157
3352 3360
3135 3902
1271 2004
1216 1843
2933 3312
3019 3367
2056 2752
514 1317
4349 5337
1406 1764
2685 3671
369 1208
183 568
1923 2461
4265 4886
4516 4967
1693 2094
598 988
43 997
3201 3986
1356 2168
2846 3422
2272 3128
735 819
2533 3180
3944 4549
1773 2537
1542 2484
692 1479
4755 4826
1115 1864
2413 3009
957 1305
3649 4164
4476 5027
2116 2933
3110 3439
3706 4372
57.49738056312902 37.23646018752497 63.36037413093252 38.90295232412437 78.11122975420805 64.61241188424471 33.09425345357573 50.516833850266764 88.83325816338579 60.90519936935803 99.96945254452191 9.05873910491346 43.216973273237926 0.4302653722970229 86.43978834517438 40.17549773071947 31.752638351338057 88.57438483572615 57.09833698542701 44.604168487510776 50.64191168804831 23.47096483761939 2.647588900262221 27.47379772374775 95.89943532313157 43.604926351543995 65.23191911091402 91.42622775998488 44.12172465003199 49.02338676389212 18.223386197323997 12.055832480507744 66.85881541790673 37.76029729090761 26.696796325144323 19.19140296859192 76.47409769619601 71.51256807705334 52.32298368120944 53.44491799163348 13.380366756180306 77.83438669953175 9.937444958131348 51.265831029598466 91.98634507823624 25.39332923175136 87.19009066328861 93.4118834444048 6.220282415904244 35.404755427886016 
59.3700780093674 64.0095972349704 3.2582992290539403 3.5916628569952147 16.56277975681233 71.38410832424358 72.73645931137592 21.971592018226893 61.85897971833092 44.20820846392473 81.37593964298875 46.882582133414175 93.25381503479556 49.80953686477921 77.80705035216332 59.96424305848659 24.46570191405585 71.40485902639229 38.84980718151911 7.7120104903555475 95.86082814763029 27.187373889223988 37.55784092109731 89.80184516777632 9.316687869845508 71.6867183371229 81.93417870663917 39.47288449812461 6.253216720112742 58.16083686273931 41.75771078961921 20.42057216336204 48.53522465105582 99.37063541905916 19.22014156938173 66.71129299837659 32.21745580944827 98.07983413134176 11.050040516567094 95.68288742098213 85.85019839958647 71.60168775390927 11.921001986796009 79.56718742367833 4.490844106188052 78.35427583965173 36.52088553596046 45.05264004952285 52.634695399964436 68.18533281110149 