50
0 69 69 76 59 94 53 75 79 102 74 78 64 86 100 85 42 28 2 32 61 48 63 67 115 55 38 60 40 92 84 79 67 97 20 58 76 33 95 58 20 71 16 56 73 55 34 45 34 11 
69 0 86 28 88 44 19 29 43 51 22 81 9 66 61 91 78 77 69 78 42 30 35 49 56 61 91 11 42 67 17 30 70 95 84 31 37 80 90 43 54 40 54 39 54 41 36 88 48 68 
69 86 0 69 15 74 86 66 57 78 71 17 89 40 66 18 28 44 68 40 109 58 53 40 96 25 45 76 49 47 93 69 18 31 61 55 59 40 32 108 55 52 73 47 40 104 64 33 46 58 
76 28 69 0 75 19 42 3 16 27 6 60 36 41 34 69 69 74 76 74 68 28 18 28 38 46 87 24 39 41 25 3 51 71 87 20 11 76 65 69 58 17 66 25 30 66 43 80 46 72 
59 88 15 75 0 83 85 72 65 89 77 31 90 53 77 33 17 32 57 27 105 58 58 48 106 29 31 77 47 60 97 76 28 46 48 58 67 27 47 103 48 59 65 51 49 100 60 18 42 48 
94 44 74 19 83 0 61 20 18 8 24 61 54 37 18 69 81 88 94 87 86 46 32 35 23 55 100 43 55 33 36 16 56 67 102 36 19 89 61 87 75 25 84 39 34 85 62 92 62 89 
53 19 86 42 85 61 0 43 55 68 37 85 12 75 75 94 72 67 54 69 27 29 42 56 75 62 81 18 37 78 36 45 72 101 71 36 49 71 96 27 43 50 38 42 61 24 25 81 42 55 
75 29 66 3 72 20 43 0 14 28 7 57 37 39 33 67 67 72 75 72 69 27 15 26 40 44 85 25 37 39 28 4 48 69 85 18 9 73 63 69 56 14 65 23 28 67 42 78 44 71 
79 43 57 16 65 18 55 14 0 25 21 46 51 25 22 54 63 71 79 70 82 33 16 17 41 37 82 37 39 25 41 15 39 55 86 22 6 71 49 82 59 8 71 23 17 79 49 74 45 73 
102 51 78 27 89 8 68 28 25 0 32 65 60 40 17 72 87 96 102 95 93 54 39 41 18 61 107 50 63 35 41 24 61 69 110 44 26 96 63 94 82 32 92 47 39 92 70 98 69 96 
74 22 71 6 77 24 37 7 21 32 0 64 30 46 39 73 70 74 74 74 62 26 19 32 42 48 87 19 37 46 21 8 54 75 85 19 16 75 70 63 55 21 62 26 34 60 40 81 45 70 
78 81 17 60 31 61 85 57 46 65 64 0 86 25 51 10 41 56 77 52 110 56 46 32 83 25 60 72 50 32 85 60 13 18 74 50 49 53 17 109 62 43 79 43 29 105 66 48 50 68 
64 9 89 36 90 54 12 37 51 60 30 86 0 73 70 96 78 76 65 77 33 32 41 55 65 65 90 15 43 75 25 39 74 101 81 36 45 79 96 34 52 47 49 43 60 32 33 88 49 65 
86 66 40 41 53 37 75 39 25 40 46 25 73 0 25 32 57 70 85 67 102 48 33 20 58 32 78 59 49 7 66 40 25 31 86 39 30 68 25 102 66 26 82 35 15 99 63 66 52 77 
100 61 66 34 77 18 75 33 22 17 39 51 70 25 0 57 79 90 100 88 102 55 38 34 34 53 99 57 61 19 54 31 49 53 105 44 27 89 46 102 80 29 93 44 30 99 71 89 66 93 
85 91 18 69 33 69 94 67 54 72 73 10 96 32 57 0 46 61 84 57 119 65 56 41 90 34 63 81 59 38 94 69 22 13 78 60 58 58 15 118 70 52 87 53 39 115 75 51 58 75 
42 78 28 69 17 81 72 67 63 87 70 41 78 57 79 46 0 16 41 12 91 48 52 46 104 26 21 67 36 64 89 71 33 58 33 51 63 12 58 88 32 56 49 44 49 85 47 11 30 31 
28 77 44 74 32 88 67 72 71 96 74 56 76 70 90 61 16 0 26 4 82 49 57 55 111 38 14 67 37 77 90 76 47 74 17 55 70 5 73 80 24 63 38 50 60 77 42 17 29 17 
2 69 68 76 57 94 54 75 79 102 74 77 65 85 100 84 41 26 0 30 62 48 63 67 115 54 36 61 39 91 85 79 66 96 19 58 76 31 94 59 19 71 17 56 72 56 35 43 34 9 
32 78 40 74 27 87 69 72 70 95 74 52 77 67 88 57 12 4 30 0 86 50 57 54 111 35 13 68 37 74 91 76 43 70 21 55 69 2 70 83 27 62 41 49 58 80 44 13 30 22 
61 42 109 68 105 86 27 69 82 93 62 110 33 102 102 119 91 82 62 86 0 55 69 82 97 86 96 44 60 105 55 71 97 127 81 63 76 87 122 4 59 77 46 68 88 6 45 98 63 67 
48 30 58 28 58 46 29 27 33 54 26 56 32 48 55 65 48 49 48 50 55 0 17 28 67 33 63 19 12 52 41 31 43 72 59 11 29 51 68 54 30 26 38 14 34 51 16 58 20 44 
63 35 53 18 58 32 42 15 16 39 19 46 41 33 38 56 52 57 63 57 69 17 0 14 54 29 70 26 23 36 40 19 36 60 71 6 13 58 55 69 43 9 54 8 19 65 33 63 30 57 
67 49 40 28 48 35 56 26 17 41 32 32 55 20 34 41 46 55 67 54 82 28 14 0 59 20 66 41 29 25 53 29 23 46 71 20 19 55 41 82 47 12 62 14 6 79 42 57 33 60 
115 56 96 38 106 23 75 40 41 18 42 83 65 58 34 90 104 111 115 111 97 67 54 59 0 78 123 58 77 53 42 36 79 86 125 58 42 112 80 99 96 48 104 62 57 97 81 115 84 111 
55 61 25 46 29 55 62 44 37 61 48 25 65 32 53 34 26 38 54 35 86 33 29 20 78 0 47 51 25 39 69 47 12 43 55 30 38 37 41 84 37 31 55 23 23 81 41 37 25 46 
38 91 45 87 31 100 81 85 82 107 87 60 90 78 99 63 21 14 36 13 96 63 70 66 123 47 0 81 50 85 104 89 53 76 20 68 82 12 77 93 38 75 50 62 70 90 57 13 43 29 
60 11 76 24 77 43 18 25 37 50 19 72 15 59 57 81 67 67 61 68 44 19 26 41 58 51 81 0 31 61 24 27 60 86 75 22 31 69 81 45 45 33 47 29 45 42 26 77 38 59 
40 42 49 39 47 55 37 37 39 63 37 50 43 49 61 59 36 37 39 37 60 12 23 29 77 25 50 31 0 54 54 41 37 68 48 19 36 39 64 59 20 31 33 16 35 56 15 46 7 34 
92 67 47 41 60 33 78 39 25 35 46 32 75 7 19 38 64 77 91 74 105 52 36 25 53 39 85 61 54 0 65 39 32 34 93 42 30 75 28 105 72 28 87 39 19 102 67 74 58 83 
84 17 93 25 97 36 36 28 41 41 21 85 25 66 54 94 89 90 85 91 55 41 40 53 42 69 104 24 54 65 0 26 75 96 99 39 36 92 91 57 69 42 71 46 56 56 51 99 61 83 
79 30 69 3 76 16 45 4 15 24 8 60 39 40 31 69 71 76 79 76 71 31 19 29 36 47 89 27 41 39 26 0 51 70 89 22 10 77 64 71 60 17 68 27 30 69 46 82 48 75 
67 70 18 51 28 56 72 48 39 61 54 13 74 25 49 22 33 47 66 43 97 43 36 23 79 12 53 60 37 32 75 51 0 31 64 39 41 44 29 96 49 34 67 31 22 93 53 42 37 57 
97 95 31 71 46 67 101 69 55 69 75 18 101 31 53 13 58 74 96 70 127 72 60 46 86 43 76 86 68 34 96 70 31 0 91 65 60 70 6 126 80 55 98 58 41 122 83 64 68 87 
20 84 61 87 48 102 71 85 86 110 85 74 81 86 105 78 33 17 19 21 81 59 71 71 125 55 20 75 48 93 99 89 64 91 0 67 84 21 91 78 30 78 35 63 76 75 49 30 41 16 
58 31 55 20 58 36 36 18 22 44 19 50 36 39 44 60 51 55 58 55 63 11 6 20 58 30 68 22 19 42 39 22 39 65 67 0 18 56 60 63 39 15 49 8 25 59 27 62 26 53 
76 37 59 11 67 19 49 9 6 26 16 49 45 30 27 58 63 70 76 69 76 29 13 19 42 38 82 31 36 30 36 10 41 60 84 18 0 70 54 76 56 7 67 21 20 73 45 74 43 70 
33 80 40 76 27 89 71 73 71 96 75 53 79 68 89 58 12 5 31 2 87 51 58 55 112 37 12 69 39 75 92 77 44 70 21 56 70 0 70 84 28 64 42 50 59 81 46 12 31 22 
95 90 32 65 47 61 96 63 49 63 70 17 96 25 46 15 58 73 94 70 122 68 55 41 80 41 77 81 64 28 91 64 29 6 91 60 54 70 0 122 78 49 95 54 36 118 80 65 65 85 
58 43 108 69 103 87 27 69 82 94 63 109 34 102 102 118 88 80 59 83 4 54 69 82 99 84 93 45 59 105 57 71 96 126 78 63 76 84 122 0 56 77 43 68 87 3 44 96 62 64 
20 54 55 58 48 75 43 56 59 82 55 62 52 66 80 70 32 24 19 27 59 30 43 47 96 37 38 45 20 72 69 60 49 80 30 39 56 28 78 56 0 51 18 36 53 53 19 39 14 15 
71 40 52 17 59 25 50 14 8 32 21 43 47 26 29 52 56 63 71 62 77 26 9 12 48 31 75 33 31 28 42 17 34 55 78 15 7 64 49 77 51 0 63 15 14 74 42 67 37 65 
16 54 73 66 65 84 38 65 71 92 62 79 49 82 93 87 49 38 17 41 46 38 54 62 104 55 50 47 33 87 71 68 67 98 35 49 67 42 95 43 18 63 0 49 68 40 22 54 30 21 
56 39 47 25 51 39 42 23 23 47 26 43 43 35 44 53 44 50 56 49 68 14 8 14 62 23 62 29 16 39 46 27 31 58 63 8 21 50 54 68 36 15 49 0 20 65 28 55 23 50 
73 54 40 30 49 34 61 28 17 39 34 29 60 15 30 39 49 60 72 58 88 34 19 6 57 23 70 45 35 19 56 30 22 41 76 25 20 59 36 87 53 14 68 20 0 84 48 60 39 65 
55 41 104 66 100 85 24 67 79 92 60 105 32 99 99 115 85 77 56 80 6 51 65 79 97 81 90 42 56 102 56 69 93 122 75 59 73 81 118 3 53 74 40 65 84 0 41 92 58 61 
34 36 64 43 60 62 25 42 49 70 40 66 33 63 71 75 47 42 35 44 45 16 33 42 81 41 57 26 15 67 51 46 53 83 49 27 45 46 80 44 19 42 22 28 48 41 0 56 18 33 
45 88 33 80 18 92 81 78 74 98 81 48 88 66 89 51 11 17 43 13 98 58 63 57 115 37 13 77 46 74 99 82 42 64 30 62 74 12 65 96 39 67 54 55 60 92 56 0 39 34 
34 48 46 46 42 62 42 44 45 69 45 50 49 52 66 58 30 29 34 30 63 20 30 33 84 25 43 38 7 58 61 48 37 68 41 26 43 31 65 62 14 37 30 23 39 58 18 39 0 27 
11 68 58 72 48 89 55 71 73 96 70 68 65 77 93 75 31 17 9 22 67 44 57 60 111 46 29 59 34 83 83 75 57 87 16 53 70 22 85 64 15 65 21 50 65 61 33 34 27 0 
0 1000
2977 3519
2570 3057
4146 4164
1392 1840
195 625
3042 3850
1718 2031
3168 3984
1051 1093
2427 3030
4668 5087
1273 1833
1196 1634
1921 2324
1131 2051
2800 3232
4926 5166
890 977
2709 3626
3692 4422
3961 4628
3996 4180
1533 2488
4775 5077
3864 4421
3408 4157
4381 4550
4074 4926
474 1146
354 1331
2212 2866
430 1069
3523 3595
4510 4748
2026 2909
1880 1943
767 935
504 1104
2141 2476
679 926
257 843
3303 3650
63 777
1591 2454
2314 3075
824 1625
4269 4386
2878 3216
1789 1794
63.34074351827466 9.363219123907163 92.79747736236463 24.11900220945459 96.97372833495264 22.736818281022288 15.910012977789112 26.665554958290127 37.460654680659886 20.237635111027352 21.424725198523 83.06339343271614 8.307198594830778 59.711549804719745 36.82307239384489 91.53536107334956 86.53907118077257 82.82123048532206 64.8466960748263 85.18472529165764 2.6238395720786345 39.02644923599981 40.39751841811741 52.58745839920855 3.3395514067703136 69.11312142713427 96.77348906397076 19.91814469227079 50.70571918692465 55.55123968386175 0.39205989687688403 23.829048974881985 75.1614281567334 89.3145802146239 83.57412198588588 38.811274736450855 34.021114394118015 86.61667196127765 83.110363144622 5.7291421078890625 58.45014651575391 41.004796492447824 48.4333866237153 46.43967440678591 53.834495185573914 8.412815601555689 40.79741161336583 96.24520570456876 57.02058390369462 69.21862985036249 
98.66446703702394 56.28975176948351 36.169228599612715 33.02227035217259 50.57252068720302 13.928832098003575 74.51786854334388 33.145119184580864 23.947977121174524 6.359147328668002 38.201137020088616 22.70434997910953 65.56283768850788 13.126695089663398 2.008957062806238 18.162030633628156 63.38875666942053 78.83277928535765 97.71005462613444 75.06030258000791 97.6419737282213 56.84888570187058 40.148879828163274 32.30334108692969 0.706890925124759 43.5407729535368 81.22748478897132 56.78180695510792 61.031510275668445 7.245497767350639 42.32743471246653 30.324318312743525 32.80448380316714 5.342094489586335 96.24387143406675 46.23814017073789 28.77780023431479 75.58062513176463 5.369004304529534 99.3090969233302 79.35664969972447 31.210003691839894 93.97323901024461 45.10130402093938 26.50562407137479 97.25191034705357 72.92965794553157 68.65228747695126 65.01623585830329 89.48584987924261 