50
0 7 72 62 101 34 56 19 24 94 31 79 108 81 75 46 39 65 76 101 29 37 96 92 29 24 15 19 44 34 70 51 45 84 79 81 62 15 53 72 73 76 26 47 103 17 15 76 46 24 
7 0 78 67 102 33 52 20 30 99 37 77 109 81 80 52 43 70 79 102 36 39 95 93 35 24 19 25 41 34 75 57 51 82 84 83 67 20 54 72 72 75 33 48 105 16 20 77 52 23 
72 78 0 13 75 71 91 64 62 23 41 90 78 78 5 26 36 8 44 82 44 53 85 67 51 65 60 58 77 65 6 25 28 97 8 61 11 58 56 67 77 77 51 52 65 71 58 64 27 69 
62 67 13 0 68 58 78 52 56 31 32 78 72 67 13 17 25 6 35 74 36 40 75 59 45 53 49 50 64 52 8 22 22 86 17 51 5 48 43 56 65 66 43 39 60 59 48 54 21 57 
101 102 75 68 0 72 70 83 110 70 86 45 7 28 71 78 72 74 33 10 91 64 19 10 101 78 87 100 68 69 70 88 85 49 71 20 73 92 48 32 38 34 98 55 16 87 88 26 84 80 
34 33 71 58 72 0 25 17 53 87 42 45 79 49 71 49 36 63 55 70 44 18 63 64 51 11 25 43 10 6 66 59 52 50 74 54 60 33 26 41 39 43 47 23 77 17 28 47 53 10 
56 52 91 78 70 25 0 41 76 104 66 30 77 42 90 72 59 84 64 65 69 39 56 65 75 35 50 68 15 29 85 83 76 32 93 56 81 57 37 40 33 36 71 39 80 39 52 48 76 33 
19 20 64 52 83 17 41 0 35 83 28 61 89 63 65 39 28 56 59 83 29 19 77 74 34 6 8 26 27 16 60 47 40 67 69 63 53 15 35 53 54 57 30 29 85 7 10 57 41 8 
24 30 62 56 110 53 76 35 0 85 25 96 115 94 66 39 38 56 80 112 20 48 108 100 11 42 27 10 63 51 62 37 34 102 70 89 54 20 64 84 87 90 13 56 107 38 25 86 35 43 
94 99 23 31 70 87 104 83 85 0 63 96 71 81 19 47 56 30 45 79 67 69 84 64 74 83 80 80 91 81 24 48 51 103 15 61 32 79 66 72 83 83 73 65 56 90 79 67 50 87 
31 37 41 32 86 42 66 28 25 63 0 79 92 74 44 15 14 34 55 89 5 29 87 76 15 32 21 17 51 37 39 20 14 85 48 66 31 17 44 63 68 71 12 36 83 34 19 64 14 36 
79 77 90 78 45 45 30 61 96 96 79 0 51 17 88 78 67 84 52 37 82 49 27 42 91 55 68 86 36 45 84 90 84 7 89 37 82 75 36 23 13 14 87 43 58 62 70 29 84 55 
108 109 78 72 7 79 77 89 115 71 92 51 0 35 74 82 77 77 37 14 96 70 24 15 107 85 93 106 75 75 73 92 89 55 73 26 76 98 55 38 44 41 103 61 15 93 94 32 88 87 
81 81 78 67 28 49 42 63 94 81 74 17 35 0 75 70 61 73 36 23 78 46 15 24 88 57 69 84 42 47 72 82 77 23 76 20 71 74 31 11 10 7 84 38 41 65 70 14 76 58 
75 80 5 13 71 71 90 65 66 19 44 88 74 75 0 29 38 11 40 79 48 53 81 63 55 66 62 61 77 65 5 30 32 95 4 57 13 60 54 65 75 75 54 51 60 73 61 61 31 70 
46 52 26 17 78 49 72 39 39 47 15 78 82 70 29 0 13 18 45 82 20 32 81 68 28 41 34 33 57 43 23 12 7 85 32 59 15 32 42 59 66 68 27 35 72 46 33 58 6 45 
39 43 36 25 72 36 59 28 38 56 14 67 77 61 38 13 0 28 41 75 19 19 73 62 29 29 24 30 44 30 32 24 18 74 41 52 25 25 31 50 56 58 26 24 69 35 24 50 18 33 
65 70 8 6 74 63 84 56 56 30 34 84 77 73 11 18 28 0 41 80 37 45 81 65 44 57 52 50 70 57 6 20 22 92 14 57 3 50 49 63 72 73 44 45 64 63 51 60 20 61 
76 79 44 35 33 55 64 59 80 45 55 52 37 36 40 45 41 41 0 39 60 40 41 24 70 56 61 71 55 49 38 55 52 59 40 17 40 64 29 28 39 38 68 32 27 65 61 22 51 59 
101 102 82 74 10 70 65 83 112 79 89 37 14 23 79 82 75 80 39 0 94 65 10 16 104 77 87 102 65 68 77 93 89 41 79 23 79 93 48 29 33 29 101 56 27 86 89 26 88 79 
29 36 44 36 91 44 69 29 20 67 5 82 96 78 48 20 19 37 60 94 0 33 91 81 10 34 21 13 54 40 43 21 16 89 51 71 35 16 48 67 72 75 7 40 88 35 19 69 17 37 
37 39 53 40 64 18 39 19 48 69 29 49 70 46 53 32 19 45 40 65 33 0 60 55 42 16 23 38 25 12 48 44 37 56 56 44 42 28 16 36 39 42 38 9 66 25 24 39 37 20 
96 95 85 75 19 63 56 77 108 84 87 27 24 15 81 81 73 81 41 10 91 60 0 21 101 71 83 98 57 62 79 92 88 30 82 24 80 88 44 24 25 21 97 51 35 80 84 23 87 73 
92 93 67 59 10 64 65 74 100 64 76 42 15 24 63 68 62 65 24 16 81 55 21 0 91 69 78 91 61 60 61 78 75 47 63 11 64 82 39 25 33 30 88 46 16 78 78 18 74 72 
29 35 51 45 101 51 75 34 11 74 15 91 107 88 55 28 29 44 70 104 10 42 101 91 0 40 26 10 61 47 50 26 23 98 59 81 42 19 57 77 82 84 4 50 98 39 24 79 24 42 
24 24 65 53 78 11 35 6 42 83 32 55 85 57 66 41 29 57 56 77 34 16 71 69 40 0 14 32 21 10 61 51 44 61 70 59 54 21 30 48 48 51 36 25 81 9 16 52 44 4 
15 19 60 49 87 25 50 8 27 80 21 68 93 69 62 34 24 52 61 87 21 23 83 78 26 14 0 18 36 23 56 41 34 74 65 67 49 7 39 59 60 64 22 32 88 14 2 62 35 16 
19 25 58 50 100 43 68 26 10 80 17 86 106 84 61 33 30 50 71 102 13 38 98 91 10 32 18 0 54 41 56 34 29 92 65 80 48 11 54 74 77 80 8 47 98 30 16 76 30 34 
44 41 77 64 68 10 15 27 63 91 51 36 75 42 77 57 44 70 55 65 54 25 57 61 61 21 36 54 0 14 72 68 61 40 80 51 67 43 26 36 33 36 57 27 75 26 38 43 61 20 
34 34 65 52 69 6 29 16 51 81 37 45 75 47 65 43 30 57 49 68 40 12 62 60 47 10 23 41 14 0 60 54 47 51 68 50 54 30 21 38 38 41 43 18 73 18 25 43 47 11 
70 75 6 8 70 66 85 60 62 24 39 84 73 72 5 23 32 6 38 77 43 48 79 61 50 61 56 56 72 60 0 26 27 91 9 55 8 55 50 61 71 71 49 46 60 67 55 58 26 65 
51 57 25 22 88 59 83 47 37 48 20 90 92 82 30 12 24 20 55 93 21 44 92 78 26 51 41 34 68 54 26 0 7 97 33 70 18 37 54 71 78 80 26 47 81 54 39 70 7 54 
45 51 28 22 85 52 76 40 34 51 14 84 89 77 32 7 18 22 52 89 16 37 88 75 23 44 34 29 61 47 27 7 0 91 36 66 19 31 48 66 72 74 22 41 79 47 32 65 1 47 
84 82 97 86 49 50 32 67 102 103 85 7 55 23 95 85 74 92 59 41 89 56 30 47 98 61 74 92 40 51 91 97 91 0 97 44 90 81 44 31 20 21 94 50 63 67 76 36 91 60 
79 84 8 17 71 74 93 69 70 15 48 89 73 76 4 32 41 14 40 79 51 56 82 63 59 70 65 65 80 68 9 33 36 97 0 58 17 64 57 66 76 76 58 53 59 76 64 62 35 74 
81 83 61 51 20 54 56 63 89 61 66 37 26 20 57 59 52 57 17 23 71 44 24 11 81 59 67 80 51 50 55 70 66 44 58 0 56 71 29 16 26 24 78 35 24 68 68 9 65 61 
62 67 11 5 73 60 81 53 54 32 31 82 76 71 13 15 25 3 40 79 35 42 80 64 42 54 49 48 67 54 8 18 19 90 17 56 0 47 47 61 69 70 41 42 64 60 48 58 18 58 
15 20 58 48 92 33 57 15 20 79 17 75 98 74 60 32 25 50 64 93 16 28 88 82 19 21 7 11 43 30 55 37 31 81 64 71 47 0 44 64 67 70 15 37 91 20 5 67 32 23 
53 54 56 43 48 26 37 35 64 66 44 36 55 31 54 42 31 49 29 48 48 16 44 39 57 30 39 54 26 21 50 54 48 44 57 29 47 44 0 20 25 27 54 8 52 39 40 23 48 32 
72 72 67 56 32 41 40 53 84 72 63 23 38 11 65 59 50 63 28 29 67 36 24 25 77 48 59 74 36 38 61 71 66 31 66 16 61 64 20 0 11 10 73 27 40 57 60 7 65 50 
73 72 77 65 38 39 33 54 87 83 68 13 44 10 75 66 56 72 39 33 72 39 25 33 82 48 60 77 33 38 71 78 72 20 76 26 69 67 25 11 0 4 78 32 49 56 62 17 72 49 
76 75 77 66 34 43 36 57 90 83 71 14 41 7 75 68 58 73 38 29 75 42 21 30 84 51 64 80 36 41 71 80 74 21 76 24 70 70 27 10 4 0 80 34 46 59 65 16 74 52 
26 33 51 43 98 47 71 30 13 73 12 87 103 84 54 27 26 44 68 101 7 38 97 88 4 36 22 8 57 43 49 26 22 94 58 78 41 15 54 73 78 80 0 46 95 35 20 75 23 38 
47 48 52 39 55 23 39 29 56 65 36 43 61 38 51 35 24 45 32 56 40 9 51 46 50 25 32 47 27 18 46 47 41 50 53 35 42 37 8 27 32 34 46 0 57 34 33 30 41 28 
103 105 65 60 16 77 80 85 107 56 83 58 15 41 60 72 69 64 27 27 88 66 35 16 98 81 88 98 75 73 60 81 79 63 59 24 64 91 52 40 49 46 95 57 0 90 88 33 78 84 
17 16 71 59 87 17 39 7 38 90 34 62 93 65 73 46 35 63 65 86 35 25 80 78 39 9 14 30 26 18 67 54 47 67 76 68 60 20 39 57 56 59 35 34 90 0 16 61 48 7 
15 20 58 48 88 28 52 10 25 79 19 70 94 70 61 33 24 51 61 89 19 24 84 78 24 16 2 16 38 25 55 39 32 76 64 68 48 5 40 60 62 65 20 33 88 16 0 63 33 19 
76 77 64 54 26 47 48 57 86 67 64 29 32 14 61 58 50 60 22 26 69 39 23 18 79 52 62 76 43 43 58 70 65 36 62 9 58 67 23 7 17 16 75 30 33 61 63 0 65 54 
46 52 27 21 84 53 76 41 35 50 14 84 88 76 31 6 18 20 51 88 17 37 87 74 24 44 35 30 61 47 26 7 1 91 35 65 18 32 48 65 72 74 23 41 78 48 33 65 0 48 
24 23 69 57 80 10 33 8 43 87 36 55 87 58 70 45 33 61 59 79 37 20 73 72 42 4 16 34 20 11 65 54 47 60 74 61 58 23 32 50 49 52 38 28 84 7 19 54 48 0 
0 1000
2576 3087
4088 4924
657 1487
2764 3035
1829 2423
1498 2331
4693 4705
894 1281
2319 2486
3801 4658
210 1156
270 947
3136 4031
1667 1714
1208 2073
379 1005
5102 5610
2453 2590
564 656
2656 3170
4851 4978
3233 3601
1372 1780
453 1151
4433 4584
3465 3821
3398 3749
1043 1081
80 230
2866 3412
4339 4530
1200 2083
3600 3799
4583 5576
4240 4488
1987 2938
3700 4108
3010 3890
1345 1350
3973 4241
2058 2499
4781 5171
62 805
752 1085
4967 5455
2187 2262
3869 4471
5044 5934
3738 4369
94.49843773025552 99.00928196566444 24.000937571755678 32.569304350461735 11.571796452165673 78.14089673193727 81.84333140799633 80.97725328206569 86.13884492311416 1.648222063955318 64.53051829839788 55.11434173413693 5.1973528248203005 39.74955809890742 20.61276759511128 49.04618471217289 55.78025641277225 31.147322245616195 23.512926853981465 17.96788801792256 68.28488914428809 62.81509185605173 27.83819016767489 17.330228553439376 74.77766372306942 79.13549194822895 79.92714105667575 81.60392896067772 77.18747870443332 72.80198634077121 25.60092894641508 48.648216033856805 52.42687373722779 57.48433201102572 16.852777480529724 26.41291973128258 33.693952831004346 80.18365506736187 52.11910638569991 41.831580067249064 49.28432307542899 46.01962717833409 74.6286688641918 55.20387735420931 2.177302518266211 87.5178783514224 79.32796011054934 34.82709703155399 51.306652998049195 82.56948180738968 
23.439780907494434 28.45044295087288 7.558167589173936 16.938747863982538 81.85135318771833 53.44221039303343 77.72099853810964 36.29110881464962 1.4143318196930488 12.222819063995304 13.744673887321424 91.7846456258482 83.45965618758264 83.52674497189709 11.223998689387106 13.816056749970985 25.041001665832674 10.82940467436212 51.05956000815208 89.817357900729 10.44788284122814 43.17084004703654 92.10404565233267 73.92690122660015 2.75021965426272 42.354050231104715 28.03652817659763 10.165180872895663 63.49888408468347 50.13310370747418 13.404597350151914 1.9982368274053974 7.745599758959898 98.866366294353 11.31215638256078 68.05340448017967 12.469676265847118 20.991752548062536 55.5024281142304 72.54689735434565 80.1679999028467 81.78792132959684 6.787294397575005 48.580907510512986 68.30906256304256 39.231857733752676 25.9654617883877 70.40987479089138 8.00143911990161 44.32185049822838 