50
0 104 52 3 10 83 84 68 59 82 5 59 56 94 15 53 105 56 25 51 38 68 71 82 85 71 10 15 16 9 26 82 47 76 37 3 60 72 56 96 78 27 55 85 28 2 79 39 71 62 
104 0 69 107 111 54 29 59 52 70 109 47 48 20 117 86 7 86 105 99 89 60 37 56 47 35 97 92 119 97 88 31 78 58 74 107 45 33 71 9 72 78 61 37 78 106 56 86 86 72 
52 69 0 55 55 78 64 67 18 31 57 43 38 69 60 75 67 19 40 30 21 16 50 31 35 35 51 36 66 43 26 39 64 24 49 54 29 47 6 62 85 30 8 70 42 54 76 63 28 12 
3 107 55 0 9 85 87 69 62 85 2 62 59 97 13 54 108 58 27 53 41 71 73 85 88 74 12 18 13 12 29 86 48 79 39 1 63 75 59 98 79 30 58 88 30 1 81 40 73 65 
10 111 55 9 0 92 93 77 64 83 9 68 65 102 6 63 112 55 21 48 38 71 79 85 89 78 20 20 13 14 28 88 57 79 47 8 67 80 58 103 88 34 59 94 37 9 89 49 70 64 
83 54 78 85 92 0 25 15 63 98 85 35 40 34 97 41 60 96 97 105 89 81 30 86 81 51 73 77 94 80 81 63 39 84 45 85 51 36 83 47 19 65 72 17 56 84 4 49 104 88 
84 29 64 87 93 25 0 29 46 77 88 25 29 11 99 57 35 82 92 93 79 62 14 65 58 31 76 75 98 79 74 40 51 63 49 87 35 17 68 22 43 61 56 9 57 86 27 59 87 71 
68 59 67 69 77 15 29 0 54 90 70 26 30 40 82 29 64 85 82 92 76 73 26 81 76 47 58 63 79 65 67 60 24 77 30 70 43 33 73 51 18 51 62 24 41 68 11 34 95 78 
59 52 18 62 64 63 46 54 0 36 64 29 24 51 70 68 50 36 54 48 37 19 34 29 28 18 55 44 74 50 37 24 57 24 44 61 12 30 22 45 73 33 10 53 41 61 62 59 42 25 
82 70 31 85 83 98 77 90 36 0 87 65 61 78 88 103 65 31 66 44 46 18 67 13 22 47 82 67 96 73 56 39 92 14 78 84 47 62 26 66 109 61 31 86 73 84 97 93 20 20 
5 109 57 2 9 85 88 70 64 87 0 63 61 98 12 54 110 60 28 55 43 73 75 87 90 76 13 20 11 14 31 87 49 81 40 3 65 77 61 100 80 32 60 89 32 3 82 40 75 67 
59 47 43 62 68 35 25 26 29 65 63 0 5 35 73 44 49 62 66 71 56 47 11 55 51 23 51 49 74 54 49 37 35 51 27 62 18 14 48 38 44 35 37 29 32 61 33 40 70 53 
56 48 38 59 65 40 29 30 24 61 61 5 0 38 70 46 50 57 62 66 51 43 15 51 48 21 49 46 71 50 45 35 36 47 27 59 14 16 44 40 48 32 33 33 30 58 38 41 65 48 
94 20 69 97 102 34 11 40 51 78 98 35 38 0 108 68 26 87 100 99 86 65 23 65 57 34 86 84 108 88 82 38 62 64 60 97 41 23 72 15 52 70 61 18 67 96 36 70 90 74 
15 117 60 13 6 97 99 82 70 88 12 73 70 108 0 66 118 59 24 51 43 76 85 90 94 84 24 26 11 20 34 94 61 84 52 12 73 86 63 109 92 39 65 100 42 14 94 53 74 68 
53 86 75 54 63 41 57 29 68 103 54 44 46 68 66 0 90 90 74 92 76 85 51 96 94 67 43 55 60 54 64 81 11 91 26 55 59 56 81 78 28 49 72 53 35 53 37 14 102 87 
105 7 67 108 112 60 35 64 50 65 110 49 50 26 118 90 0 83 104 96 87 57 40 51 42 34 98 92 120 97 87 28 82 53 76 108 45 35 68 13 78 78 59 43 80 107 62 89 81 68 
56 86 19 58 55 96 82 85 36 31 60 62 57 87 59 90 83 0 36 14 17 26 69 38 45 53 58 42 68 47 30 55 79 32 64 57 47 66 15 80 103 41 26 89 55 57 95 77 15 15 
25 105 40 27 21 97 92 82 54 66 28 66 62 100 24 74 104 36 0 28 21 56 77 70 75 71 32 20 34 20 18 78 66 64 53 25 60 77 42 97 96 32 47 95 42 26 93 60 51 47 
51 99 30 53 48 105 93 92 48 44 55 71 66 99 51 92 96 14 28 0 16 40 79 52 59 66 56 40 61 44 29 68 83 46 68 52 58 77 28 92 109 44 38 99 58 53 102 79 25 29 
38 89 21 41 38 89 79 76 37 46 43 56 51 86 43 76 87 17 21 16 0 36 65 49 55 54 41 25 51 30 13 60 66 43 51 40 45 63 22 81 93 27 28 84 41 40 87 63 32 26 
68 60 16 71 71 81 62 73 19 18 73 47 43 65 76 85 57 26 56 40 36 0 51 14 20 31 66 52 83 59 42 29 74 8 61 70 30 46 14 55 91 44 14 70 55 70 80 76 26 12 
71 37 50 73 79 30 14 26 34 67 75 11 15 23 85 51 40 69 77 79 65 51 0 56 51 21 62 61 85 65 60 34 42 54 38 73 22 6 55 28 44 47 43 20 43 72 30 49 75 59 
82 56 31 85 85 86 65 81 29 13 87 55 51 65 90 96 51 38 70 52 49 14 56 0 9 35 80 67 97 73 57 26 85 6 72 84 38 50 28 53 99 58 27 74 68 84 86 88 31 24 
85 47 35 88 89 81 58 76 28 22 90 51 48 57 94 94 42 45 75 59 55 20 51 9 0 30 82 70 100 76 61 18 83 13 71 87 35 45 33 45 94 60 30 67 69 87 81 87 40 30 
71 35 35 74 78 51 31 47 18 47 76 23 21 34 84 67 34 53 71 66 54 31 21 35 30 0 65 58 87 64 53 14 57 33 47 74 11 16 39 27 65 45 28 39 48 73 51 62 57 41 
10 97 51 12 20 73 76 58 55 82 13 51 49 86 24 43 98 58 32 56 41 66 62 80 82 65 0 16 23 12 28 77 37 74 28 12 54 65 56 88 68 22 53 76 19 11 69 29 73 62 
15 92 36 18 20 77 75 63 44 67 20 49 46 84 26 55 92 42 20 40 25 52 61 67 70 58 16 0 30 6 12 68 47 61 33 18 47 61 41 84 76 14 40 77 22 17 74 41 57 47 
16 119 66 13 13 94 98 79 74 96 11 74 71 108 11 60 120 68 34 61 51 83 85 97 100 87 23 30 0 24 41 98 56 91 50 13 76 87 70 111 87 42 71 99 42 14 90 47 83 76 
9 97 43 12 14 80 79 65 50 73 14 54 50 88 20 54 97 47 20 44 30 59 65 73 76 64 12 6 24 0 17 74 47 67 35 11 53 66 47 89 77 19 46 81 24 11 76 40 62 53 
26 88 26 29 28 81 74 67 37 56 31 49 45 82 34 64 87 30 18 29 13 42 60 57 61 53 28 12 41 17 0 62 54 50 40 28 43 59 30 80 82 16 31 78 29 28 78 50 45 36 
82 31 39 86 88 63 40 60 24 39 87 37 35 38 94 81 28 55 78 68 60 29 34 26 18 14 77 68 98 74 62 0 71 27 61 85 24 28 40 27 78 56 32 49 61 84 63 76 54 40 
47 78 64 48 57 39 51 24 57 92 49 35 36 62 61 11 82 79 66 83 66 74 42 85 83 57 37 47 56 47 54 71 0 80 15 49 49 47 70 70 31 39 61 48 25 47 35 10 91 76 
76 58 24 79 79 84 63 77 24 14 81 51 47 64 84 91 53 32 64 46 43 8 54 6 13 33 74 61 91 67 50 27 80 0 67 78 34 48 21 53 95 52 21 72 63 78 83 82 28 18 
37 74 49 39 47 45 49 30 44 78 40 27 27 60 52 26 76 64 53 68 51 61 38 72 71 47 28 33 50 35 40 61 15 67 0 40 38 41 55 65 43 24 47 49 11 38 42 15 76 61 
3 107 54 1 8 85 87 70 61 84 3 62 59 97 12 55 108 57 25 52 40 70 73 84 87 74 12 18 13 11 28 85 49 78 40 0 63 75 58 98 80 29 58 88 30 1 81 41 72 64 
60 45 29 63 67 51 35 43 12 47 65 18 14 41 73 59 45 47 60 58 45 30 22 38 35 11 54 47 76 53 43 24 49 34 38 63 0 19 33 37 62 34 21 42 37 62 50 53 53 37 
72 33 47 75 80 36 17 33 30 62 77 14 16 23 86 56 35 66 77 77 63 46 6 50 45 16 65 61 87 66 59 28 47 48 41 75 19 0 51 24 50 47 40 24 46 74 36 54 71 55 
56 71 6 59 58 83 68 73 22 26 61 48 44 72 63 81 68 15 42 28 22 14 55 28 33 39 56 41 70 47 30 40 70 21 55 58 33 51 0 65 91 35 12 75 48 58 81 69 22 6 
96 9 62 98 103 47 22 51 45 66 100 38 40 15 109 78 13 80 97 92 81 55 28 53 45 27 88 84 111 89 80 27 70 53 65 98 37 24 65 0 65 70 54 31 70 97 49 77 81 66 
78 72 85 79 88 19 43 18 73 109 80 44 48 52 92 28 78 103 96 109 93 91 44 99 94 65 68 76 87 77 82 78 31 95 43 80 62 50 91 65 0 66 80 35 54 78 16 40 112 96 
27 78 30 30 34 65 61 51 33 61 32 35 32 70 39 49 78 41 32 44 27 44 47 58 60 45 22 14 42 19 16 56 39 52 24 29 34 47 35 70 66 0 31 64 14 28 62 36 55 42 
55 61 8 58 59 72 56 62 10 31 60 37 33 61 65 72 59 26 47 38 28 14 43 27 30 28 53 40 71 46 31 32 61 21 47 58 21 40 12 54 80 31 0 63 42 57 70 62 33 16 
85 37 70 88 94 17 9 24 53 86 89 29 33 18 100 53 43 89 95 99 84 70 20 74 67 39 76 77 99 81 78 49 48 72 49 88 42 24 75 31 35 64 63 0 57 87 19 57 95 78 
28 78 42 30 37 56 57 41 41 73 32 32 30 67 42 35 80 55 42 58 41 55 43 68 69 48 19 22 42 24 29 61 25 63 11 30 37 46 48 70 54 14 42 57 0 29 52 22 68 54 
2 106 54 1 9 84 86 68 61 84 3 61 58 96 14 53 107 57 26 53 40 70 72 84 87 73 11 17 14 11 28 84 47 78 38 1 62 74 58 97 78 28 57 87 29 0 80 39 72 64 
79 56 76 81 89 4 27 11 62 97 82 33 38 36 94 37 62 95 93 102 87 80 30 86 81 51 69 74 90 76 78 63 35 83 42 81 50 36 81 49 16 62 70 19 52 80 0 45 103 86 
39 86 63 40 49 49 59 34 59 93 40 40 41 70 53 14 89 77 60 79 63 76 49 88 87 62 29 41 47 40 50 76 10 82 15 41 53 54 69 77 40 36 62 57 22 39 45 0 90 76 
71 86 28 73 70 104 87 95 42 20 75 70 65 90 74 102 81 15 51 25 32 26 75 31 40 57 73 57 83 62 45 54 91 28 76 72 53 71 22 81 112 55 33 95 68 72 103 90 0 17 
62 72 12 65 64 88 71 78 25 20 67 53 48 74 68 87 68 15 47 29 26 12 59 24 30 41 62 47 76 53 36 40 76 18 61 64 37 55 6 66 96 42 16 78 54 64 86 76 17 0 
0 1000
3553 3702
5196 6008
4100 4471
5099 5926
2282 2445
4637 4749
554 1266
3773 3846
4349 5286
193 779
4875 5432
3264 3757
1968 2565
2153 2254
5320 5367
2977 3649
3639 4120
3419 3826
4996 5078
3732 3913
651 1368
4188 4645
357 360
2618 3473
3882 4608
1545 2302
2733 2835
1210 1284
888 1204
109 912
3946 4026
47 769
454 479
782 1286
1836 2279
2931 3860
2376 2877
1127 1364
1663 2490
2445 2505
2829 3243
4455 4851
4601 5101
998 1032
1520 2177
5448 5456
3142 4089
1352 2349
4751 5495
83.61788797456431 2.193755839204592 69.52845610694814 85.15921773341756 93.31806464915773 1.6846359679652978 7.295602036147364 16.470018771941298 51.581147974199084 70.09781127470613 85.61988136388278 31.768087253984277 36.112389137070544 1.054839849802447 97.93593147482453 32.79723359466992 6.256882395010077 87.35407620380798 97.78203245517437 99.5878935565011 86.65802408975956 62.668782055561046 21.64657781819823 56.953201780510135 47.98251031864772 34.13002792524588 73.55455222291539 79.02148313658365 92.82022601496412 81.42099207945624 80.8785263810326 33.60221176611533 36.95455055792938 59.40389448103374 46.68110071205467 85.65505196068156 41.69045440281405 23.45171586306748 72.49479448097019 7.784571808490471 5.918130412264033 66.1590790783022 61.642828036811025 2.8628745392627164 57.19975073385575 84.17373943268551 5.0622251950681925 45.79058256234203 87.5341741108373 73.73707833611734 
18.65260296757927 83.36450807947881 68.21094761211535 15.958893258643647 19.15881745546416 29.80127082597841 54.475967302893345 26.489033416243757 67.992566067076 99.307139076202 13.877918575972114 47.33436583188484 49.204809895794355 63.77601584675896 15.79975386413972 3.1199869211714693 89.40160000764116 74.14463508132071 39.32538256994602 67.03364096290454 56.804846539965524 82.98586697546908 52.47310795882753 96.26579422912287 95.8416476325034 69.78534745193672 17.813687452763073 33.13647908229535 5.999760242503038 27.316416076962156 44.744333411829565 84.20628806155271 13.211159790760107 90.41467281516472 24.53439592290113 16.917745210627444 61.81568941536586 58.47975831125905 73.39463628736101 76.74471668470592 11.659355682168771 38.80572796235878 69.34302453664142 46.30313750960601 27.81850808115459 16.74643385527673 27.646633911175034 9.345910429526349 89.04380005264782 79.73913928368167 