50
0 19 41 69 41 37 30 49 47 38 16 35 42 21 10 41 38 44 49 29 39 41 47 46 37 59 8 14 43 38 48 56 35 43 50 63 43 39 15 44 64 33 25 37 48 39 36 38 48 67 
19 0 26 58 38 41 13 34 31 57 17 54 57 31 25 38 54 36 31 14 28 53 41 41 21 45 10 32 60 39 42 53 37 49 69 78 27 42 8 44 50 33 11 22 29 22 47 46 38 80 
41 26 0 35 59 66 26 43 5 77 29 76 82 56 43 29 79 53 12 12 44 61 28 60 4 51 34 51 76 37 61 39 36 74 87 88 34 66 34 66 58 32 32 34 20 9 55 71 53 88 
69 58 35 0 94 100 61 76 31 98 53 101 111 88 66 33 107 88 40 45 79 69 27 95 39 83 64 75 92 43 96 27 44 108 104 95 68 100 67 101 90 43 67 69 50 43 65 104 88 92 
41 38 59 94 0 17 33 28 63 67 52 59 50 27 52 76 49 12 58 50 17 82 79 7 55 34 39 53 79 76 8 91 73 23 82 102 32 14 31 8 33 70 27 27 50 51 77 24 15 107 
37 41 66 100 17 0 42 44 71 54 51 44 34 17 47 77 33 28 68 55 31 75 81 23 62 50 38 45 67 74 24 92 72 8 69 92 45 4 33 12 50 69 34 39 61 60 71 7 32 97 
30 13 26 61 33 42 0 21 30 68 29 64 65 36 38 47 62 27 26 19 18 66 49 34 23 32 22 44 73 50 35 61 48 50 81 91 14 41 16 40 38 44 8 10 20 18 60 48 28 94 
49 34 43 76 28 44 21 0 45 84 50 78 74 47 58 68 72 17 36 39 13 87 69 24 41 11 42 63 91 72 25 81 70 51 98 112 9 41 34 37 16 65 24 12 26 34 81 51 14 114 
47 31 5 31 63 71 30 45 0 82 34 81 88 62 48 31 84 56 11 17 48 65 29 63 10 53 39 56 81 40 65 39 39 79 92 92 37 71 39 71 60 35 37 38 20 12 59 76 57 91 
38 57 77 98 67 54 68 84 82 0 49 11 28 40 34 65 26 75 86 66 72 38 72 74 73 94 46 26 17 57 75 78 55 55 15 41 80 57 52 65 97 56 61 74 86 77 38 49 79 49 
16 17 29 53 52 51 29 50 34 49 0 49 57 36 14 26 54 51 39 18 44 37 31 55 25 61 14 23 48 24 57 41 22 58 58 63 43 52 21 56 67 18 28 39 41 30 31 54 54 65 
35 54 76 101 59 44 64 78 81 11 49 0 18 32 35 69 16 67 84 64 66 46 75 65 72 87 43 26 27 61 67 82 59 44 25 52 74 48 48 56 90 59 56 68 83 75 45 39 71 59 
42 57 82 111 50 34 65 74 88 28 57 18 0 28 45 81 3 61 88 70 61 63 87 57 78 82 48 38 45 74 58 95 72 31 41 69 73 37 50 45 83 71 56 66 85 79 61 27 65 77 
21 31 56 88 27 17 36 47 62 40 36 32 28 0 30 62 26 35 61 45 34 58 67 34 52 56 24 28 52 58 35 77 56 23 55 75 45 20 23 27 58 53 28 38 56 52 54 17 39 81 
10 25 43 66 52 47 38 58 48 34 14 35 45 30 0 36 42 55 53 32 49 31 41 57 39 69 16 9 35 30 59 50 27 52 44 54 52 49 24 54 73 26 34 46 53 43 25 47 58 57 
41 38 29 33 76 77 47 68 31 65 26 69 81 62 36 0 77 73 42 29 65 37 6 79 29 78 39 43 58 10 80 15 11 84 71 64 59 78 45 81 84 10 49 57 49 37 32 79 75 62 
38 54 79 107 49 33 62 72 84 26 54 16 3 26 42 77 0 59 85 67 59 60 83 55 75 80 45 35 43 71 56 91 69 31 40 68 70 36 47 44 81 67 53 64 82 76 58 26 63 75 
44 36 53 88 12 28 27 17 56 75 51 67 61 35 55 73 59 0 49 46 9 85 76 8 50 22 39 57 85 75 9 87 73 35 90 107 22 25 31 20 23 68 24 18 40 44 80 36 4 111 
49 31 12 40 58 68 26 36 11 86 39 84 88 61 53 42 85 49 0 21 41 73 40 57 14 43 41 61 87 49 58 50 48 76 97 100 28 67 38 65 50 44 34 31 10 10 67 73 49 100 
29 14 12 45 50 55 19 39 17 66 18 64 70 45 32 29 67 46 21 0 37 54 30 52 8 49 22 40 66 33 53 42 32 63 76 81 30 55 22 57 55 27 23 29 23 12 47 60 47 81 
39 28 44 79 17 31 18 13 48 72 44 66 61 34 49 65 59 9 41 37 0 79 67 16 41 22 33 53 81 67 17 79 65 39 86 102 14 29 25 26 25 61 16 10 32 35 73 38 10 105 
41 53 61 69 82 75 66 87 65 38 37 46 63 58 31 37 60 85 73 54 79 0 43 88 58 98 46 31 25 27 89 44 27 80 38 28 80 78 55 84 103 30 63 75 77 65 6 74 88 28 
47 41 28 27 79 81 49 69 29 72 31 75 87 67 41 6 83 76 40 30 67 43 0 82 29 79 44 49 65 16 83 12 17 89 77 70 60 82 49 85 85 16 52 59 48 37 38 84 77 67 
46 41 60 95 7 23 34 24 63 74 55 65 57 34 57 79 55 8 57 52 16 88 82 0 56 28 43 58 85 79 2 93 77 29 88 108 29 20 35 13 27 73 29 26 48 51 82 30 10 113 
37 21 4 39 55 62 23 41 10 73 25 72 78 52 39 29 75 50 14 8 41 58 29 56 0 50 30 47 73 36 58 40 34 70 83 86 32 62 29 62 56 30 28 32 20 8 52 67 50 86 
59 45 51 83 34 50 32 11 53 94 61 87 82 56 69 78 80 22 43 49 22 98 79 28 50 0 52 73 102 82 28 90 80 57 108 122 19 47 44 41 7 76 35 23 33 42 92 58 18 125 
8 10 34 64 39 38 22 42 39 46 14 43 48 24 16 39 45 39 41 22 33 46 44 43 30 52 0 22 51 37 44 54 35 45 59 70 35 39 8 43 57 32 17 30 40 31 40 40 42 73 
14 32 51 75 53 45 44 63 56 26 23 26 38 28 9 43 35 57 61 40 53 31 49 58 47 73 22 0 29 36 60 57 34 50 37 50 57 48 29 54 77 33 39 51 61 51 26 44 61 54 
43 60 76 92 79 67 73 91 81 17 48 27 45 52 35 58 43 85 87 66 81 25 65 85 73 102 51 29 0 49 87 68 47 70 13 25 86 71 58 78 106 49 67 80 88 78 27 64 89 32 
38 39 37 43 76 74 50 72 40 57 24 61 74 58 30 10 71 75 49 33 67 27 16 79 36 82 37 36 49 0 81 21 2 81 61 54 63 76 44 80 88 6 51 60 55 43 22 76 77 52 
48 42 61 96 8 24 35 25 65 75 57 67 58 35 59 80 56 9 58 53 17 89 83 2 58 28 44 60 87 81 0 95 79 29 90 110 30 21 37 14 27 75 31 27 49 53 84 31 11 114 
56 53 39 27 91 92 61 81 39 78 41 82 95 77 50 15 91 87 50 42 79 44 12 93 40 90 54 57 68 21 95 0 23 99 81 69 72 93 60 96 96 24 64 71 59 48 41 94 89 65 
35 37 36 44 73 72 48 70 39 55 22 59 72 56 27 11 69 73 48 32 65 27 17 77 34 80 35 34 47 2 79 23 0 79 60 54 61 73 42 78 86 4 48 58 54 42 21 73 75 53 
43 49 74 108 23 8 50 51 79 55 58 44 31 23 52 84 31 35 76 63 39 80 89 29 70 57 45 50 70 81 29 99 79 0 69 94 53 10 41 16 56 76 42 47 69 68 76 6 38 100 
50 69 87 104 82 69 81 98 92 15 58 25 41 55 44 71 40 90 97 76 86 38 77 88 83 108 59 37 13 61 90 81 60 69 0 30 93 72 65 80 111 62 74 87 98 88 40 64 93 39 
63 78 88 95 102 92 91 112 92 41 63 52 69 75 54 64 68 107 100 81 102 28 70 108 86 122 70 50 25 54 110 69 54 94 30 0 105 95 78 102 127 58 87 100 104 92 34 89 111 9 
43 27 34 68 32 45 14 9 37 80 43 74 73 45 52 59 70 22 28 30 14 80 60 29 32 19 35 57 86 63 30 72 61 53 93 105 0 43 28 40 25 57 19 7 19 25 74 52 21 107 
39 42 66 100 14 4 41 41 71 57 52 48 37 20 49 78 36 25 67 55 29 78 82 20 62 47 39 48 71 76 21 93 73 10 72 95 43 0 34 8 47 70 33 37 60 59 73 11 29 100 
15 8 34 67 31 33 16 34 39 52 21 48 50 23 24 45 47 31 38 22 25 55 49 35 29 44 8 29 58 44 37 60 42 41 65 78 28 34 0 36 49 38 9 22 35 29 49 37 34 81 
44 44 66 101 8 12 40 37 71 65 56 56 45 27 54 81 44 20 65 57 26 84 85 13 62 41 43 54 78 80 14 96 78 16 80 102 40 8 36 0 40 74 34 35 58 59 79 18 23 107 
64 50 58 90 33 50 38 16 60 97 67 90 83 58 73 84 81 23 50 55 25 103 85 27 56 7 57 77 106 88 27 96 86 56 111 127 25 47 49 40 0 82 40 28 40 49 97 58 19 130 
33 33 32 43 70 69 44 65 35 56 18 59 71 53 26 10 67 68 44 27 61 30 16 73 30 76 32 33 49 6 75 24 4 76 62 58 57 70 38 74 82 0 44 54 50 37 24 71 71 57 
25 11 32 67 27 34 8 24 37 61 28 56 56 28 34 49 53 24 34 23 16 63 52 29 28 35 17 39 67 51 31 64 48 42 74 87 19 33 9 34 40 44 0 13 28 26 57 40 26 90 
37 22 34 69 27 39 10 12 38 74 39 68 66 38 46 57 64 18 31 29 10 75 59 26 32 23 30 51 80 60 27 71 58 47 87 100 7 37 22 35 28 54 13 0 23 26 69 46 19 102 
48 29 20 50 50 61 20 26 20 86 41 83 85 56 53 49 82 40 10 23 32 77 48 48 20 33 40 61 88 55 49 59 54 69 98 104 19 60 35 58 40 50 28 23 0 12 71 67 40 105 
39 22 9 43 51 60 18 34 12 77 30 75 79 52 43 37 76 44 10 12 35 65 37 51 8 42 31 51 78 43 53 48 42 68 88 92 25 59 29 59 49 37 26 26 12 0 59 65 44 93 
36 47 55 65 77 71 60 81 59 38 31 45 61 54 25 32 58 80 67 47 73 6 38 82 52 92 40 26 27 22 84 41 21 76 40 34 74 73 49 79 97 24 57 69 71 59 0 70 83 34 
38 46 71 104 24 7 48 51 76 49 54 39 27 17 47 79 26 36 73 60 38 74 84 30 67 58 40 44 64 76 31 94 73 6 64 89 52 11 37 18 58 71 40 46 67 65 70 0 39 95 
48 38 53 88 15 32 28 14 57 79 54 71 65 39 58 75 63 4 49 47 10 88 77 10 50 18 42 61 89 77 11 89 75 38 93 111 21 29 34 23 19 71 26 19 40 44 83 39 0 114 
67 80 88 92 107 97 94 114 91 49 65 59 77 81 57 62 75 111 100 81 105 28 67 113 86 125 73 54 32 52 114 65 53 100 39 9 107 100 81 107 130 57 90 102 105 93 34 95 114 0 
0 1000
1751 2207
1665 1732
1194 1612
1894 2208
2634 3021
2200 2867
3121 3430
180 396
1982 2368
545 1422
1516 2349
3723 4078
970 1375
2758 3518
3024 3782
740 999
630 869
3457 3681
2369 2400
3178 3612
1585 1859
2123 2884
850 877
2457 3434
2251 3103
584 1378
1717 2105
1028 1344
2943 3238
3291 3480
4325 5020
3604 3614
3833 4340
1436 1828
341 638
93 891
3247 4150
3338 4229
4219 5148
3955 4476
445 711
2794 3418
1850 2106
495 1466
4439 5291
4110 5060
2590 3124
889 905
1333 1938
54.487354359696894 55.38250196743739 38.68896814462204 5.613122912289736 93.09772589681786 91.40815013789772 63.260444545930916 81.34136730470568 36.21830449675182 51.46507190456583 41.52892296111976 61.685833633034115 79.41789545048246 74.69411917681015 44.95853061792794 17.25236270764906 77.02466826297471 90.15023964616273 45.96824022699797 44.583869587346605 81.44893042258228 17.967673470402612 14.380792346292882 95.84223007775337 41.24914474475084 89.00492655670533 55.11702742345148 47.8479364391585 34.43283267050579 17.72937880468217 97.49311733841415 2.808085672313887 20.125284811302045 97.20371139708995 41.40819200094072 11.20476727986376 72.56074560736151 93.31032024567301 61.78257421846012 97.63718577285955 95.79870261339664 23.57994384933435 66.54410778882641 72.7211592017584 55.905744235111555 47.789902798063444 21.645593628770698 91.69243535221948 91.36844550804429 2.925749075912454 
49.647749523391674 31.01327780426677 11.612642529603212 0.4718731602481707 34.754348938137284 51.449431953296646 20.579895229505585 8.989725133069204 6.864586922463955 87.5979405252616 40.018592155298194 84.23256371714906 83.02418112169303 55.13309168240882 54.043618406910575 31.819225361585467 80.60532195134581 23.26347689907 1.510388166967025 22.147299341072156 21.724061105903893 68.78274207645494 25.98876649708892 28.63570183682841 15.191850813176245 1.331779539429434 41.41316648080391 62.07483413063501 87.4894682586658 41.87644303675706 28.002132563824045 27.173776190423794 42.258247608167906 57.46029042272951 98.33641322993704 95.7062606487791 10.552964153785016 48.29998141793035 36.35819061201722 41.681625359617044 1.3887832431156322 39.37615425737425 28.2621480644649 17.151181002201067 1.8566265916987956 10.87695464824151 63.675312213426224 58.78926648639899 19.461751488548316 92.0678750414888 