50
0 85 7 26 19 49 24 27 31 68 83 43 86 93 87 21 50 94 93 38 75 92 80 89 76 63 117 79 87 89 107 83 4 78 62 98 94 35 91 29 57 71 97 51 9 116 78 90 108 65 
85 0 83 80 72 37 86 58 81 36 32 42 84 72 85 85 34 100 18 48 22 12 30 97 15 45 65 12 113 73 90 12 83 64 27 114 97 50 84 58 91 72 72 36 76 77 96 114 55 60 
7 83 0 19 13 47 17 28 24 63 79 41 79 87 80 14 49 87 91 36 72 90 77 82 76 59 112 76 80 82 101 81 3 72 62 90 87 33 84 26 50 64 91 48 12 111 71 83 103 59 
26 80 19 0 14 44 6 35 5 53 69 39 61 70 62 7 47 68 84 34 64 84 67 63 76 47 98 71 62 65 83 75 22 56 64 72 68 33 66 25 31 46 74 44 27 95 52 65 90 44 
19 72 13 14 0 35 17 21 18 50 66 29 68 75 70 15 37 78 78 24 59 77 63 73 65 45 99 64 74 70 89 68 15 60 52 83 78 22 73 14 43 53 79 36 15 98 63 77 90 47 
49 37 47 44 35 0 49 26 45 23 36 6 66 62 67 48 6 80 44 11 26 43 33 76 33 25 75 29 86 60 80 34 47 48 24 91 78 14 68 21 59 49 65 2 41 79 70 88 64 38 
24 86 17 6 17 49 0 38 9 59 75 44 64 75 65 3 52 71 90 38 70 90 73 66 81 52 104 77 63 70 87 81 20 61 68 74 71 38 70 30 33 51 79 49 27 100 54 66 96 49 
27 58 28 35 21 26 38 0 39 48 62 20 81 82 82 36 25 93 69 17 51 66 59 88 48 47 100 53 93 79 99 58 27 67 34 100 92 13 84 13 62 64 86 28 18 102 79 96 89 55 
31 81 24 5 18 45 9 39 0 53 68 41 56 66 57 11 49 63 84 36 64 85 66 58 78 45 96 72 57 61 78 75 27 52 66 67 63 36 61 29 26 42 71 45 32 91 47 60 88 41 
68 36 63 53 50 23 59 48 53 0 16 28 50 41 51 60 27 65 33 31 14 35 13 62 41 9 52 24 77 40 59 26 64 30 40 78 62 35 50 39 57 36 43 21 61 56 60 79 42 24 
83 32 79 69 66 36 75 62 68 16 0 42 55 41 55 75 39 70 21 45 13 26 3 68 42 23 39 21 86 42 58 19 80 34 46 85 66 50 54 55 69 44 41 34 76 47 68 87 29 34 
43 42 41 39 29 6 44 20 41 28 42 0 67 66 68 43 8 81 50 6 32 49 39 77 37 29 80 35 86 63 83 40 41 51 26 91 79 8 70 15 58 51 68 8 35 83 70 88 70 40 
86 84 79 61 68 66 64 81 56 50 55 67 0 20 1 67 71 15 76 66 62 80 55 14 91 42 56 72 34 15 23 73 81 21 88 30 12 70 6 68 36 17 24 64 84 44 20 34 54 28 
93 72 87 70 75 62 75 82 66 41 41 66 20 0 20 77 67 33 61 66 51 66 42 33 81 37 36 61 54 6 18 60 89 15 81 49 29 70 16 71 52 24 4 60 89 26 39 54 34 28 
87 85 80 62 70 67 65 82 57 51 55 68 1 20 0 68 72 15 76 67 63 81 56 13 92 43 56 73 34 15 22 73 83 21 89 30 12 71 5 69 37 18 23 65 85 43 20 34 54 29 
21 85 14 7 15 48 3 36 11 60 75 43 67 77 68 0 51 74 90 37 70 90 73 69 79 53 105 76 66 72 90 81 17 63 67 77 74 36 72 28 36 53 81 48 24 102 57 69 97 51 
50 34 49 47 37 6 52 25 49 27 39 8 71 67 72 51 0 86 44 14 27 42 36 82 28 30 78 29 92 65 85 34 48 54 18 97 83 16 74 23 65 55 70 8 42 83 76 94 67 43 
94 100 87 68 78 80 71 93 63 65 70 81 15 33 15 74 86 0 91 79 78 95 70 5 106 57 67 88 24 29 27 88 90 36 102 16 4 83 17 80 39 31 36 78 94 52 18 23 67 43 
93 18 91 84 78 44 90 69 84 33 21 50 76 61 76 90 44 91 0 55 20 6 21 89 32 41 48 15 107 62 77 10 91 55 42 106 87 58 74 65 89 65 60 43 85 61 90 108 38 55 
38 48 36 34 24 11 38 17 36 31 45 6 66 66 67 37 14 79 55 0 36 54 43 75 42 30 83 40 82 62 83 45 36 51 31 88 77 4 69 10 53 49 69 12 30 85 67 85 72 39 
75 22 72 64 59 26 70 51 64 14 13 32 62 51 63 70 27 78 20 36 0 21 11 75 30 23 52 10 91 51 69 12 72 42 33 92 75 40 62 46 70 50 52 24 67 60 74 92 41 38 
92 12 90 84 77 43 90 66 85 35 26 49 80 66 81 90 42 95 6 54 21 0 25 93 27 44 55 14 111 67 82 9 90 60 38 110 92 57 79 64 91 69 65 42 83 67 93 112 44 58 
80 30 77 67 63 33 73 59 66 13 3 39 55 42 56 73 36 70 21 43 11 25 0 68 40 21 42 19 86 43 59 18 77 34 44 85 67 47 54 52 68 44 42 31 73 50 68 87 31 33 
89 97 82 63 73 76 66 88 58 62 68 77 14 33 13 69 82 5 89 75 75 93 68 0 103 54 68 85 22 28 30 86 85 34 99 17 7 78 17 75 34 27 36 74 89 54 13 21 67 39 
76 15 76 76 65 33 81 48 78 41 42 37 91 81 92 79 28 106 32 42 30 27 40 103 0 49 79 22 116 81 99 25 75 71 14 119 103 43 92 51 92 76 82 33 67 89 100 118 68 64 
63 45 59 47 45 25 52 47 45 9 23 29 42 37 43 53 30 57 41 30 23 44 21 54 49 0 54 33 68 35 55 35 60 23 45 70 55 34 44 37 48 28 40 23 57 55 51 70 45 15 
117 65 112 98 99 75 104 100 96 52 39 80 56 36 56 105 78 67 48 83 52 55 42 68 79 54 0 57 90 42 43 54 114 45 85 83 63 87 51 90 86 57 32 72 111 17 75 89 11 55 
79 12 76 71 64 29 77 53 72 24 21 35 72 61 73 76 29 88 15 40 10 14 19 85 22 33 57 0 101 61 78 5 76 52 28 102 85 43 72 51 80 59 61 28 70 67 84 102 46 48 
87 113 80 62 74 86 63 93 57 77 86 86 34 54 34 66 92 24 107 82 91 111 86 22 116 68 90 101 0 49 51 102 83 52 110 13 27 85 38 80 31 42 57 85 89 76 17 3 88 53 
89 73 82 65 70 60 70 79 61 40 42 63 15 6 15 72 65 29 62 62 51 67 43 28 81 35 42 61 49 0 20 61 84 12 80 45 25 67 12 67 46 19 10 58 85 32 34 49 39 24 
107 90 101 83 89 80 87 99 78 59 58 83 23 18 22 90 85 27 77 83 69 82 59 30 99 55 43 78 51 20 0 77 103 32 99 42 24 87 18 87 59 37 17 78 104 26 41 50 45 44 
83 12 81 75 68 34 81 58 75 26 19 40 73 60 73 81 34 88 10 45 12 9 18 86 25 35 54 5 102 61 77 0 81 52 33 103 85 48 72 55 82 61 60 33 75 65 85 104 43 49 
4 83 3 22 15 47 20 27 27 64 80 41 81 89 83 17 48 90 91 36 72 90 77 85 75 60 114 76 83 84 103 81 0 74 61 93 90 33 86 26 53 66 93 48 9 112 74 86 105 61 
78 64 72 56 60 48 61 67 52 30 34 51 21 15 21 63 54 36 55 51 42 60 34 34 71 23 45 52 52 12 32 52 74 0 69 51 33 55 21 55 42 13 19 46 74 39 35 53 40 13 
62 27 62 64 52 24 68 34 66 40 46 26 88 81 89 67 18 102 42 31 33 38 44 99 14 45 85 28 110 80 99 33 61 69 0 114 100 31 89 39 83 72 83 25 52 93 94 112 74 60 
98 114 90 72 83 91 74 100 67 78 85 91 30 49 30 77 97 16 106 88 92 110 85 17 119 70 83 102 13 45 42 103 93 51 114 0 20 91 33 87 41 43 51 89 98 68 21 10 83 55 
94 97 87 68 78 78 71 92 63 62 66 79 12 29 12 74 83 4 87 77 75 92 67 7 103 55 63 85 27 25 24 85 90 33 100 20 0 81 13 78 40 28 32 76 93 49 19 26 63 40 
35 50 33 33 22 14 38 13 36 35 50 8 70 70 71 36 16 83 58 4 40 57 47 78 43 34 87 43 85 67 87 48 33 55 31 91 81 0 73 8 55 53 73 16 27 89 70 87 77 43 
91 84 84 66 73 68 70 84 61 50 54 70 6 16 5 72 74 17 74 69 62 79 54 17 92 44 51 72 38 12 18 72 86 21 89 33 13 73 0 72 42 20 19 66 88 39 25 38 50 30 
29 58 26 25 14 21 30 13 29 39 55 15 68 71 69 28 23 80 65 10 46 64 52 75 51 37 90 51 80 67 87 55 26 55 39 87 78 8 72 0 50 51 74 22 21 91 66 83 81 43 
57 91 50 31 43 59 33 62 26 57 69 58 36 52 37 36 65 39 89 53 70 91 68 34 92 48 86 80 31 46 59 82 53 42 83 41 40 55 42 50 0 29 56 59 58 78 22 34 81 35 
71 72 64 46 53 49 51 64 42 36 44 51 17 24 18 53 55 31 65 49 50 69 44 27 76 28 57 59 42 19 37 61 66 13 72 43 28 53 20 51 29 0 29 48 68 50 24 43 52 12 
97 72 91 74 79 65 79 86 71 43 41 68 24 4 23 81 70 36 60 69 52 65 42 36 82 40 32 61 57 10 17 60 93 19 83 51 32 73 19 74 56 29 0 62 93 21 43 57 31 32 
51 36 48 44 36 2 49 28 45 21 34 8 64 60 65 48 8 78 43 12 24 42 31 74 33 23 72 28 85 58 78 33 48 46 25 89 76 16 66 22 59 48 62 0 43 76 69 87 62 36 
9 76 12 27 15 41 27 18 32 61 76 35 84 89 85 24 42 94 85 30 67 83 73 89 67 57 111 70 89 85 104 75 9 74 52 98 93 27 88 21 58 68 93 43 0 111 78 92 102 61 
116 77 111 95 98 79 100 102 91 56 47 83 44 26 43 102 83 52 61 85 60 67 50 54 89 55 17 67 76 32 26 65 112 39 93 68 49 89 39 91 78 50 21 76 111 0 63 75 24 51 
78 96 71 52 63 70 54 79 47 60 68 70 20 39 20 57 76 18 90 67 74 93 68 13 100 51 75 84 17 34 41 85 74 35 94 21 19 70 25 66 22 24 43 69 78 63 0 19 73 36 
90 114 83 65 77 88 66 96 60 79 87 88 34 54 34 69 94 23 108 85 92 112 87 21 118 70 89 102 3 49 50 104 86 53 112 10 26 87 38 83 34 43 57 87 92 75 19 0 88 55 
108 55 103 90 90 64 96 89 88 42 29 70 54 34 54 97 67 67 38 72 41 44 31 67 68 45 11 46 88 39 45 43 105 40 74 83 63 77 50 81 81 52 31 62 102 24 73 88 0 48 
65 60 59 44 47 38 49 55 41 24 34 40 28 28 29 51 43 43 55 39 38 58 33 39 64 15 55 48 53 24 44 49 61 13 60 55 40 43 30 43 35 12 32 36 61 51 36 55 48 0 
0 1000
3646 4390
2656 2804
5167 5580
2196 3170
3558 4056
255 492
761 1191
4510 5333
3339 3569
2777 3074
5439 6375
4083 4567
4770 5237
1265 1895
3129 3390
1752 2610
4581 5067
1406 1492
863 927
113 950
512 1411
3906 4659
659 1001
1137 1949
4841 5158
4383 5051
3663 4435
2381 3225
4257 4568
4988 5696
1504 1708
3056 3099
4657 5259
2913 3840
5255 5649
3452 3972
2541 3488
976 1629
1600 1602
2094 2820
2312 2973
1904 2821
3254 3683
1707 1888
4154 4904
3765 4766
394 848
1963 2431
3971 4780
0.540070906982193 17.117824225562973 7.855596689623134 26.419036678977893 15.23973502661553 18.321553487328167 24.87201516085046 0.7199348566845787 31.713008332134084 39.622860417329576 45.79267488432974 15.392388788815193 81.52095814182306 80.4837888495006 82.62626374006877 21.52321032363207 13.066337419530571 93.15375095616334 34.09581351724954 16.022552046957628 32.771072854094804 27.8548990104044 43.41723079568441 88.3374818259648 3.8281061596662447 43.3176781126529 82.30445204253527 25.77746250459738 87.81766182740189 77.93106152457325 98.11305865070399 28.713782169188683 4.846366467609764 66.33011426862544 0.36787034036919186 98.25746916182786 92.08373278181689 12.03094700426578 84.84962197380501 13.664754528258538 57.569416931947615 64.78903175238796 82.55543311606945 20.349470184408446 0.06989634510415899 93.0228316652488 77.93674242421496 90.91690368056886 71.69486956668337 54.80063719086047 
10.631697525241746 93.58965874321146 10.819094748573853 13.92002803824971 22.085189687447794 56.72741950733163 8.429139466989898 37.92278096687102 13.730957533412013 65.74986632458126 80.1612335464177 51.256484928549526 38.93015000459891 58.87111688980241 39.210913472461684 8.89073430588807 59.41554093698724 28.79227931765658 97.90116091252234 45.77488042044395 77.99598578033724 98.3983293120492 78.68646956019155 27.241553438597087 86.27592381864697 57.46805428756934 94.93302222253176 85.02053243653104 5.545088158793066 53.59341341359759 55.440319128500825 89.09006692492834 11.667852661513244 52.90685829234781 72.27962445651185 13.718273910694679 32.6086274544037 43.83070932718675 43.560581835972634 35.99115480739887 12.140150381153415 40.17027372306852 62.69507085845678 57.37223412482814 19.809167981566222 81.25305380185917 19.69917757157731 6.215096954436305 92.09641096040802 47.2628795672142 