50
0 23 46 55 63 47 44 14 30 46 31 61 54 26 51 54 25 31 72 35 21 44 30 53 31 56 38 26 48 48 38 27 42 46 54 4 24 60 14 20 47 34 58 41 54 8 62 36 30 53 
23 0 41 78 76 55 25 37 31 65 22 84 65 47 30 71 15 9 94 21 43 50 25 74 28 78 54 6 71 26 17 11 65 65 55 20 25 83 26 36 49 54 81 56 75 15 78 59 44 67 
46 41 0 89 109 29 62 54 70 91 63 89 38 71 63 100 26 47 95 62 54 88 66 70 15 74 42 46 75 55 34 52 70 56 18 47 63 86 34 36 14 52 88 87 70 43 108 69 34 45 
55 78 89 0 60 69 97 41 70 34 79 12 69 37 104 46 77 86 24 86 37 69 75 30 77 28 51 81 15 103 93 80 20 42 86 58 69 14 59 53 82 38 6 48 30 63 50 20 55 60 
63 76 109 60 0 104 79 58 47 27 60 72 110 41 86 13 85 78 83 67 64 30 54 84 94 84 90 74 68 89 93 69 68 88 116 62 52 74 76 78 109 77 65 22 84 67 12 60 86 104 
47 55 29 69 104 0 80 47 76 81 74 66 10 64 83 93 41 64 70 76 41 90 75 44 30 49 18 61 54 77 57 66 49 30 18 49 70 63 33 27 16 32 67 83 45 48 100 52 19 16 
44 25 62 97 79 80 0 57 32 77 20 105 89 61 8 77 38 16 115 13 65 48 25 97 51 101 79 20 92 12 28 17 86 89 78 41 30 103 50 60 71 77 100 63 98 38 84 79 68 92 
14 37 54 41 58 47 57 0 37 36 41 47 53 17 64 47 37 45 58 47 9 46 39 41 40 45 34 40 34 62 52 40 29 38 59 17 33 46 21 20 52 25 44 36 42 22 54 22 28 49 
30 31 70 70 47 76 32 37 0 45 12 80 84 33 40 45 44 31 91 20 46 19 7 78 55 81 68 28 68 42 47 22 64 74 82 27 7 79 43 50 75 61 74 31 79 29 52 56 60 83 
46 65 91 34 27 81 77 36 45 0 56 46 85 20 85 14 71 71 58 64 40 38 52 57 76 57 65 65 41 85 82 62 41 62 94 47 47 47 57 56 88 52 39 16 57 52 19 33 63 79 
31 22 63 79 60 74 20 41 12 56 0 87 83 42 28 58 37 20 99 8 50 30 5 83 50 86 69 18 75 30 36 12 70 77 77 27 10 86 41 50 70 64 82 43 84 26 64 62 59 83 
61 84 89 12 72 66 105 47 80 46 87 0 65 47 112 59 81 93 12 94 41 80 84 23 79 19 48 87 14 109 98 88 20 36 83 64 78 3 62 54 80 37 7 60 22 69 62 25 54 55 
54 65 38 69 110 10 89 53 84 85 83 65 0 69 93 98 51 73 67 85 46 98 83 42 40 46 21 70 54 87 67 75 50 28 23 57 78 61 42 35 24 34 67 89 43 57 104 54 25 10 
26 47 71 37 41 64 61 17 33 20 42 47 69 0 69 30 51 53 59 49 23 34 38 49 57 51 49 47 37 69 63 46 34 50 76 27 32 47 37 38 70 38 41 20 50 33 37 25 45 64 
51 30 63 104 86 83 8 64 40 85 28 112 93 69 0 85 42 21 123 21 72 56 33 103 54 107 84 25 99 8 28 24 93 95 80 48 38 110 56 66 74 83 108 71 104 44 92 86 73 96 
54 71 100 46 13 93 77 47 45 14 58 59 98 30 85 0 78 74 70 65 52 32 52 71 85 71 78 69 55 87 88 66 55 76 106 54 49 60 67 67 99 65 52 15 71 59 7 47 75 92 
25 15 26 77 85 41 38 37 44 71 37 81 51 51 42 78 0 22 90 36 40 62 39 67 13 71 44 20 67 36 18 26 61 56 40 24 37 79 18 27 34 47 79 64 68 19 86 57 33 54 
31 9 47 86 78 64 16 45 31 71 20 93 73 53 21 74 22 0 103 16 52 50 25 83 35 87 63 6 79 17 16 9 74 74 62 28 26 91 35 45 56 63 89 59 84 24 81 67 53 76 
72 94 95 24 83 70 115 58 91 58 99 12 67 59 123 70 90 103 0 105 51 92 95 26 87 21 53 98 24 120 107 98 29 40 88 75 89 12 71 63 85 44 18 72 25 79 73 36 61 57 
35 21 62 86 67 76 13 47 20 64 8 94 85 49 21 65 36 16 105 0 56 37 13 88 49 91 72 16 81 23 32 10 76 81 77 32 17 93 44 53 70 69 89 50 89 30 71 69 62 86 
21 43 54 37 64 41 65 9 46 40 50 41 46 23 72 52 40 52 51 56 0 54 48 32 41 36 26 47 27 69 57 48 21 29 55 24 42 39 22 17 49 16 38 43 33 28 59 16 23 41 
44 50 88 69 30 90 48 46 19 38 30 80 98 34 56 32 62 50 92 37 54 0 25 84 73 85 79 46 71 60 65 41 68 83 98 42 25 80 58 63 91 70 74 21 84 45 37 59 73 95 
30 25 66 75 54 75 25 39 7 52 5 84 83 38 33 52 39 25 95 13 48 25 0 80 52 83 68 22 72 35 40 16 67 75 78 26 6 83 41 49 72 62 79 38 81 26 59 59 59 83 
53 74 70 30 84 44 97 41 78 57 83 23 42 49 103 71 67 83 26 88 32 84 80 0 62 5 27 78 16 100 85 80 16 14 62 56 74 19 49 40 59 20 26 67 1 60 76 25 36 32 
31 28 15 77 94 30 51 40 55 76 50 79 40 57 54 85 13 35 87 49 41 73 52 62 0 67 36 33 65 47 27 39 59 49 27 32 49 76 20 25 21 43 78 72 63 28 93 57 26 44 
56 78 74 28 84 49 101 45 81 57 86 19 46 51 107 71 71 87 21 91 36 85 83 5 67 0 32 82 16 104 89 84 18 19 67 60 77 16 53 44 64 25 24 68 4 63 75 27 41 36 
38 54 42 51 90 18 79 34 68 65 69 48 21 49 84 78 44 63 53 72 26 79 68 27 36 32 0 59 36 79 61 63 31 14 36 42 63 45 29 19 32 14 49 69 28 43 84 34 11 15 
26 6 46 81 74 61 20 40 28 65 18 87 70 47 25 69 20 6 98 16 47 46 22 78 33 82 59 0 74 22 19 6 68 70 61 23 22 86 31 40 54 58 83 55 79 19 77 62 49 72 
48 71 75 15 68 54 92 34 68 41 75 14 54 37 99 55 67 79 24 81 27 71 72 16 65 16 36 74 0 96 84 75 6 27 72 51 66 12 49 41 68 24 13 53 17 55 59 13 41 45 
48 26 55 103 89 77 12 62 42 85 30 109 87 69 8 87 36 17 120 23 69 60 35 100 47 104 79 22 96 0 21 23 90 90 72 45 39 108 51 61 67 79 106 73 101 41 94 84 68 90 
38 17 34 93 93 57 28 52 47 82 36 98 67 63 28 88 18 16 107 32 57 65 40 85 27 89 61 19 84 21 0 25 78 74 51 36 41 96 36 45 46 64 95 73 86 31 95 73 51 71 
27 11 52 80 69 66 17 40 22 62 12 88 75 46 24 66 26 9 98 10 48 41 16 80 39 84 63 6 75 23 25 0 69 72 67 24 17 86 34 44 60 60 83 51 81 21 72 62 53 76 
42 65 70 20 68 49 86 29 64 41 70 20 50 34 93 55 61 74 29 76 21 68 67 16 59 18 31 68 6 90 78 69 0 23 66 46 61 18 43 35 62 18 19 51 17 50 60 9 35 42 
46 65 56 42 88 30 89 38 74 62 77 36 28 50 95 76 56 74 40 81 29 83 75 14 49 19 14 70 27 90 74 72 23 0 48 50 70 33 39 29 45 13 39 69 15 52 81 29 23 19 
54 55 18 86 116 18 78 59 82 94 77 83 23 76 80 106 40 62 88 77 55 98 78 62 27 67 36 61 72 72 51 67 66 48 0 56 75 80 40 38 7 48 84 94 63 53 113 68 32 33 
4 20 47 58 62 49 41 17 27 47 27 64 57 27 48 54 24 28 75 32 24 42 26 56 32 60 42 23 51 45 36 24 46 50 56 0 21 63 16 23 49 37 61 40 57 5 62 39 33 57 
24 25 63 69 52 70 30 33 7 47 10 78 78 32 38 49 37 26 89 17 42 25 6 74 49 77 63 22 66 39 41 17 61 70 75 21 0 77 37 44 68 57 73 34 75 22 56 53 54 77 
60 83 86 14 74 63 103 46 79 47 86 3 61 47 110 60 79 91 12 93 39 80 83 19 76 16 45 86 12 108 96 86 18 33 80 63 77 0 60 52 77 34 9 61 19 67 64 24 51 52 
14 26 34 59 76 33 50 21 43 57 41 62 42 37 56 67 18 35 71 44 22 58 41 49 20 53 29 31 49 51 36 34 43 39 40 16 37 60 0 10 34 29 60 54 50 15 74 39 18 42 
20 36 36 53 78 27 60 20 50 56 50 54 35 38 66 67 27 45 63 53 17 63 49 40 25 44 19 40 41 61 45 44 35 29 38 23 44 52 10 0 32 19 53 56 41 24 74 33 10 33 
47 49 14 82 109 16 71 52 75 88 70 80 24 70 74 99 34 56 85 70 49 91 72 59 21 64 32 54 68 67 46 60 62 45 7 49 68 77 34 32 0 44 80 87 60 46 107 63 27 33 
34 54 52 38 77 32 77 25 61 52 64 37 34 38 83 65 47 63 44 69 16 70 62 20 43 25 14 58 24 79 64 60 18 13 48 37 57 34 29 19 44 0 37 57 21 40 71 20 18 27 
58 81 88 6 65 67 100 44 74 39 82 7 67 41 108 52 79 89 18 89 38 74 79 26 78 24 49 83 13 106 95 83 19 39 84 61 73 9 60 53 80 37 0 54 26 65 55 22 54 57 
41 56 87 48 22 83 63 36 31 16 43 60 89 20 71 15 64 59 72 50 43 21 38 67 72 68 69 55 53 73 73 51 51 69 94 40 34 61 54 56 87 57 54 0 68 45 22 42 64 84 
54 75 70 30 84 45 98 42 79 57 84 22 43 50 104 71 68 84 25 89 33 84 81 1 63 4 28 79 17 101 86 81 17 15 63 57 75 19 50 41 60 21 26 68 0 61 76 26 37 33 
8 15 43 63 67 48 38 22 29 52 26 69 57 33 44 59 19 24 79 30 28 45 26 60 28 63 43 19 55 41 31 21 50 52 53 5 22 67 15 24 46 40 65 45 61 0 67 44 33 57 
62 78 108 50 12 100 84 54 52 19 64 62 104 37 92 7 86 81 73 71 59 37 59 76 93 75 84 77 59 94 95 72 60 81 113 62 56 64 74 74 107 71 55 22 76 67 0 52 82 98 
36 59 69 20 60 52 79 22 56 33 62 25 54 25 86 47 57 67 36 69 16 59 59 25 57 27 34 62 13 84 73 62 9 29 68 39 53 24 39 33 63 20 22 42 26 44 52 0 36 47 
30 44 34 55 86 19 68 28 60 63 59 54 25 45 73 75 33 53 61 62 23 73 59 36 26 41 11 49 41 68 51 53 35 23 32 33 54 51 18 10 27 18 54 64 37 33 82 36 0 24 
53 67 45 60 104 16 92 49 83 79 83 55 10 64 96 92 54 76 57 86 41 95 83 32 44 36 15 72 45 90 71 76 42 19 33 57 77 52 42 33 33 27 57 84 33 57 98 47 24 0 
0 1000
3982 4305
1585 1613
2593 3159
139 988
3399 3853
2181 2388
3333 4278
3526 3851
3618 3876
3770 4021
604 728
899 1640
1147 2068
1743 1895
520 1164
3015 3095
774 1056
1919 2342
1009 1503
3897 4743
54 423
3954 4711
2317 3161
300 1068
4492 4641
344 1236
4311 4509
3176 3226
4695 4992
4104 4774
1343 2036
1185 1313
2896 2987
1513 2319
4628 5010
4045 4887
2017 2983
3073 3652
267 825
4207 4405
2347 2571
3288 3855
1403 1411
4821 5271
1317 1329
2736 2933
2864 3810
4573 5013
2451 2731
59.251819270898764 79.99341953884304 96.3026969738202 7.9131955353407 9.829758116093712 72.67692366400375 88.25402479411552 46.451745950923595 56.2880860933102 14.773487095636572 68.59028778544331 7.869568998765297 69.10862421834463 33.59523073806098 96.10333664962162 11.178020638609244 83.3732349113555 85.18731324133026 2.8466595878220313 75.90199813080747 44.21800311051546 40.23188956968175 63.322227129038566 28.448287962043082 85.101484699929 23.9861509336705 55.463762504262135 79.92969222195778 20.81392610211975 98.58028853841697 96.90378211708814 76.57028477203757 26.58023978410451 42.90377257974547 90.62085883034902 60.7273893825079 59.97886833124757 10.764254850980493 66.35389799625493 60.7142381581824 87.68667595607688 44.37552230737671 8.005745626222305 26.05895192902513 27.686497642645026 66.16894628986452 4.506035333264558 28.059766338324344 61.909876208552326 58.93898411760996 
42.549388583069 32.39471607051089 69.99256706106766 63.26075316729116 3.6486167769758437 87.1160527637766 8.943775452635949 48.156086614299085 12.574421575870154 30.34802591457716 13.194742103074242 75.71918434869542 96.00246040107537 36.50220554807645 7.264522530303386 16.950170481830995 47.036345099510626 24.74634348355542 86.69731602581045 11.375215552413776 57.09383745336769 2.7693524292825122 13.128806728770758 85.48431398706362 59.88257508522574 86.66675933838779 80.66967829144028 26.846206491898926 70.95198103539897 14.56256602621221 35.51104344443278 21.508193314822243 69.30610788489625 85.70143111488798 86.61122596849513 39.12801801425621 18.258827548004408 77.37559435898852 54.230713615282724 62.48658610404356 80.42261098081673 72.629371618259 69.00896139737719 18.376045547800146 86.12647359359188 39.376498255155454 13.868684331908632 60.43126501031089 71.96862389522927 95.65249865519874 