50
0 88 38 50 75 25 83 74 48 85 43 66 98 81 35 71 93 9 31 34 64 47 46 30 64 9 41 63 31 76 52 62 77 41 16 83 21 59 30 79 70 81 44 58 48 74 28 49 67 104 
88 0 93 79 56 81 15 24 80 55 72 23 25 8 110 54 12 92 69 92 70 73 52 90 63 90 53 56 74 54 82 32 51 69 73 52 98 60 73 21 23 38 97 41 40 36 60 40 76 44 
38 93 0 21 102 16 82 88 17 66 76 77 92 87 71 53 93 31 63 4 38 23 41 8 42 29 64 46 64 102 20 61 102 73 35 65 59 87 64 76 70 101 6 79 55 65 43 64 38 91 
50 79 21 0 99 25 66 79 4 45 80 67 74 74 85 33 76 46 67 24 17 6 29 25 21 43 62 26 70 98 4 47 98 76 40 45 72 87 69 60 56 94 22 74 47 47 43 58 17 71 
75 56 102 99 0 86 66 33 99 99 36 41 81 50 78 91 68 83 44 99 100 92 71 95 94 82 38 88 47 2 102 63 6 36 69 96 72 17 46 68 62 19 108 26 53 78 59 41 106 98 
25 81 16 25 86 0 72 74 22 64 60 63 85 75 60 50 83 21 47 13 40 23 31 10 41 18 48 42 48 86 27 51 86 57 19 63 46 71 48 67 60 86 22 63 42 58 27 50 42 87 
83 15 82 66 66 72 0 33 68 40 75 26 17 17 109 39 11 86 70 82 56 61 42 80 49 83 53 42 75 64 69 22 61 72 68 36 96 66 74 6 13 50 85 46 35 21 55 40 62 32 
74 24 88 79 33 74 33 0 80 69 50 13 48 17 90 63 35 80 50 86 76 73 50 84 69 78 34 62 54 31 83 35 28 47 62 66 80 36 54 36 31 17 94 19 33 48 49 25 82 66 
48 80 17 4 99 22 68 80 0 48 78 68 77 76 82 36 79 43 65 20 21 7 30 21 24 40 62 29 68 98 5 49 98 75 38 48 69 86 67 62 57 95 18 74 47 49 42 58 21 74 
85 55 66 45 99 64 40 69 48 0 96 58 38 55 118 14 47 84 86 67 28 43 41 68 24 81 74 22 91 98 46 37 96 92 70 4 104 94 90 35 38 87 66 75 51 21 63 62 32 28 
43 72 76 80 36 60 75 50 78 96 0 49 91 64 43 84 81 52 13 72 87 74 58 69 83 51 23 79 12 37 83 61 40 4 41 93 37 19 13 74 65 48 82 31 45 77 37 36 92 105 
66 23 77 67 41 63 26 13 68 58 49 0 43 15 86 51 32 71 46 75 63 60 37 72 57 69 29 50 51 40 70 23 38 46 52 55 75 40 50 27 20 29 82 19 21 37 39 17 70 58 
98 25 92 74 81 85 17 48 77 38 91 43 0 30 125 43 13 100 86 93 61 70 54 91 55 97 70 48 91 79 77 36 75 88 82 35 112 82 90 19 28 63 95 62 51 28 71 56 66 20 
81 8 87 74 50 75 17 17 76 55 64 15 30 0 102 52 18 85 61 86 67 68 46 84 60 82 45 53 66 48 78 27 45 61 66 52 90 52 65 21 19 33 91 33 33 35 53 32 73 48 
35 110 71 85 78 60 109 90 82 118 43 86 125 102 0 104 117 40 41 67 99 82 77 64 98 42 57 97 36 80 87 90 82 44 48 116 14 62 37 106 97 91 77 72 74 104 56 70 102 134 
71 54 53 33 91 50 39 63 36 14 84 51 43 52 104 0 48 70 74 54 18 30 27 54 12 67 62 8 78 90 35 28 88 80 56 13 90 84 77 33 33 80 54 66 40 18 50 52 23 38 
93 12 93 76 68 83 11 35 79 47 81 32 13 18 117 48 0 96 77 92 66 71 52 91 59 93 61 52 82 66 80 32 62 78 77 44 105 70 81 16 23 50 96 51 45 31 65 47 72 33 
9 92 31 46 83 21 86 80 43 84 52 71 100 85 40 70 96 0 40 27 61 43 46 24 61 3 48 62 39 84 47 64 85 50 19 82 28 67 39 81 73 88 36 65 52 75 32 55 63 105 
31 69 63 67 44 47 70 50 65 86 13 46 86 61 41 74 77 40 0 59 75 61 47 56 71 39 17 68 5 45 70 53 47 10 28 84 30 27 4 68 59 53 69 32 37 69 25 30 80 98 
34 92 4 24 99 13 82 86 20 67 72 75 93 86 67 54 92 27 59 0 40 24 40 3 43 25 61 47 60 99 23 60 99 69 31 67 54 84 60 76 70 99 10 76 54 65 40 62 41 92 
64 70 38 17 100 40 56 76 21 28 87 63 61 67 99 18 66 61 75 40 0 18 30 41 7 58 67 14 78 99 18 41 98 83 52 29 85 90 77 50 48 92 38 74 47 35 50 59 6 56 
47 73 23 6 92 23 61 73 7 43 74 60 70 68 82 30 71 43 61 24 18 0 23 24 19 40 56 23 64 92 10 41 91 70 36 43 68 80 63 55 50 88 25 67 41 43 37 52 20 68 
46 52 41 29 71 31 42 50 30 41 58 37 54 46 77 27 52 46 47 40 30 23 0 38 25 43 37 21 51 70 33 20 69 54 30 38 63 60 50 36 30 65 45 45 18 29 23 30 36 58 
30 90 8 25 95 10 80 84 21 68 69 72 91 84 64 54 91 24 56 3 41 24 38 0 44 22 58 47 57 96 25 59 96 66 27 67 51 80 56 75 68 96 14 73 51 64 37 59 42 92 
64 63 42 21 94 41 49 69 24 24 83 57 55 60 98 12 59 61 71 43 7 19 25 44 0 58 62 7 75 93 23 34 92 79 50 24 84 85 74 43 41 86 42 69 41 28 47 54 13 50 
9 90 29 43 82 18 83 78 40 81 51 69 97 82 42 67 93 3 39 25 58 40 43 22 58 0 46 59 39 83 45 62 84 49 16 79 30 66 38 79 70 87 35 63 49 72 30 53 60 102 
41 53 64 62 38 48 53 34 62 74 23 29 70 45 57 62 61 48 17 61 67 56 37 58 62 46 0 57 22 38 66 38 38 19 31 71 46 24 20 52 43 41 70 17 23 55 21 14 72 82 
63 56 46 26 88 42 42 62 29 22 79 50 48 53 97 8 52 62 68 47 14 23 21 47 7 59 57 0 72 87 29 27 86 75 49 21 83 80 71 36 34 79 47 63 35 21 44 48 21 45 
31 74 64 70 47 48 75 54 68 91 12 51 91 66 36 78 82 39 5 60 78 64 51 57 75 39 22 72 0 48 72 58 50 11 30 88 27 29 1 73 63 56 70 36 42 74 28 35 83 103 
76 54 102 98 2 86 64 31 98 98 37 40 79 48 80 90 66 84 45 99 99 92 70 96 93 83 38 87 48 0 102 62 4 37 69 95 73 18 47 66 60 17 108 25 53 77 59 40 105 97 
52 82 20 4 102 27 69 83 5 46 83 70 77 78 87 35 80 47 70 23 18 10 33 25 23 45 66 29 72 102 0 51 101 79 43 47 74 90 72 63 59 98 20 77 51 50 46 62 17 73 
62 32 61 47 63 51 22 35 49 37 61 23 36 27 90 28 32 64 53 60 41 41 20 59 34 62 38 27 58 62 51 0 60 58 46 33 77 57 57 17 9 52 65 38 16 17 35 26 47 45 
77 51 102 98 6 86 61 28 98 96 40 38 75 45 82 88 62 85 47 99 98 91 69 96 92 84 38 86 50 4 101 60 0 39 70 92 76 21 49 63 58 13 108 24 51 74 59 39 104 93 
41 69 73 76 36 57 72 47 75 92 4 46 88 61 44 80 78 50 10 69 83 70 54 66 79 49 19 75 11 37 79 58 39 0 39 90 37 18 11 70 62 47 79 29 42 74 34 32 88 101 
16 73 35 40 69 19 68 62 38 70 41 52 82 66 48 56 77 19 28 31 52 36 30 27 50 16 31 49 30 69 43 46 70 39 0 68 34 53 29 63 55 71 41 48 33 58 13 36 55 88 
83 52 65 45 96 63 36 66 48 4 93 55 35 52 116 13 44 82 84 67 29 43 38 67 24 79 71 21 88 95 47 33 92 90 68 0 102 91 87 31 35 83 66 71 48 18 61 59 33 27 
21 98 59 72 72 46 96 80 69 104 37 75 112 90 14 90 105 28 30 54 85 68 63 51 84 30 46 83 27 73 74 77 76 37 34 102 0 55 27 93 84 83 64 62 61 91 42 58 88 121 
59 60 87 87 17 71 66 36 86 94 19 40 82 52 62 84 70 67 27 84 90 80 60 80 85 66 24 80 29 18 90 57 21 18 53 91 55 0 29 66 58 30 93 20 44 74 44 32 96 98 
30 73 64 69 46 48 74 54 67 90 13 50 90 65 37 77 81 39 4 60 77 63 50 56 74 38 20 71 1 47 72 57 49 11 29 87 27 29 0 71 62 56 70 35 41 73 27 34 82 101 
79 21 76 60 68 67 6 36 62 35 74 27 19 21 106 33 16 81 68 76 50 55 36 75 43 79 52 36 73 66 63 17 63 70 63 31 93 66 71 0 9 53 80 46 32 15 52 38 56 31 
70 23 70 56 62 60 13 31 57 38 65 20 28 19 97 33 23 73 59 70 48 50 30 68 41 70 43 34 63 60 59 9 58 62 55 35 84 58 62 9 0 48 74 38 23 17 43 29 54 40 
81 38 101 94 19 86 50 17 95 87 48 29 63 33 91 80 50 88 53 99 92 88 65 96 86 87 41 79 56 17 98 52 13 47 71 83 83 30 56 53 48 0 107 23 47 65 59 37 99 82 
44 97 6 22 108 22 85 94 18 66 82 82 95 91 77 54 96 36 69 10 38 25 45 14 42 35 70 47 70 108 20 65 108 79 41 66 64 93 70 80 74 107 0 84 60 67 49 70 37 92 
58 41 79 74 26 63 46 19 74 75 31 19 62 33 72 66 51 65 32 76 74 67 45 73 69 63 17 63 36 25 77 38 24 29 48 71 62 20 35 46 38 23 84 0 28 54 36 15 80 78 
48 40 55 47 53 42 35 33 47 51 45 21 51 33 74 40 45 52 37 54 47 41 18 51 41 49 23 35 42 53 51 16 51 42 33 48 61 44 41 32 23 47 60 28 0 32 20 13 53 61 
74 36 65 47 78 58 21 48 49 21 77 37 28 35 104 18 31 75 69 65 35 43 29 64 28 72 55 21 74 77 50 17 74 74 58 18 91 74 73 15 17 65 67 54 32 0 49 42 41 30 
28 60 43 43 59 27 55 49 42 63 37 39 71 53 56 50 65 32 25 40 50 37 23 37 47 30 21 44 28 59 46 35 59 34 13 61 42 44 27 52 43 59 49 36 20 49 0 23 55 79 
49 40 64 58 41 50 40 25 58 62 36 17 56 32 70 52 47 55 30 62 59 52 30 59 54 53 14 48 35 40 62 26 39 32 36 59 58 32 34 38 29 37 70 15 13 42 23 0 65 69 
67 76 38 17 106 42 62 82 21 32 92 70 66 73 102 23 72 63 80 41 6 20 36 42 13 60 72 21 83 105 17 47 104 88 55 33 88 96 82 56 54 99 37 80 53 41 55 65 0 59 
104 44 91 71 98 87 32 66 74 28 105 58 20 48 134 38 33 105 98 92 56 68 58 92 50 102 82 45 103 97 73 45 93 101 88 27 121 98 101 31 40 82 92 78 61 30 79 69 59 0 
0 1000
4034 4815
2448 3351
4214 4779
3138 3876
1600 1638
1289 1718
906 1793
1941 2332
4160 5021
979 1941
2550 3318
5191 5615
396 1015
2163 2504
2031 2542
4359 5304
1117 2113
783 1139
4727 5408
4271 4935
3654 4451
1524 2442
2876 3388
3343 3482
3485 4040
1785 2227
540 743
284 1089
2269 2959
118 839
1693 2579
5341 6057
3745 3786
1140 1398
2795 2897
4989 5699
4497 4848
5019 5190
4573 5223
4886 4944
3213 3253
1445 1481
661 1037
1666 2273
4137 5040
2656 3478
3557 3707
3924 4561
3015 3171
11.36988795460001 96.9668682122164 6.105284211339502 23.928673647919553 79.18947538104753 15.87811878356521 87.84584534162789 85.62745728822621 21.123440417884776 65.61079818428111 43.84550679025397 76.90960442915015 98.12324309326513 90.35466976862648 1.128576341569243 56.07835988986548 98.45349151562733 5.87671552046457 38.075572530218935 6.251662451976204 38.05742211262545 27.99524366914938 46.14954662439354 7.869799501778052 44.127178106618246 8.205645423852149 51.72984253099363 50.000306599287605 34.52229840731656 80.68755095275544 21.329587956576525 66.42603845417936 83.36818323733756 44.49333520001878 24.61059888157333 66.8440736478549 7.972311828603074 62.50036216676745 35.08281475040813 82.25641219370142 75.659095609854 90.88849150515729 3.1875175809367273 68.9296803563141 56.870945030543275 70.53003449182097 37.78338852418278 60.62730100816055 34.09389319414683 93.26390488585727 
65.67731355575268 45.618173561155004 28.000887319252975 16.76436778782142 98.77584861189152 40.83296999923961 33.393756183056745 66.70233374306889 19.173501780158286 0.2966415655031751 93.84755866028445 57.37058164336935 20.396605103770028 49.88569504573655 98.99825103845113 10.701207619187258 33.86948781567271 58.87317025901042 82.27404267085552 32.34517955447986 7.41214122559234 21.811151722914612 36.09486484682645 35.39242249407886 11.146196198992653 57.10616121069941 72.64984394793616 15.541236178964613 85.56010424833843 97.19522234188014 14.348548922768046 37.13399332061664 94.32793823867087 90.34251767294525 57.197830370917416 3.672010336625031 86.63421823198789 94.221391381307 84.57706594341627 30.889200477318013 37.30900817672899 83.18896284273264 22.524183551010346 75.13455567195247 50.32633731963062 21.092610768971596 57.30796738200934 62.278199882489616 2.5901123103398316 1.5044153201073884 