50
0 84 30 81 83 63 98 62 81 53 24 81 72 61 75 80 56 66 81 72 67 98 75 57 78 96 56 91 53 86 32 52 41 108 81 7 39 7 54 15 65 28 66 65 26 76 22 41 54 99 
84 0 84 70 25 21 68 26 73 56 72 31 80 49 97 10 74 20 3 24 29 44 49 37 71 56 68 48 59 36 75 41 74 59 47 78 94 90 78 98 31 58 40 37 103 9 72 47 52 66 
30 84 0 57 75 66 77 59 57 36 50 70 45 46 45 84 31 70 82 80 60 85 58 69 54 78 33 75 34 74 10 65 16 91 64 33 11 35 27 29 58 30 54 54 53 75 48 37 38 78 
81 70 57 0 47 66 21 51 3 30 90 40 17 27 35 77 27 70 70 83 43 41 21 82 4 27 25 29 29 38 50 82 41 39 23 80 58 88 32 86 42 59 32 36 107 63 88 50 31 23 
83 25 75 47 0 32 43 22 49 40 78 7 59 31 77 34 56 34 26 45 16 21 26 52 48 31 50 23 43 11 65 54 61 36 23 79 82 90 62 94 18 55 22 20 106 21 78 42 37 42 
63 21 66 66 32 0 70 15 68 44 51 35 72 41 87 18 62 4 18 17 24 53 47 20 66 61 56 53 47 41 58 22 58 68 48 57 77 69 66 77 25 38 34 30 82 15 51 29 41 70 
98 68 77 21 43 70 0 56 23 45 104 37 38 38 54 76 47 73 69 86 46 28 26 89 25 12 45 19 45 32 69 90 61 20 23 97 79 105 53 105 46 73 39 42 124 63 103 62 45 2 
62 26 59 51 22 15 56 0 54 31 56 23 58 26 74 28 49 19 24 32 10 42 32 33 51 47 43 40 35 30 49 34 48 56 33 57 68 69 54 75 10 34 19 15 84 17 56 22 28 56 
81 73 57 3 49 68 23 54 0 31 90 43 15 28 32 79 26 72 73 85 45 44 23 84 3 30 25 32 29 41 50 84 41 42 26 81 57 88 31 85 44 59 35 38 107 66 89 51 32 25 
53 56 36 30 40 44 45 31 31 0 60 35 29 10 43 59 18 48 55 61 27 49 23 56 28 44 13 40 4 38 26 55 20 56 29 51 42 60 23 61 25 29 19 20 79 47 59 21 3 46 
24 72 50 90 78 51 104 56 90 60 0 78 85 65 92 65 69 52 69 54 64 97 78 38 87 99 67 92 61 84 48 33 56 109 83 18 60 26 69 38 62 31 66 64 32 65 2 41 59 104 
81 31 70 40 7 35 37 23 43 35 78 0 52 26 70 40 50 38 32 49 14 19 20 55 41 26 44 18 38 7 60 57 56 33 16 77 77 88 56 92 16 52 17 16 105 26 78 40 32 36 
72 80 45 17 59 72 38 58 15 29 85 52 0 32 18 85 16 76 80 89 51 57 33 86 14 44 18 46 26 52 40 84 31 57 38 73 44 79 19 74 50 55 41 44 97 72 84 50 32 40 
61 49 46 27 31 41 38 26 28 10 65 26 32 0 48 54 25 45 48 58 20 39 13 56 26 35 19 30 12 28 36 55 30 47 19 59 52 69 31 70 18 35 10 13 87 41 64 24 8 39 
75 97 45 35 77 87 54 74 32 43 92 70 18 48 0 102 26 91 97 104 68 75 51 99 31 62 31 64 40 70 44 97 36 73 56 77 39 80 23 73 66 64 57 61 98 89 90 62 46 56 
80 10 84 77 34 18 76 28 79 59 65 40 85 54 102 0 77 14 8 14 34 54 56 29 77 65 71 57 62 45 75 33 75 69 55 73 94 86 81 94 36 56 45 41 97 14 66 47 56 75 
56 74 31 27 56 62 47 49 26 18 69 50 16 25 26 77 0 66 73 79 45 60 33 73 23 50 6 49 15 52 24 71 15 63 39 57 32 63 6 59 43 39 35 37 82 65 68 36 22 49 
66 20 70 70 34 4 73 19 72 48 52 38 76 45 91 14 66 0 16 13 27 55 50 19 70 64 61 56 52 44 62 22 62 70 51 59 81 72 70 80 28 42 38 34 84 15 53 33 45 73 
81 3 82 70 26 18 69 24 73 55 69 32 80 48 97 8 73 16 0 21 29 46 50 34 71 58 67 50 58 37 73 38 72 61 48 75 92 87 77 95 30 55 39 36 100 8 69 45 51 68 
72 24 80 83 45 17 86 32 85 61 54 49 89 58 104 14 79 13 21 0 40 65 63 16 83 75 73 67 64 55 72 21 74 81 63 65 91 77 82 86 41 51 51 47 87 24 55 45 58 85 
67 29 60 43 16 24 46 10 45 27 64 14 51 20 68 34 45 27 29 40 0 33 23 43 43 38 39 30 31 21 50 44 46 46 24 63 68 74 50 79 2 39 11 7 91 21 63 26 24 46 
98 44 85 41 21 53 28 42 44 49 97 19 57 39 75 54 60 55 46 65 33 0 27 73 44 16 55 11 51 13 75 75 69 15 21 95 90 106 66 108 34 70 33 34 123 42 96 58 46 26 
75 49 58 21 26 47 26 32 23 23 78 20 33 13 51 56 33 50 50 63 23 27 0 64 22 21 28 17 24 19 49 65 42 34 7 73 63 82 39 83 22 48 13 17 100 42 77 37 21 26 
57 37 69 82 52 20 89 33 84 56 38 55 86 56 99 29 73 19 34 16 43 73 64 0 82 80 68 73 60 61 62 5 65 88 66 50 80 61 76 72 43 39 51 48 70 33 39 37 54 89 
78 71 54 4 48 66 25 51 3 28 87 41 14 26 31 77 23 70 71 83 43 44 22 82 0 31 22 32 26 40 47 81 38 43 25 77 54 85 28 82 42 56 32 36 103 64 86 48 29 27 
96 56 78 27 31 61 12 47 30 44 99 26 44 35 62 65 50 64 58 75 38 16 21 80 31 0 46 8 45 20 69 81 62 13 16 94 82 103 56 104 38 69 32 35 122 52 98 58 42 11 
56 68 33 25 50 56 45 43 25 13 67 44 18 19 31 71 6 61 67 73 39 55 28 68 22 46 0 44 9 46 25 67 16 59 34 56 35 63 11 61 37 37 29 32 82 59 66 32 16 46 
91 48 75 29 23 53 19 40 32 40 92 18 46 30 64 57 49 56 50 67 30 11 17 73 32 8 44 0 41 13 66 74 59 17 11 88 80 98 55 100 31 64 26 28 116 44 91 51 38 18 
53 59 34 29 43 47 45 35 29 4 61 38 26 12 40 62 15 52 58 64 31 51 24 60 26 45 9 41 0 41 25 58 18 57 30 52 39 60 19 60 29 30 22 24 79 51 60 23 7 46 
86 36 74 38 11 41 32 30 41 38 84 7 52 28 70 45 52 44 37 55 21 13 19 61 40 20 46 13 41 0 64 63 59 26 14 83 80 93 58 96 22 58 21 21 110 32 84 45 36 31 
32 75 10 50 65 58 69 49 50 26 48 60 40 36 44 75 24 62 73 72 50 75 49 62 47 69 25 66 25 64 0 59 9 82 55 34 19 39 22 36 48 23 44 45 57 66 46 28 29 70 
52 41 65 82 54 22 90 34 84 55 33 57 84 55 97 33 71 22 38 21 44 75 65 5 81 81 67 74 58 63 59 0 62 89 67 45 77 56 73 67 44 36 51 48 66 36 34 35 53 89 
41 74 16 41 61 58 61 48 41 20 56 56 31 30 36 75 15 62 72 74 46 69 42 65 38 62 16 59 18 59 9 62 0 75 48 42 22 48 13 44 44 28 39 40 66 65 54 29 24 62 
108 59 91 39 36 68 20 56 42 56 109 33 57 47 73 69 63 70 61 81 46 15 34 88 43 13 59 17 57 26 82 89 75 0 28 106 95 115 69 117 47 81 43 45 133 57 109 69 55 18 
81 47 64 23 23 48 23 33 26 29 83 16 38 19 56 55 39 51 48 63 24 21 7 66 25 16 34 11 30 14 55 67 48 28 0 78 69 88 45 89 24 54 17 20 106 42 82 42 27 22 
7 78 33 80 79 57 97 57 81 51 18 77 73 59 77 73 57 59 75 65 63 95 73 50 77 94 56 88 52 83 34 45 42 106 78 0 43 12 56 22 61 25 63 61 28 70 16 37 52 97 
39 94 11 58 82 77 79 68 57 42 60 77 44 52 39 94 32 81 92 91 68 90 63 80 54 82 35 80 39 80 19 77 22 95 69 43 0 43 26 34 66 41 60 62 60 85 59 47 45 80 
7 90 35 88 90 69 105 69 88 60 26 88 79 69 80 86 63 72 87 77 74 106 82 61 85 103 63 98 60 93 39 56 48 115 88 12 43 0 60 13 73 35 73 72 19 82 24 48 61 106 
54 78 27 32 62 66 53 54 31 23 69 56 19 31 23 81 6 70 77 82 50 66 39 76 28 56 11 55 19 58 22 73 13 69 45 56 26 60 0 56 48 40 40 43 79 70 67 39 26 54 
15 98 29 86 94 77 105 75 85 61 38 92 74 70 73 94 59 80 95 86 79 108 83 72 82 104 61 100 60 96 36 67 44 117 89 22 34 13 56 0 77 40 76 75 26 89 37 53 62 106 
65 31 58 42 18 25 46 10 44 25 62 16 50 18 66 36 43 28 30 41 2 34 22 43 42 38 37 31 29 22 48 44 44 47 24 61 66 73 48 77 0 37 10 6 89 23 62 24 22 46 
28 58 30 59 55 38 73 34 59 29 31 52 55 35 64 56 39 42 55 51 39 70 48 39 56 69 37 64 30 58 23 36 28 81 54 25 41 35 40 40 37 0 38 37 53 49 30 13 29 74 
66 40 54 32 22 34 39 19 35 19 66 17 41 10 57 45 35 38 39 51 11 33 13 51 32 32 29 26 22 21 44 51 39 43 17 63 60 73 40 76 10 38 0 4 91 32 66 26 15 39 
65 37 54 36 20 30 42 15 38 20 64 16 44 13 61 41 37 34 36 47 7 34 17 48 36 35 32 28 24 21 45 48 40 45 20 61 62 72 43 75 6 37 4 0 89 28 63 24 17 42 
26 103 53 107 106 82 124 84 107 79 32 105 97 87 98 97 82 84 100 87 91 123 100 70 103 122 82 116 79 110 57 66 66 133 106 28 60 19 79 26 89 53 91 89 0 96 31 65 80 125 
76 9 75 63 21 15 63 17 66 47 65 26 72 41 89 14 65 15 8 24 21 42 42 33 64 52 59 44 51 32 66 36 65 57 42 70 85 82 70 89 23 49 32 28 96 0 66 38 44 62 
22 72 48 88 78 51 103 56 89 59 2 78 84 64 90 66 68 53 69 55 63 96 77 39 86 98 66 91 60 84 46 34 54 109 82 16 59 24 67 37 62 30 66 63 31 66 0 40 58 103 
41 47 37 50 42 29 62 22 51 21 41 40 50 24 62 47 36 33 45 45 26 58 37 37 48 58 32 51 23 45 28 35 29 69 42 37 47 48 39 53 24 13 26 24 65 38 40 0 19 63 
54 52 38 31 37 41 45 28 32 3 59 32 32 8 46 56 22 45 51 58 24 46 21 54 29 42 16 38 7 36 29 53 24 55 27 52 45 61 26 62 22 29 15 17 80 44 58 19 0 45 
99 66 78 23 42 70 2 56 25 46 104 36 40 39 56 75 49 73 68 85 46 26 26 89 27 11 46 18 46 31 70 89 62 18 22 97 80 106 54 106 46 74 39 42 125 62 103 63 45 0 
0 1000
5155 5557
4688 4974
4150 4228
1994 2583
877 1594
4272 5261
1665 2011
413 969
4201 4880
239 1127
4884 5690
3631 4503
4476 4686
2170 2754
3956 4192
2516 2940
1461 1989
1125 1225
3130 3610
131 733
4072 4727
2716 3107
804 1321
1773 2301
4983 5650
2226 2289
2661 2804
4556 4721
5022 5668
1350 1634
1904 2447
312 802
1241 2188
2379 3098
496 1495
3767 4412
2867 3432
3289 3418
4378 4761
2285 2786
3520 4124
3038 3965
4590 4749
3426 4103
4763 4813
1549 2056
991 1944
72 545
680 726
22.72504977892692 35.009601090044306 52.44410337359504 91.79467219268327 58.59736792869995 29.01674134686584 99.20278605158815 43.212946319943256 93.24775737889229 62.813476396785106 5.611350699122097 63.319142782707786 90.4205501669051 65.30615896488241 96.90932435791441 25.072874957395918 74.94845656845497 26.044686358725077 32.83572214850622 14.174576488027334 52.86189764055186 78.86865699967915 74.73221736283517 10.392554041207935 90.22609265507725 89.45590503807136 72.22556157284713 81.45400639623375 65.14371662517465 69.27669471683701 53.21097741784676 10.199600900429562 61.24838871040298 94.09207421684079 76.61156264887839 19.67239049631031 60.76420079559178 17.979802074683636 74.61788285160107 27.222684222783755 53.13617267681725 35.700666300266626 61.43399476857097 57.92362532816472 1.554515097511977 37.59979254152598 7.210926826091313 42.20113772752584 61.333804786023904 98.60238055909608 
83.82447008665173 0.8545255469762036 83.45482100862921 41.6121657325452 9.030647589272045 21.279028241556986 22.01812132071368 25.215782725623303 44.344753409471096 49.19155392446521 66.4363105942734 14.040116872259112 58.97425225218822 39.518115432281064 75.91118385761935 4.041725406763074 62.74293085924264 18.214926648512574 3.5493567605895615 12.790768895508965 23.892322227930517 3.1723628755014777 30.023057360260896 28.634834231508265 45.29699032695662 14.637564860962982 57.62129932957607 14.251273392552367 51.95796644298937 11.322208223256835 73.67305658413376 33.55663287021381 69.60787808168347 2.5008194883085477 23.76821082610302 77.31052743332938 91.11752831377473 89.34161356677713 68.60873073943186 98.15606846952979 25.9146304439096 58.586978162026405 30.659146988779362 29.357321557442727 98.51835855773096 9.44753513576082 67.53522466960302 47.498199999354505 46.084182553591035 20.090443664063564 