50
0 46 54 87 22 86 43 58 58 92 67 89 12 74 80 10 8 53 54 33 87 36 61 43 36 97 80 69 9 29 9 73 24 46 94 24 57 91 97 22 95 95 69 81 85 34 53 48 64 84 
46 0 53 44 24 43 47 28 25 76 60 62 54 78 79 54 53 65 34 15 72 32 20 15 33 68 54 24 49 17 54 71 25 53 75 23 22 70 55 56 68 52 43 45 45 36 22 27 20 39 
54 53 0 66 45 90 11 35 38 39 14 45 49 25 28 63 52 16 24 43 34 24 49 38 23 52 37 62 48 52 60 20 56 9 43 44 40 42 70 40 50 70 32 50 58 22 36 28 56 69 
87 44 66 0 65 41 67 33 32 62 63 40 92 84 80 96 92 81 43 55 61 59 26 44 59 41 38 22 88 61 96 75 69 71 58 63 32 52 11 90 42 8 35 19 10 63 35 44 25 10 
22 24 45 65 0 66 36 38 37 79 57 72 30 69 73 31 28 51 37 11 74 22 39 22 23 79 63 47 25 10 31 65 11 41 80 2 36 76 75 33 78 73 51 61 63 23 33 30 42 61 
86 43 90 41 66 0 87 56 53 100 93 79 96 113 112 92 94 104 67 58 98 73 42 54 73 82 75 29 91 57 94 105 63 92 96 65 51 90 50 99 82 46 67 57 50 77 54 63 34 31 
43 47 11 67 36 87 0 35 37 49 24 52 39 34 38 52 42 18 24 35 45 16 47 33 15 60 44 59 37 43 49 31 46 6 53 34 38 51 73 30 58 72 36 53 60 13 34 25 54 69 
58 28 35 33 38 56 35 0 3 49 37 35 61 57 56 68 62 50 11 29 45 26 14 17 26 42 27 27 57 38 67 49 46 39 48 36 6 42 40 58 41 39 15 23 28 30 6 11 22 34 
58 25 38 32 37 53 37 3 0 52 40 38 61 60 59 67 62 53 14 27 49 27 11 16 27 44 29 24 58 37 67 52 44 41 50 35 3 45 39 59 43 38 18 23 27 31 4 13 19 32 
92 76 39 62 79 100 49 49 52 0 26 23 88 35 27 101 91 49 43 72 5 57 61 63 56 26 25 71 87 83 99 27 89 48 6 77 55 12 60 79 24 62 34 44 53 58 54 51 68 70 
67 60 14 63 57 93 24 37 40 26 0 35 63 21 19 76 66 25 27 52 21 35 51 46 34 42 29 64 61 63 74 12 67 22 30 55 43 30 65 53 39 66 28 45 54 34 40 33 59 68 
89 62 45 40 72 79 52 35 38 23 35 0 89 53 46 99 91 59 35 63 23 54 44 52 53 8 9 52 86 73 97 43 80 53 18 70 40 12 37 82 6 39 21 22 30 56 41 42 50 49 
12 54 49 92 30 96 39 61 61 88 63 89 0 67 73 16 5 46 55 39 83 36 67 48 36 97 80 76 5 38 12 67 34 41 91 31 61 89 101 12 95 99 70 84 88 33 57 50 71 90 
74 78 25 84 69 113 34 57 60 35 21 53 67 0 9 82 71 21 47 68 32 49 72 63 47 58 48 84 67 77 79 10 80 29 41 68 63 44 86 55 56 87 49 66 75 46 60 52 79 89 
80 79 28 80 73 112 38 56 59 27 19 46 73 9 0 88 77 28 46 70 24 51 70 64 50 51 43 82 73 80 85 7 84 33 33 71 62 37 81 62 49 82 45 61 71 50 59 52 78 86 
10 54 63 96 31 92 52 68 67 101 76 99 16 82 88 0 12 61 64 41 96 45 70 52 46 106 90 77 15 36 4 82 29 55 104 33 66 101 106 28 105 103 79 91 94 44 63 58 73 92 
8 53 52 92 28 94 42 62 62 91 66 91 5 71 77 12 0 50 56 38 86 37 66 48 38 99 82 75 5 36 8 71 31 44 94 30 61 92 101 16 97 99 71 85 89 35 57 51 70 89 
53 65 16 81 51 104 18 50 53 49 25 59 46 21 28 61 50 0 39 52 44 33 63 50 32 66 52 76 46 60 58 23 62 12 54 51 54 54 86 34 64 86 47 65 74 29 51 41 70 84 
54 34 24 43 37 67 24 11 14 43 27 35 55 47 46 64 56 39 0 29 39 19 25 20 19 43 26 38 52 40 62 39 46 28 44 35 16 39 49 50 41 48 15 30 36 22 13 7 32 45 
33 15 43 55 11 58 35 29 27 72 52 63 39 68 70 41 38 52 29 0 68 19 29 12 20 70 54 37 35 11 41 62 17 40 73 9 25 68 65 41 69 62 42 51 53 22 23 22 32 51 
87 72 34 61 74 98 45 45 49 5 21 23 83 32 24 96 86 44 39 68 0 53 58 59 52 28 24 69 82 79 94 23 84 43 10 72 51 13 60 74 25 62 31 43 52 53 51 47 65 69 
36 32 24 59 22 73 16 26 27 57 35 54 36 49 51 45 37 33 19 19 53 0 35 18 1 61 44 47 33 28 43 44 33 21 59 20 27 56 66 32 60 65 34 48 54 4 23 15 41 58 
61 20 49 26 39 42 47 14 11 61 51 44 67 72 70 70 66 63 25 29 58 35 0 19 35 49 37 13 62 36 70 63 44 52 59 37 9 53 36 65 49 33 27 25 25 39 13 22 8 23 
43 15 38 44 22 54 33 17 16 63 46 52 48 63 64 52 48 50 20 12 59 18 19 0 19 59 43 29 44 21 52 57 28 38 63 20 14 58 54 47 58 52 32 39 42 23 11 12 24 42 
36 33 23 59 23 73 15 26 27 56 34 53 36 47 50 46 38 32 19 20 52 1 35 19 0 61 44 47 33 30 44 43 34 20 58 21 27 55 66 32 59 65 33 48 53 4 23 15 42 58 
97 68 52 41 79 82 60 42 44 26 42 8 97 58 51 106 99 66 43 70 28 61 49 59 61 0 17 56 94 80 105 49 87 61 20 77 46 15 36 90 3 39 28 25 32 64 48 49 55 51 
80 54 37 38 63 75 44 27 29 25 29 9 80 48 43 90 82 52 26 54 24 44 37 43 44 17 0 47 77 64 88 39 71 45 22 60 32 16 37 73 15 39 12 19 28 47 33 33 44 45 
69 24 62 22 47 29 59 27 24 71 64 52 76 84 82 77 75 76 38 37 69 47 13 29 47 56 47 0 71 41 78 76 49 64 69 45 22 63 34 76 57 30 38 31 26 51 25 35 6 15 
9 49 48 88 25 91 37 57 58 87 61 86 5 67 73 15 5 46 52 35 82 33 62 44 33 94 77 71 0 34 12 66 30 40 89 26 57 87 97 14 92 95 67 80 85 30 53 47 66 85 
29 17 52 61 10 57 43 38 37 83 63 73 38 77 80 36 36 60 40 11 79 28 36 21 30 80 64 41 34 0 37 72 8 49 83 10 34 79 72 43 79 69 53 60 61 31 32 32 37 56 
9 54 60 96 31 94 49 67 67 99 74 97 12 79 85 4 8 58 62 41 94 43 70 52 44 105 88 78 12 37 0 79 31 52 101 33 65 99 105 24 103 103 77 90 93 42 62 57 73 92 
73 71 20 75 65 105 31 49 52 27 12 43 67 10 7 82 71 23 39 62 23 44 63 57 43 49 39 76 66 72 79 0 76 27 33 64 55 35 76 56 47 77 39 56 65 42 52 45 71 80 
24 25 56 69 11 63 46 46 44 89 67 80 34 80 84 29 31 62 46 17 84 33 44 28 34 87 71 49 30 8 31 76 0 52 89 12 42 85 79 41 86 77 60 67 69 34 40 39 45 64 
46 53 9 71 41 92 6 39 41 48 22 53 41 29 33 55 44 12 28 40 43 21 52 38 20 61 45 64 40 49 52 27 52 0 52 40 43 51 76 31 59 76 39 56 64 18 39 30 59 73 
94 75 43 58 80 96 53 48 50 6 30 18 91 41 33 104 94 54 44 73 10 59 59 63 58 20 22 69 89 83 101 33 89 52 0 78 53 6 55 83 18 57 32 40 48 60 53 51 66 66 
24 23 44 63 2 65 34 36 35 77 55 70 31 68 71 33 30 51 35 9 72 20 37 20 21 77 60 45 26 10 33 64 12 40 78 0 34 74 73 34 76 71 49 59 61 22 31 28 41 60 
57 22 40 32 36 51 38 6 3 55 43 40 61 63 62 66 61 54 16 25 51 27 9 14 27 46 32 22 57 34 65 55 42 43 53 34 0 48 40 58 46 38 21 25 28 31 4 13 17 31 
91 70 42 52 76 90 51 42 45 12 30 12 89 44 37 101 92 54 39 68 13 56 53 58 55 15 16 63 87 79 99 35 85 51 6 74 48 0 49 81 12 51 27 33 42 57 48 47 60 60 
97 55 70 11 75 50 73 40 39 60 65 37 101 86 81 106 101 86 49 65 60 66 36 54 66 36 37 34 97 72 105 76 79 76 55 73 40 49 0 98 38 4 38 20 13 70 44 51 36 21 
22 56 40 90 33 99 30 58 59 79 53 82 12 55 62 28 16 34 50 41 74 32 65 47 32 90 73 76 14 43 24 56 41 31 83 34 58 81 98 0 88 96 64 79 85 28 55 46 71 89 
95 68 50 42 78 82 58 41 43 24 39 6 95 56 49 105 97 64 41 69 25 60 49 58 59 3 15 57 92 79 103 47 86 59 18 76 46 12 38 88 0 40 27 26 33 62 47 48 55 52 
95 52 70 8 73 46 72 39 38 62 66 39 99 87 82 103 99 86 48 62 62 65 33 52 65 39 39 30 95 69 103 77 77 76 57 71 38 51 4 96 40 0 39 21 12 69 42 50 33 17 
69 43 32 35 51 67 36 15 18 34 28 21 70 49 45 79 71 47 15 42 31 34 27 32 33 28 12 38 67 53 77 39 60 39 32 49 21 27 38 64 27 39 0 18 27 37 21 21 34 41 
81 45 50 19 61 57 53 23 23 44 45 22 84 66 61 91 85 65 30 51 43 48 25 39 48 25 19 31 80 60 90 56 67 56 40 59 25 33 20 79 26 21 18 0 9 52 28 34 30 27 
85 45 58 10 63 50 60 28 27 53 54 30 88 75 71 94 89 74 36 53 52 54 25 42 53 32 28 26 85 61 93 65 69 64 48 61 28 42 13 85 33 12 27 9 0 57 31 39 27 19 
34 36 22 63 23 77 13 30 31 58 34 56 33 46 50 44 35 29 22 22 53 4 39 23 4 64 47 51 30 31 42 42 34 18 60 22 31 57 70 28 62 69 37 52 57 0 27 19 46 62 
53 22 36 35 33 54 34 6 4 54 40 41 57 60 59 63 57 51 13 23 51 23 13 11 23 48 33 25 53 32 62 52 40 39 53 31 4 48 44 55 47 42 21 28 31 27 0 10 20 35 
48 27 28 44 30 63 25 11 13 51 33 42 50 52 52 58 51 41 7 22 47 15 22 12 15 49 33 35 47 32 57 45 39 30 51 28 13 47 51 46 48 50 21 34 39 19 10 0 29 44 
64 20 56 25 42 34 54 22 19 68 59 50 71 79 78 73 70 70 32 32 65 41 8 24 42 55 44 6 66 37 73 71 45 59 66 41 17 60 36 71 55 33 34 30 27 46 20 29 0 19 
84 39 69 10 61 31 69 34 32 70 68 49 90 89 86 92 89 84 45 51 69 58 23 42 58 51 45 15 85 56 92 80 64 73 66 60 31 60 21 89 52 17 41 27 19 62 35 44 19 0 
0 1000
1184 1555
4122 4722
3832 4273
2104 2583
969 1109
1307 1688
5222 5801
490 1448
3186 3362
152 575
4476 5081
2476 3324
1850 2697
3077 3770
4948 5358
3334 3632
1593 2539
4040 4777
1381 1868
4803 5082
5423 6262
5334 6188
1478 1936
829 1293
442 731
613 1563
4344 4572
2551 3294
2196 2651
4255 4309
1943 2741
2789 3679
1117 1557
3726 4100
285 968
708 1656
3953 4233
1758 2087
4658 5610
5138 5918
3594 4080
2033 2514
2932 3626
2282 3181
3430 3766
4398 5354
4520 5236
2368 3137
2668 3182
12.018566305317934 57.13852244021539 25.812649278909326 90.24450383232423 32.89508715383346 98.45538960278475 23.16253746423356 57.41302707266163 59.05362728921752 47.85823805297484 32.37533760158931 66.50674688817574 3.2777736069524943 14.032983145568235 21.132123462590037 6.27036672672544 4.874756045051876 10.26193315560372 47.40800142170415 42.18148336586369 45.11036445366319 32.51022093699664 67.34644192071087 49.26928101099202 32.329713307608955 72.48551807888812 61.231803710331654 78.31466003859694 7.888625176509434 41.197119263392565 4.262255485078715 23.589056324032896 35.421764331208735 19.400216511698844 54.21650580620114 34.19645788995298 59.568057280799216 58.12644430077288 95.7525071417627 2.1917113166877167 69.9575215574206 95.37444352869366 57.50846971079682 75.53791376525257 83.39791540061395 28.216377430455573 55.63312250573331 46.510207303365306 72.88968269179841 90.57209901152659 
87.44834165466128 78.47474895019343 35.468939215443065 48.846874504385774 80.16121708133329 89.14156566454398 45.95585598888293 50.811995086805375 53.580391016764615 3.056902664951322 23.458012078492217 16.697173205163484 79.13346444604689 13.386063709441586 8.316805375163705 95.1802928366191 83.4743996085558 34.050371413967916 46.366828212407974 75.01029402131861 7.077171049977171 58.39987180016626 61.03267078342161 65.92036326146247 57.20453992095064 11.827350251323798 24.428195383861706 67.74154724951165 79.86356862737031 85.52381211714801 91.46603724812148 15.35520461362766 90.79499012046183 41.677779762906475 3.393155035168849 78.53512851338728 56.44971346084605 8.424461994209697 39.075433630595256 67.48534447655493 11.823812994420601 42.84485626138975 35.49569481717102 36.90416188913754 41.781646146783466 57.43116423848379 56.499381971172525 53.76448952142962 66.35360094943938 59.061967754592985 