50
0 88 98 70 35 41 60 31 32 43 55 11 45 69 71 62 69 18 21 90 48 65 21 61 90 37 54 93 18 67 47 35 50 14 40 53 76 87 100 83 71 32 32 34 63 79 43 37 97 59 
88 0 10 18 73 85 30 70 71 55 44 81 98 74 17 50 40 71 82 87 74 31 92 41 4 107 57 24 93 67 50 54 75 81 93 77 77 17 20 18 37 101 86 88 48 16 80 116 29 57 
98 10 0 27 81 93 39 78 82 65 51 90 106 78 27 56 45 81 91 90 81 38 101 51 10 115 66 23 102 72 58 64 82 91 101 86 81 19 13 22 42 110 94 96 57 25 87 125 27 63 
70 18 27 0 55 68 12 52 57 42 27 63 81 60 4 36 28 54 64 77 58 16 74 33 21 89 47 28 75 53 33 36 59 64 76 66 64 20 31 17 26 83 68 70 41 18 63 98 33 42 
35 73 81 55 0 14 43 7 52 52 30 24 26 33 57 31 41 23 16 55 13 43 24 64 76 35 66 68 27 32 23 24 15 42 21 75 41 65 79 62 44 30 13 15 69 70 11 45 71 26 
41 85 93 68 14 0 56 20 64 66 42 32 13 32 71 39 50 34 21 51 13 55 23 78 89 26 79 78 27 33 35 38 14 51 9 87 38 76 90 73 54 23 10 9 83 83 6 38 80 33 
60 30 39 12 43 56 0 39 51 38 16 51 68 50 15 26 22 43 52 69 46 9 62 35 34 77 46 33 63 43 20 25 47 55 63 64 55 27 40 24 20 71 56 57 43 29 50 86 38 31 
31 70 78 52 7 20 39 0 46 46 29 19 32 39 54 33 42 17 14 61 20 41 23 58 73 37 59 68 25 36 21 18 21 36 26 68 46 64 78 60 44 31 17 19 63 65 17 46 71 29 
32 71 82 57 52 64 51 46 0 16 55 34 72 82 55 66 69 30 45 104 65 59 50 35 73 68 24 84 48 78 49 35 66 18 66 23 89 76 88 73 69 62 57 59 34 58 63 69 89 66 
43 55 65 42 52 66 38 46 16 0 46 41 76 77 40 58 58 33 50 99 63 46 57 19 56 75 13 69 56 72 42 30 64 31 70 27 84 62 73 59 58 69 60 62 20 42 63 79 75 59 
55 44 51 27 30 42 16 29 55 46 0 45 54 35 31 12 14 38 43 55 31 13 52 49 48 65 57 39 54 28 9 21 31 54 50 72 40 35 49 32 16 60 43 45 56 44 36 75 42 16 
11 81 90 63 24 32 51 19 34 41 45 0 38 58 63 51 59 9 11 79 37 55 16 59 83 34 54 83 15 56 36 27 39 19 33 57 65 78 92 74 61 28 23 25 61 73 32 38 87 48 
45 98 106 81 26 13 68 32 72 76 54 38 0 40 83 52 63 43 27 56 25 67 25 90 102 18 89 91 28 43 48 50 25 57 6 95 45 89 102 85 66 18 16 14 94 96 18 31 93 45 
69 74 78 60 33 32 50 39 82 77 35 58 40 0 64 24 33 55 48 22 21 44 54 83 78 57 89 59 58 7 35 48 20 74 39 102 7 60 71 57 37 55 40 40 90 78 28 70 59 19 
71 17 27 4 57 71 15 54 55 40 31 63 83 64 0 40 33 54 66 81 61 20 76 29 20 91 44 31 76 57 35 37 62 64 78 63 68 23 33 21 30 85 70 72 37 14 66 99 37 45 
62 50 56 36 31 39 26 33 66 58 12 51 52 24 40 0 11 46 46 42 26 20 55 61 54 65 69 39 58 17 17 31 27 64 48 84 29 38 51 35 15 60 44 45 68 54 34 76 41 7 
69 40 45 28 41 50 22 42 69 58 14 59 63 33 33 11 0 52 55 48 38 13 65 57 44 75 67 28 67 26 23 36 38 69 59 85 37 27 40 24 4 71 54 55 65 46 45 87 30 18 
18 71 81 54 23 34 43 17 30 33 38 9 43 55 54 46 52 0 17 78 36 47 24 50 74 42 47 75 24 52 30 18 38 19 37 52 63 69 83 66 54 36 27 29 53 63 33 47 79 43 
21 82 91 64 16 21 52 14 45 50 43 11 27 48 66 46 55 17 0 70 28 54 10 66 85 26 63 81 12 47 34 29 29 31 21 68 56 77 91 74 58 20 12 14 69 76 22 34 85 41 
90 87 90 77 55 51 69 61 104 99 55 79 56 22 81 42 48 78 70 0 42 61 74 103 91 73 111 68 78 27 57 70 41 97 57 124 15 71 80 69 51 73 60 60 110 94 48 86 66 40 
48 74 81 58 13 13 46 20 65 63 31 37 25 21 61 26 38 36 28 42 0 43 34 73 78 39 76 66 37 21 26 33 2 55 22 86 28 64 77 61 41 36 20 20 78 74 8 52 67 20 
65 31 38 16 43 55 9 41 59 46 13 55 67 44 20 20 13 47 54 61 43 0 64 44 35 77 55 28 66 37 20 29 44 62 63 73 49 23 37 19 12 72 56 58 51 33 49 87 32 26 
21 92 101 74 24 23 62 23 50 57 52 16 25 54 76 55 65 24 10 74 34 64 0 74 95 18 70 91 4 54 44 38 35 34 20 73 61 87 101 84 67 12 14 15 77 86 26 24 94 50 
61 41 51 33 64 78 35 58 35 19 49 59 90 83 29 61 57 50 66 103 73 44 74 0 41 92 15 60 74 77 48 40 74 50 84 35 89 52 60 50 56 85 74 76 8 26 75 97 66 64 
90 4 10 21 76 89 34 73 73 56 48 83 102 78 20 54 44 74 85 91 78 35 95 41 0 110 57 27 96 71 54 57 79 83 97 76 81 21 21 22 41 105 89 91 47 15 84 119 33 61 
37 107 115 89 35 26 77 37 68 75 65 34 18 57 91 65 75 42 26 73 39 77 18 92 110 0 88 103 20 59 57 54 40 51 18 90 63 100 114 96 79 6 21 20 95 102 31 13 106 59 
54 57 66 47 66 79 46 59 24 13 57 54 89 89 44 69 67 47 63 111 76 55 70 15 57 88 0 74 69 84 54 43 78 41 83 20 96 66 75 64 67 82 73 75 11 41 76 91 80 71 
93 24 23 28 68 78 33 68 84 69 39 83 91 59 31 39 28 75 81 68 66 28 91 60 27 103 74 0 93 52 47 57 66 89 87 94 60 8 12 10 25 98 82 83 67 38 73 114 6 46 
18 93 102 75 27 27 63 25 48 56 54 15 28 58 76 58 67 24 12 78 37 66 4 74 96 20 69 93 0 58 46 39 38 31 24 71 65 89 103 85 70 14 18 18 76 87 30 23 96 53 
67 67 72 53 32 33 43 36 78 72 28 56 43 7 57 17 26 52 47 27 21 37 54 77 71 59 84 52 58 0 30 43 20 71 41 97 12 53 65 50 30 56 41 41 84 71 28 72 53 13 
47 50 58 33 23 35 20 21 49 42 9 36 48 35 35 17 23 30 34 57 26 20 44 48 54 57 54 47 46 30 0 14 27 47 43 68 42 43 57 40 25 52 36 37 55 48 30 67 51 17 
35 54 64 36 24 38 25 18 35 30 21 27 50 48 37 31 36 18 29 70 33 29 38 40 57 54 43 57 39 43 14 0 35 33 44 55 55 51 65 48 37 48 35 37 45 48 34 62 61 31 
50 75 82 59 15 14 47 21 66 64 31 39 25 20 62 27 38 38 29 41 2 44 35 74 79 40 78 66 38 20 27 35 0 57 22 88 27 64 78 61 41 37 21 21 80 75 9 52 68 20 
14 81 91 64 42 51 55 36 18 31 54 19 57 74 64 64 69 19 31 97 55 62 34 50 83 51 41 89 31 71 47 33 57 0 52 39 82 82 95 79 70 45 42 44 50 70 51 51 94 61 
40 93 101 76 21 9 63 26 66 70 50 33 6 39 78 48 59 37 21 57 22 63 20 84 97 18 83 87 24 41 43 44 22 52 0 89 45 85 98 81 62 16 10 8 88 90 14 31 89 42 
53 77 86 66 75 87 64 68 23 27 72 57 95 102 63 84 85 52 68 124 86 73 73 35 76 90 20 94 71 97 68 55 88 39 89 0 109 86 95 83 84 84 79 81 29 61 85 90 100 85 
76 77 81 64 41 38 55 46 89 84 40 65 45 7 68 29 37 63 56 15 28 49 61 89 81 63 96 60 65 12 42 55 27 82 45 109 0 62 72 59 40 61 47 47 96 82 35 76 59 25 
87 17 19 20 65 76 27 64 76 62 35 78 89 60 23 38 27 69 77 71 64 23 87 52 21 100 66 8 89 53 43 51 64 82 85 86 62 0 14 4 23 95 79 80 59 30 71 110 14 45 
100 20 13 31 79 90 40 78 88 73 49 92 102 71 33 51 40 83 91 80 77 37 101 60 21 114 75 12 103 65 57 65 78 95 98 95 72 14 0 17 36 109 92 94 67 35 84 124 15 58 
83 18 22 17 62 73 24 60 73 59 32 74 85 57 21 35 24 66 74 69 61 19 84 50 22 96 64 10 85 50 40 48 61 79 81 83 59 4 17 0 20 91 75 76 57 29 67 107 16 41 
71 37 42 26 44 54 20 44 69 58 16 61 66 37 30 15 4 54 58 51 41 12 67 56 41 79 67 25 70 30 25 37 41 70 62 84 40 23 36 20 0 74 57 58 63 43 48 89 27 21 
32 101 110 83 30 23 71 31 62 69 60 28 18 55 85 60 71 36 20 73 36 72 12 85 105 6 82 98 14 56 52 48 37 45 16 84 61 95 109 91 74 0 17 16 88 96 28 16 101 54 
32 86 94 68 13 10 56 17 57 60 43 23 16 40 70 44 54 27 12 60 20 56 14 74 89 21 73 82 18 41 36 35 21 42 10 79 47 79 92 75 57 17 0 2 78 82 13 32 84 38 
34 88 96 70 15 9 57 19 59 62 45 25 14 40 72 45 55 29 14 60 20 58 15 76 91 20 75 83 18 41 37 37 21 44 8 81 47 80 94 76 58 16 2 0 80 84 12 32 85 39 
63 48 57 41 69 83 43 63 34 20 56 61 94 90 37 68 65 53 69 110 78 51 77 8 47 95 11 67 76 84 55 45 80 50 88 29 96 59 67 57 63 88 78 80 0 32 80 99 73 71 
79 16 25 18 70 83 29 65 58 42 44 73 96 78 14 54 46 63 76 94 74 33 86 26 15 102 41 38 87 71 48 48 75 70 90 61 82 30 35 29 43 96 82 84 32 0 78 110 44 59 
43 80 87 63 11 6 50 17 63 63 36 32 18 28 66 34 45 33 22 48 8 49 26 75 84 31 76 73 30 28 30 34 9 51 14 85 35 71 84 67 48 28 13 12 80 78 0 44 75 27 
37 116 125 98 45 38 86 46 69 79 75 38 31 70 99 76 87 47 34 86 52 87 24 97 119 13 91 114 23 72 67 62 52 51 31 90 76 110 124 107 89 16 32 32 99 110 44 0 117 70 
97 29 27 33 71 80 38 71 89 75 42 87 93 59 37 41 30 79 85 66 67 32 94 66 33 106 80 6 96 53 51 61 68 94 89 100 59 14 15 16 27 101 84 85 73 44 75 117 0 47 
59 57 63 42 26 33 31 29 66 59 16 48 45 19 45 7 18 43 41 40 20 26 50 64 61 59 71 46 53 13 17 31 20 61 42 85 25 45 58 41 21 54 38 39 71 59 27 70 47 0 
0 1000
1703 1891
716 1177
3559 4017
1976 2427
2577 2668
2163 2318
3073 3813
1855 2257
944 1537
3136 3981
1243 1521
2605 3119
193 1167
2448 2772
3383 4143
4747 4856
886 1238
118 561
3262 4237
2511 3507
423 527
2032 2296
3859 3863
802 1429
2325 2656
4299 4651
4134 4291
2787 3686
2944 3857
3736 4707
322 351
500 1042
4482 5149
1312 2284
2705 2733
4065 4791
4645 5573
3491 3693
4834 5112
3335 3428
1572 2193
579 926
1410 2353
3904 4380
1166 1209
3677 4403
4416 4455
1075 1745
1490 1691
5.015590095022581 77.2166186520639 86.81759697597055 64.94584434879454 38.58681730169935 37.876152916884884 58.98275504625292 35.083754339569595 8.291197161501518 23.159471890768646 59.30091279277 16.064414478412736 31.921988183367176 69.73395154664159 62.76250494534449 67.21754244511166 73.74995685455478 21.84904519096369 22.700157297933465 87.64109599842975 49.43229798070724 66.28737204914627 15.60627289412697 35.982857392200565 77.22495558621357 14.17537976193648 20.66197473274326 92.0220116609267 12.305535589090644 69.83542229614896 51.33303286931849 38.069804518824 50.46512516098068 4.967924146894687 31.376393905772726 0.7453664395313142 76.23190107281438 84.56113176208491 95.51648975194541 81.73966506279304 75.05118301543308 15.358288999926906 29.329864657060046 29.512712326383518 29.858034146496635 61.82308932056833 41.90495894126314 1.367364500532875 97.31463227801892 63.60656856904533 
39.10963281445006 89.5205169389708 92.76635191055779 76.1142918959513 27.850608384104735 13.85081560748327 65.18821931327852 33.829579052197 70.66795140298471 77.7498596651547 49.49279614940829 37.074643285243525 2.485756874291245 16.287570371286375 79.87603775485121 40.178896690848845 49.28857549359685 44.3407357501418 27.861857912800048 2.9084859144746678 20.622401679357637 60.412003772901926 20.844977334370675 92.09834925302245 93.58361079432889 3.0613073407387947 90.9290875765881 70.62540602505288 22.492549834751042 23.26473047211991 46.41125946466157 52.011749875145405 19.349258697740368 53.01169572274742 8.368351009364716 92.04458837263884 12.766872101169657 74.05076344243331 82.55717429283278 71.8687275290239 52.633590552559696 9.280007324466212 18.20500471722053 16.121103219060117 96.5735548568102 93.57268698165264 17.75640288008209 1.8527017197053408 68.0207782792174 34.60063090769143 