50
0 71 11 64 81 34 72 68 34 99 96 52 57 53 76 10 20 100 40 38 34 72 60 44 83 28 71 42 78 96 61 108 85 30 23 48 61 40 35 115 60 72 53 51 99 76 93 55 15 115 
71 0 60 29 54 37 59 60 64 66 46 18 13 43 11 75 69 69 42 35 68 12 41 33 24 75 18 79 40 39 14 49 14 53 50 30 63 41 67 69 16 61 63 37 71 67 61 15 56 65 
11 60 0 53 75 23 68 64 33 93 88 42 47 47 65 16 24 95 29 28 35 62 54 35 73 32 60 45 71 87 51 99 74 21 12 37 58 33 35 108 49 68 51 43 94 73 87 44 5 107 
64 29 53 0 80 32 81 81 72 94 75 27 29 61 24 64 71 97 25 40 76 41 62 44 53 79 13 88 67 68 37 77 37 37 40 16 81 52 75 98 15 83 79 54 98 89 88 26 51 94 
81 54 75 80 0 65 13 18 52 18 28 54 51 28 65 90 65 20 79 51 54 42 21 44 37 65 72 58 16 36 43 43 58 83 73 71 27 42 53 37 64 15 35 32 20 18 12 54 70 39 
34 37 23 32 65 0 62 59 42 82 72 20 25 39 41 38 40 85 15 14 45 41 44 21 54 47 37 57 57 69 31 80 51 19 12 16 57 26 45 93 26 63 52 33 85 69 76 22 20 92 
72 59 68 81 13 62 0 5 41 29 40 54 53 23 70 82 55 29 76 47 42 48 20 41 46 54 75 46 25 48 46 55 66 79 68 70 14 37 42 49 66 3 23 29 28 8 23 55 63 52 
68 60 64 81 18 59 5 0 36 34 45 53 52 21 71 77 50 34 74 45 37 50 19 39 49 49 76 41 28 52 46 60 68 76 65 69 9 34 37 54 66 4 17 27 33 9 29 54 59 57 
34 64 33 72 52 42 41 36 0 69 73 49 52 28 73 44 15 70 55 32 4 60 36 32 67 14 73 16 54 76 51 87 77 52 40 57 28 24 3 88 61 40 20 30 69 44 63 51 30 90 
99 66 93 94 18 82 29 34 69 0 26 69 66 46 76 108 83 4 96 69 71 54 39 61 44 83 84 74 27 37 57 39 67 101 91 87 43 60 70 22 78 30 51 50 6 29 6 69 88 26 
96 46 88 75 28 72 40 45 73 26 0 54 50 45 54 104 85 30 83 60 76 34 37 53 22 87 64 83 19 11 42 15 43 90 82 72 53 56 75 23 60 43 59 46 32 45 24 53 83 20 
52 18 42 27 54 20 54 53 49 69 54 0 5 33 25 57 52 72 28 17 53 22 35 18 35 59 25 65 42 50 13 61 32 37 32 18 54 26 52 77 13 56 52 27 72 62 63 3 38 75 
57 13 47 29 51 25 53 52 52 66 50 5 0 33 22 62 56 69 33 21 55 17 33 20 30 62 24 67 38 45 8 56 27 42 37 22 54 28 55 72 14 55 53 27 69 61 60 4 43 70 
53 43 47 61 28 39 23 21 28 46 45 33 33 0 54 62 40 48 54 25 31 35 8 18 39 42 57 40 26 48 29 59 53 56 46 49 21 14 31 62 46 24 20 7 47 30 40 35 42 63 
76 11 65 24 65 41 70 71 73 76 54 25 22 54 0 79 77 79 43 42 77 23 52 42 33 84 11 89 50 46 25 55 14 54 53 30 74 50 77 77 16 72 74 48 81 78 71 22 61 73 
10 75 16 64 90 38 82 77 44 108 104 57 62 62 79 0 30 109 39 44 44 78 69 51 90 37 73 52 86 103 67 115 89 28 26 50 71 49 45 123 63 81 63 59 109 86 102 60 21 123 
20 69 24 71 65 40 55 50 15 83 85 52 56 40 77 30 0 84 50 35 14 67 48 38 76 8 75 22 66 87 57 98 83 44 34 55 43 31 15 101 63 55 34 40 83 58 77 55 22 103 
100 69 95 97 20 85 29 34 70 4 30 72 69 48 79 109 84 0 98 71 71 57 41 63 48 83 88 74 30 40 60 42 70 103 93 90 43 62 71 24 81 30 51 52 2 28 9 72 90 29 
40 42 29 25 79 15 76 74 55 96 83 28 33 54 43 39 50 98 0 29 58 50 58 36 63 59 35 70 69 79 41 89 55 12 17 13 72 41 58 105 27 77 67 48 98 83 89 30 28 103 
38 35 28 40 51 14 47 45 32 69 60 17 21 25 42 44 35 71 29 0 36 34 30 7 45 42 41 48 44 59 24 71 48 32 22 26 43 12 35 81 29 48 39 19 71 54 62 20 23 80 
34 68 35 76 54 45 42 37 4 71 76 53 55 31 77 44 14 71 58 36 0 63 39 36 70 12 77 12 57 79 54 90 81 54 43 60 29 27 1 90 65 41 20 33 70 45 65 55 32 92 
72 12 62 41 42 41 48 50 60 54 34 22 17 35 23 78 67 57 50 34 63 0 31 30 13 72 31 74 27 29 11 39 18 59 53 38 54 37 63 57 26 50 55 31 58 56 48 20 57 54 
60 41 54 62 21 44 20 19 36 39 37 35 33 8 52 69 48 41 58 30 39 31 0 22 33 50 56 47 19 41 27 51 49 62 52 51 23 21 38 54 47 21 25 11 41 27 33 35 49 55 
44 33 35 44 44 21 41 39 32 61 53 18 20 18 42 51 38 63 36 7 36 30 22 0 40 43 42 47 37 53 20 64 46 40 30 31 38 8 35 74 31 42 35 12 63 48 55 20 30 73 
83 24 73 53 37 54 46 49 67 44 22 35 30 39 33 90 76 48 63 45 70 13 33 40 0 80 42 79 21 15 23 26 23 72 66 52 55 45 69 45 39 48 58 37 49 53 40 34 69 41 
28 75 32 79 65 47 54 49 14 83 87 59 62 42 84 37 8 83 59 42 12 72 50 43 80 0 82 15 68 90 63 101 89 53 42 63 41 36 12 102 70 53 32 43 82 56 77 61 31 104 
71 18 60 13 72 37 75 76 73 84 64 25 24 57 11 73 75 88 35 41 77 31 56 42 42 82 0 89 58 56 30 65 24 47 48 23 78 51 76 87 12 77 76 51 89 83 79 22 57 83 
42 79 45 88 58 57 46 41 16 74 83 65 67 40 89 52 22 74 70 48 12 74 47 47 79 15 89 0 64 88 65 98 92 65 54 72 32 39 13 95 77 44 24 44 73 46 69 67 43 97 
78 40 71 67 16 57 25 28 54 27 19 42 38 26 50 86 66 30 69 44 57 27 19 37 21 68 58 64 0 24 30 33 43 75 66 60 36 38 56 37 51 28 41 28 31 32 21 42 66 37 
96 39 87 68 36 69 48 52 76 37 11 50 45 48 46 103 87 40 79 59 79 29 41 53 15 90 56 88 24 0 38 11 34 87 80 67 59 57 79 31 54 50 65 47 42 54 34 49 82 27 
61 14 51 37 43 31 46 46 51 57 42 13 8 29 25 67 57 60 41 24 54 11 27 20 23 63 30 65 30 38 0 49 26 49 43 30 49 27 54 64 21 48 49 23 61 54 51 12 47 62 
108 49 99 77 43 80 55 60 87 39 15 61 56 59 55 115 98 42 89 71 90 39 51 64 26 101 65 98 33 11 49 0 41 98 92 78 68 68 89 26 64 58 74 58 45 61 38 60 94 21 
85 14 74 37 58 51 66 68 77 67 43 32 27 53 14 89 83 70 55 48 81 18 49 46 23 89 24 92 43 34 26 41 0 66 63 42 72 53 80 65 28 68 74 48 72 73 62 30 70 60 
30 53 21 37 83 19 79 76 52 101 90 37 42 56 54 28 44 103 12 32 54 59 62 40 72 53 47 65 75 87 49 98 66 0 12 24 73 42 54 112 38 80 66 51 103 85 94 39 22 111 
23 50 12 40 73 12 68 65 40 91 82 32 37 46 53 26 34 93 17 22 43 53 52 30 66 42 48 54 66 80 43 92 63 12 0 25 61 31 43 103 37 68 54 41 93 74 84 34 12 103 
48 30 37 16 71 16 70 69 57 87 72 18 22 49 30 50 55 90 13 26 60 38 51 31 52 63 23 72 60 67 30 78 42 24 25 0 69 38 60 95 15 72 65 42 90 78 81 19 35 92 
61 63 58 81 27 57 14 9 28 43 53 54 54 21 74 71 43 43 72 43 29 54 23 38 55 41 78 32 36 59 49 68 72 73 61 69 0 31 29 63 67 12 9 27 41 15 38 56 54 66 
40 41 33 52 42 26 37 34 24 60 56 26 28 14 50 49 31 62 41 12 27 37 21 8 45 36 51 39 38 57 27 68 53 42 31 38 31 0 27 75 39 37 27 10 62 43 54 28 28 75 
35 67 35 75 53 45 42 37 3 70 75 52 55 31 77 45 15 71 58 35 1 63 38 35 69 12 76 13 56 79 54 89 80 54 43 60 29 27 0 89 65 41 20 33 70 44 65 55 32 91 
115 69 108 98 37 93 49 54 88 22 23 77 72 62 77 123 101 24 105 81 90 57 54 74 45 102 87 95 37 31 64 26 65 112 103 95 63 75 89 0 83 51 71 64 26 51 26 76 103 6 
60 16 49 15 64 26 66 66 61 78 60 13 14 46 16 63 63 81 27 29 65 26 47 31 39 70 12 77 51 54 21 64 28 38 37 15 67 39 65 83 0 68 65 40 82 74 73 12 46 80 
72 61 68 83 15 63 3 4 40 30 43 56 55 24 72 81 55 30 77 48 41 50 21 42 48 53 77 44 28 50 48 58 68 80 68 72 12 37 41 51 68 0 21 30 29 6 25 57 63 54 
53 63 51 79 35 52 23 17 20 51 59 52 53 20 74 63 34 51 67 39 20 55 25 35 58 32 76 24 41 65 49 74 74 66 54 65 9 27 20 71 65 21 0 26 50 24 46 54 47 74 
51 37 43 54 32 33 29 27 30 50 46 27 27 7 48 59 40 52 48 19 33 31 11 12 37 43 51 44 28 47 23 58 48 51 41 42 27 10 33 64 40 30 26 0 52 36 44 28 38 65 
99 71 94 98 20 85 28 33 69 6 32 72 69 47 81 109 83 2 98 71 70 58 41 63 49 82 89 73 31 42 61 45 72 103 93 90 41 62 70 26 82 29 50 52 0 27 10 72 89 31 
76 67 73 89 18 69 8 9 44 29 45 62 61 30 78 86 58 28 83 54 45 56 27 48 53 56 83 46 32 54 54 61 73 85 74 78 15 43 44 51 74 6 24 36 27 0 25 63 68 54 
93 61 87 88 12 76 23 29 63 6 24 63 60 40 71 102 77 9 89 62 65 48 33 55 40 77 79 69 21 34 51 38 62 94 84 81 38 54 65 26 73 25 46 44 10 25 0 63 82 29 
55 15 44 26 54 22 55 54 51 69 53 3 4 35 22 60 55 72 30 20 55 20 35 20 34 61 22 67 42 49 12 60 30 39 34 19 56 28 55 76 12 57 54 28 72 63 63 0 40 74 
15 56 5 51 70 20 63 59 30 88 83 38 43 42 61 21 22 90 28 23 32 57 49 30 69 31 57 43 66 82 47 94 70 22 12 35 54 28 32 103 46 63 47 38 89 68 82 40 0 103 
115 65 107 94 39 92 52 57 90 26 20 75 70 63 73 123 103 29 103 80 92 54 55 73 41 104 83 97 37 27 62 21 60 111 103 92 66 75 91 6 80 54 74 65 31 54 29 74 103 0 
0 1000
1304 2143
3384 3789
245 669
2485 2554
962 1129
2111 2885
3539 4500
3956 4853
1385 2140
1771 2373
1530 1666
2666 3194
1093 2080
2914 3534
3696 4277
3196 3516
403 1292
5013 5939
1130 1320
2339 2583
1458 1563
1658 2228
3421 3612
2049 2890
4381 4647
546 1099
1184 1976
2071 2114
2183 3034
4106 4637
4182 4357
2618 3567
1958 2903
4315 5245
4737 5489
664 765
1610 1843
4955 5386
4581 4748
3295 3880
102 603
2750 3454
1074 1706
3813 4754
5138 5926
712 1521
4830 5491
865 922
3007 3940
85.00002580149004 68.99411254094235 85.1045326200894 97.41754019169177 19.372025072239186 83.13993908091402 21.444374410979727 23.97128993869615 51.96630279441613 4.0251869103798406 23.569566433265198 72.7450909871319 69.51338024873529 44.04223948963442 77.612281745464 94.84686776020745 64.63657508945617 1.0188074385826584 97.64228902382125 68.86942108657699 50.68739647009705 56.91821405847431 39.890849096166626 61.918727434556395 45.1802037303714 58.082612764391385 87.14889142523737 43.33285872903963 31.16988639574817 31.89550028408954 61.34769229507984 24.844749972052472 65.6573696492253 99.90773667736026 88.48736659513926 90.51345039672292 27.50759682574867 57.75904657734058 50.5192992233868 0.9550554676088563 82.27245620468395 20.50837110433241 34.58949635924733 50.0265909149573 0.3836749461137323 14.62380478266242 9.992087213139278 72.68082665489737 81.18583661168933 5.204693459961119 
93.13835410196877 24.43764670028741 81.93935672296882 30.51410258685604 46.477963691597104 58.80585167467104 59.206625919607056 63.87780410097134 86.48358006360888 36.43792996230666 19.17095491493116 42.19739824580942 37.86115005077124 59.45922185061945 17.737523976118453 94.8668478107714 93.72676416402612 38.75229990911823 55.69906512258464 58.98034153610882 89.95551671801505 26.86913571408398 52.88181869059454 56.227408389859534 20.248218090651747 99.1140174120761 22.295581721146583 99.61024677967987 36.33407658781881 12.76339210440639 36.68671097430389 3.851948280244233 10.745077568794626 67.19908297226489 69.96658102710192 45.14563767050815 72.06222657519884 63.46986816367235 89.31890772341835 14.88388499027067 32.99239561414905 61.72545569007887 77.5805135708065 56.586359413633836 41.12049814588662 63.59676612015183 38.84281404262854 39.43297169292481 78.89277325052389 10.065660606721716 