50
0 74 63 47 92 51 35 36 44 102 56 62 41 69 70 12 86 39 78 71 76 49 53 96 21 86 59 89 85 47 5 73 30 72 85 44 55 22 79 86 22 19 32 7 46 72 80 30 66 43 
74 0 63 63 18 42 49 59 33 31 64 24 58 6 25 86 13 69 68 37 3 44 73 29 57 24 69 15 36 63 76 58 88 21 20 70 49 60 6 54 92 56 96 79 66 8 10 92 11 33 
63 63 0 91 72 23 70 27 59 72 7 73 83 57 79 74 66 26 113 29 65 23 101 64 44 86 9 68 95 16 60 104 91 77 82 93 87 69 68 108 84 57 94 61 18 55 59 93 52 41 
47 63 91 0 79 70 21 68 36 94 87 40 8 62 44 50 76 76 31 83 63 69 11 92 51 60 92 78 52 79 52 28 36 48 62 8 16 26 64 44 50 37 45 54 80 66 73 41 61 52 
92 18 72 79 0 55 67 73 51 15 75 39 75 23 38 103 6 82 80 43 17 57 89 17 74 28 79 4 42 75 93 70 106 33 23 87 65 78 15 63 110 73 113 96 78 20 14 109 26 50 
51 42 23 70 55 0 49 20 37 59 22 50 62 36 57 63 49 28 90 20 45 2 80 52 30 64 28 51 72 21 50 81 76 55 61 73 64 51 48 85 73 39 81 52 24 36 41 78 32 19 
35 49 70 21 67 49 0 47 17 80 66 31 14 46 37 42 62 56 47 63 50 48 31 76 32 54 71 65 51 58 39 40 39 40 55 25 21 14 52 51 46 19 47 41 60 50 57 43 45 31 
36 59 27 68 73 20 47 0 42 79 21 59 60 52 67 47 67 11 94 40 61 18 77 72 18 78 24 69 84 12 34 85 64 66 76 69 67 44 64 93 58 31 67 35 12 53 59 66 48 27 
44 33 59 36 51 37 17 42 0 63 57 20 29 29 28 54 46 52 54 48 34 36 46 59 31 42 62 48 44 51 46 45 55 28 42 41 27 28 36 51 60 24 63 49 53 33 40 59 27 18 
102 31 72 94 15 59 80 79 63 0 76 54 89 34 53 114 18 88 95 43 31 62 104 8 83 43 81 16 57 79 103 86 119 48 38 101 80 91 30 78 122 84 126 106 82 30 23 122 37 59 
56 64 7 87 75 22 66 21 57 76 0 72 79 58 79 67 69 19 110 33 67 22 97 68 38 86 5 71 95 9 53 102 85 77 83 89 84 64 70 107 77 52 88 54 11 57 61 86 53 39 
62 24 73 40 39 50 31 59 20 54 72 0 36 25 8 72 36 70 45 54 23 50 50 53 51 23 77 38 24 67 66 35 69 9 24 48 25 44 24 36 77 44 77 68 70 29 34 73 26 33 
41 58 83 8 75 62 14 60 29 89 79 36 0 56 41 46 71 69 37 76 58 61 18 86 44 58 84 73 52 72 46 32 35 45 59 12 16 20 60 46 47 30 44 49 73 61 67 40 55 45 
69 6 57 62 23 36 46 52 29 34 58 25 56 0 27 81 17 62 70 32 9 37 72 30 51 29 63 20 40 57 71 60 85 24 26 68 49 57 12 57 88 51 92 73 59 5 11 88 4 28 
70 25 79 44 38 57 37 67 28 53 79 8 41 27 0 79 35 78 43 59 24 57 52 52 59 17 84 37 17 75 73 33 75 4 19 52 28 51 24 30 84 51 84 76 77 32 35 79 30 41 
12 86 74 50 103 63 42 47 54 114 67 72 46 81 79 0 98 49 82 83 87 61 54 108 34 95 69 100 94 57 14 78 23 81 96 45 61 29 90 92 11 30 22 13 56 84 91 22 78 55 
86 13 66 76 6 49 62 67 46 18 69 36 71 17 35 98 0 77 78 38 13 51 86 17 68 28 74 2 42 70 88 69 101 31 23 83 61 73 12 62 105 68 108 90 73 15 8 105 21 44 
39 69 26 76 82 28 56 11 52 88 19 70 69 62 78 49 77 0 103 46 71 26 85 80 25 89 20 79 94 10 35 95 68 77 86 76 76 51 74 103 59 39 70 36 8 63 69 69 58 37 
78 68 113 31 80 90 47 94 54 95 110 45 37 70 43 82 78 103 0 98 67 90 30 95 79 53 116 80 41 104 83 10 66 47 58 37 27 57 66 21 81 66 74 85 106 74 78 70 71 72 
71 37 29 83 43 20 63 40 48 43 33 54 76 32 59 83 38 46 98 0 40 23 94 35 50 61 37 40 72 37 70 89 95 56 57 88 74 68 42 89 93 58 100 72 40 29 31 97 29 32 
76 3 65 63 17 45 50 61 34 31 67 23 58 9 24 87 13 71 67 40 0 46 73 29 59 21 72 15 33 65 78 57 89 19 17 70 49 61 3 53 94 57 96 81 68 10 11 93 13 36 
49 44 23 69 57 2 48 18 36 62 22 50 61 37 57 61 51 26 90 23 46 0 79 54 27 65 27 53 73 19 48 81 74 55 63 72 64 49 50 85 71 37 79 49 22 37 43 76 33 18 
53 73 101 11 89 80 31 77 46 104 97 50 18 72 52 54 86 85 30 94 73 79 0 102 60 68 101 88 59 88 58 30 36 57 71 9 25 34 74 47 51 46 44 60 89 77 83 40 72 62 
96 29 64 92 17 52 76 72 59 8 68 53 86 30 52 108 17 80 95 35 29 54 102 0 76 45 73 16 58 71 97 86 114 48 40 98 78 86 29 79 116 79 121 100 74 26 19 118 32 53 
21 57 44 51 74 30 32 18 31 83 38 51 44 51 59 34 68 25 79 50 59 27 60 76 0 72 42 70 75 29 21 71 48 59 71 51 52 26 62 80 43 14 52 23 30 53 61 49 47 24 
86 24 86 60 28 64 54 78 42 43 86 23 58 29 17 95 28 89 53 61 21 65 68 45 72 0 92 29 14 84 88 45 92 14 5 68 44 67 19 35 100 67 100 91 87 32 32 96 33 51 
59 69 9 92 79 28 71 24 62 81 5 77 84 63 84 69 74 20 116 37 72 27 101 73 42 92 0 76 100 13 56 107 88 82 89 93 89 68 75 112 80 56 90 56 13 62 66 89 59 45 
89 15 68 78 4 51 65 69 48 16 71 38 73 20 37 100 2 79 80 40 15 53 88 16 70 29 76 0 43 72 90 70 103 33 24 85 63 76 14 64 107 70 111 93 74 17 10 107 23 46 
85 36 95 52 42 72 51 84 44 57 95 24 52 40 17 94 42 94 41 72 33 73 59 58 75 14 100 43 0 91 89 33 87 18 19 61 37 65 32 21 97 67 96 92 94 43 44 91 43 57 
47 63 16 79 75 21 58 12 51 79 9 67 72 57 75 57 70 10 104 37 65 19 88 71 29 84 13 72 91 0 44 95 76 73 81 80 77 55 69 102 68 43 78 45 3 56 62 77 52 34 
5 76 60 52 93 50 39 34 46 103 53 66 46 71 73 14 88 35 83 70 78 48 58 97 21 88 56 90 89 44 0 77 34 75 88 49 59 26 81 90 24 22 35 3 43 73 81 34 67 44 
73 58 104 28 70 81 40 85 45 86 102 35 32 60 33 78 69 95 10 89 57 81 30 86 71 45 107 70 33 95 77 0 64 38 49 35 19 51 57 17 77 58 73 80 97 64 68 68 61 63 
30 88 91 36 106 76 39 64 55 119 85 69 35 85 75 23 101 68 66 95 89 74 36 114 48 92 88 103 87 76 34 64 0 78 93 29 51 28 91 80 16 38 9 34 75 88 96 4 82 64 
72 21 77 48 33 55 40 66 28 48 77 9 45 24 4 81 31 77 47 56 19 55 57 48 59 14 82 33 18 73 75 38 78 0 15 56 32 53 19 34 86 53 86 77 76 28 31 82 27 40 
85 20 82 62 23 61 55 76 42 38 83 24 59 26 19 96 23 86 58 57 17 63 71 40 71 5 89 24 19 81 88 49 93 15 0 70 46 68 15 40 101 66 101 91 84 28 27 97 30 49 
44 70 93 8 87 73 25 69 41 101 89 48 12 68 52 45 83 76 37 88 70 72 9 98 51 68 93 85 61 80 49 35 29 56 70 0 24 25 72 51 43 37 38 51 81 73 79 33 68 56 
55 49 87 16 65 64 21 67 27 80 84 25 16 49 28 61 61 76 27 74 49 64 25 78 52 44 89 63 37 77 59 19 51 32 46 24 0 33 50 31 62 40 59 62 79 53 59 55 49 46 
22 60 69 26 78 51 14 44 28 91 64 44 20 57 51 29 73 51 57 68 61 49 34 86 26 67 68 76 65 55 26 51 28 53 68 25 33 0 64 64 33 12 35 29 56 60 68 31 54 36 
79 6 68 64 15 48 52 64 36 30 70 24 60 12 24 90 12 74 66 42 3 50 74 29 62 19 75 14 32 69 81 57 91 19 15 72 50 64 0 51 96 60 99 84 71 13 13 95 17 39 
86 54 108 44 63 85 51 93 51 78 107 36 46 57 30 92 62 103 21 89 53 85 47 79 80 35 112 64 21 102 90 17 80 34 40 51 31 64 51 0 93 69 89 93 104 61 64 84 60 68 
22 92 84 50 110 73 46 58 60 122 77 77 47 88 84 11 105 59 81 93 94 71 51 116 43 100 80 107 97 68 24 77 16 86 101 43 62 33 96 93 0 38 12 23 67 91 99 14 85 64 
19 56 57 37 73 39 19 31 24 84 52 44 30 51 51 30 68 39 66 58 57 37 46 79 14 67 56 70 67 43 22 58 38 53 66 37 40 12 60 69 38 0 43 25 44 54 61 40 48 27 
32 96 94 45 113 81 47 67 63 126 88 77 44 92 84 22 108 70 74 100 96 79 44 121 52 100 90 111 96 78 35 73 9 86 101 38 59 35 99 89 12 43 0 35 77 95 103 4 89 69 
7 79 61 54 96 52 41 35 49 106 54 68 49 73 76 13 90 36 85 72 81 49 60 100 23 91 56 93 92 45 3 80 34 77 91 51 62 29 84 93 23 25 35 0 44 76 83 34 70 47 
46 66 18 80 78 24 60 12 53 82 11 70 73 59 77 56 73 8 106 40 68 22 89 74 30 87 13 74 94 3 43 97 75 76 84 81 79 56 71 104 67 44 77 44 0 59 65 76 55 37 
72 8 55 66 20 36 50 53 33 30 57 29 61 5 32 84 15 63 74 29 10 37 77 26 53 32 62 17 43 56 73 64 88 28 28 73 53 60 13 61 91 54 95 76 59 0 7 92 6 30 
80 10 59 73 14 41 57 59 40 23 61 34 67 11 35 91 8 69 78 31 11 43 83 19 61 32 66 10 44 62 81 68 96 31 27 79 59 68 13 64 99 61 103 83 65 7 0 99 14 37 
30 92 93 41 109 78 43 66 59 122 86 73 40 88 79 22 105 69 70 97 93 76 40 118 49 96 89 107 91 77 34 68 4 82 97 33 55 31 95 84 14 40 4 34 76 92 99 0 86 66 
66 11 52 61 26 32 45 48 27 37 53 26 55 4 30 78 21 58 71 29 13 33 72 32 47 33 59 23 43 52 67 61 82 27 30 68 49 54 17 60 85 48 89 70 55 6 14 86 0 24 
43 33 41 52 50 19 31 27 18 59 39 33 45 28 41 55 44 37 72 32 36 18 62 53 24 51 45 46 57 34 44 63 64 40 49 56 46 36 39 68 64 27 69 47 37 30 37 66 24 0 
0 1000
4131 5075
552 1032
3384 3414
4448 5294
1459 1612
3870 4544
4287 4342
199 1028
4060 4232
786 1375
5059 5319
270 693
2955 3789
2669 3423
3334 3852
3111 3818
1416 2071
3775 3889
639 1260
1266 1977
2204 2529
4833 5617
2498 3078
4571 5429
114 931
4620 4753
2282 2554
420 871
1763 1995
3944 4079
2614 3566
1595 2512
2394 2804
4979 5628
3238 3661
2896 3524
1863 2697
946 1139
3732 4620
1106 1691
3591 3713
3471 4422
1976 2969
2758 3589
3006 3340
4691 5417
2099 2825
4743 4901
673 690
13.233032809296185 77.35841124574648 19.903643907082746 55.24793217214997 90.40982859345644 35.90566129560193 47.823936901422435 18.74041552979593 54.53739482937141 92.08255782795221 16.17058286594675 74.14710382020452 51.94452586699448 71.05981191681832 82.11147637895785 6.1217356285362845 84.77260429428777 8.666311489476918 85.57699150729131 48.773588593320085 79.77500346578532 34.109044879583685 55.38931497568711 83.95305140618997 23.754400670231323 95.83852249438021 11.510485582009034 86.66059560988805 98.041765627164 15.206740349448722 9.512933037006388 83.03876042912019 19.583189841627412 82.65096939477297 94.29745666753257 48.537262649087744 66.95065050606676 34.625378786341244 83.0662191753993 97.87794799842935 5.5676988135778815 31.207145933501867 11.370648967973684 6.638721435735484 12.27211314294151 71.39039552614966 76.87845364944617 15.571517621589859 66.66823072573993 44.94102965391799 
67.09935639413928 29.55796173276185 4.8992104988231695 88.78898322029016 17.558913731739356 21.567750485296422 68.99612752302508 31.697258099529556 53.19325362134904 2.1666617779670716 11.14849220668731 53.38306131526288 81.92088519066864 29.059924073361476 54.17303367137725 77.1324964533092 18.809481714638608 28.62272543454575 97.10090970313475 5.738939882343708 30.58272121095067 23.255475372794866 99.35049811761819 1.7608694489040788 48.53619032487402 44.67842101197844 8.360589556017795 17.35245601467027 58.47195828278026 20.51370515138161 64.02484684823092 87.58238929422089 96.16268885087156 49.705723230828184 40.14695868556927 93.57395058718258 77.66113754754788 72.30415793406677 30.68405918313102 79.88749288819308 87.87865373375749 60.49470891543544 98.63712135776186 64.40739274514938 21.19665280080222 24.424758199302175 19.454695649537246 97.35135617451476 28.53325667774833 37.807884767490265 