50
0 86 66 55 35 34 73 4 74 70 60 73 40 34 94 99 84 85 44 69 45 51 61 56 100 88 58 75 57 60 15 82 60 71 88 29 64 43 105 75 76 60 61 54 11 83 70 31 89 63 
86 0 33 50 78 76 39 91 108 104 37 16 72 92 60 81 78 71 46 23 42 37 36 102 50 80 94 97 37 58 73 81 56 18 74 58 91 66 52 31 46 39 26 95 80 76 20 81 9 37 
66 33 0 55 72 70 55 70 111 106 7 33 69 84 82 100 92 87 41 11 26 19 5 100 77 95 94 103 9 65 52 93 64 32 90 45 95 65 80 50 63 47 28 94 64 90 34 73 41 47 
55 50 55 0 32 30 20 58 59 55 52 34 24 46 40 50 39 36 17 48 34 38 52 52 46 42 44 49 49 11 47 40 10 32 39 29 42 18 50 24 21 11 28 46 45 37 30 35 47 13 
35 78 72 32 0 3 51 37 42 38 67 63 8 14 65 66 50 52 33 70 47 53 68 28 75 54 26 41 64 31 37 48 32 60 55 28 30 14 79 56 50 41 53 23 24 50 59 4 77 44 
34 76 70 30 3 0 49 36 45 40 64 60 7 16 64 67 51 53 31 67 44 51 66 30 74 55 28 43 61 30 35 49 31 58 55 26 32 13 78 54 49 39 50 26 23 50 57 5 75 43 
73 39 55 20 51 49 0 77 71 68 55 25 43 65 28 45 40 33 31 46 42 43 54 69 28 42 59 59 52 22 64 42 21 24 36 45 55 37 32 7 8 14 27 62 63 37 22 55 33 11 
4 91 70 58 37 36 77 0 75 70 64 77 43 35 97 102 87 88 48 73 49 55 65 56 104 90 60 76 61 63 19 84 64 75 90 34 66 46 108 79 79 64 65 55 14 86 74 33 93 67 
74 108 111 59 42 45 71 75 0 5 106 92 43 40 67 55 41 49 70 106 86 92 107 19 83 43 17 14 103 50 79 37 51 90 49 70 17 46 86 78 65 69 86 20 65 43 88 44 103 71 
70 104 106 55 38 40 68 70 5 0 102 88 38 36 66 55 40 47 66 102 82 88 103 15 81 42 12 13 99 46 74 36 48 86 48 65 13 42 84 75 62 65 82 16 60 42 85 40 100 67 
60 37 7 52 67 64 55 64 106 102 0 34 64 78 82 98 90 86 37 14 20 14 2 94 78 93 90 99 3 62 45 91 61 33 88 39 90 60 81 50 62 45 27 89 57 88 34 68 45 46 
73 16 33 34 63 60 25 77 92 88 34 0 56 77 51 69 65 59 31 22 31 28 33 86 44 67 78 82 33 43 60 67 41 3 61 44 75 50 48 19 33 23 12 79 66 62 4 65 16 21 
40 72 69 24 8 7 43 43 43 38 64 56 0 22 57 59 44 45 28 65 44 50 65 31 67 48 26 39 61 23 39 42 24 54 48 27 28 6 71 48 42 34 47 25 29 43 52 12 70 37 
34 92 84 46 14 16 65 35 40 36 78 77 22 0 77 76 59 63 47 82 59 65 80 22 88 63 26 43 75 44 42 56 46 74 65 39 33 28 92 70 64 56 67 21 26 59 73 11 91 59 
94 60 82 40 65 64 28 97 67 66 82 51 57 77 0 21 26 19 56 73 69 71 82 73 17 26 61 54 80 34 87 31 34 50 19 69 54 52 19 32 21 40 55 66 83 25 49 69 52 38 
99 81 100 50 66 67 45 102 55 55 98 69 59 76 21 0 16 14 68 91 83 86 98 65 37 13 54 42 96 41 95 20 41 69 12 78 46 56 38 51 37 54 71 60 88 16 67 70 73 53 
84 78 92 39 50 51 40 87 41 40 90 65 44 59 26 16 0 8 56 84 73 77 90 50 43 4 38 28 87 29 82 4 29 64 8 65 30 41 45 47 32 46 64 44 73 3 62 55 71 45 
85 71 87 36 52 53 33 88 49 47 86 59 45 63 19 14 8 0 53 79 70 73 86 55 35 9 44 35 83 27 81 12 27 58 3 63 37 42 37 40 25 41 59 50 74 6 56 57 64 40 
44 46 41 17 33 31 31 48 70 66 37 31 28 47 56 68 56 53 0 37 17 22 37 59 58 60 54 63 34 28 33 56 27 28 56 15 54 24 63 31 35 17 20 54 36 54 28 35 47 20 
69 23 11 48 70 67 46 73 106 102 14 22 65 82 73 91 84 79 37 0 25 18 13 96 66 87 90 97 14 59 54 86 57 22 82 44 89 60 70 40 54 39 20 90 65 82 24 71 31 39 
45 42 26 34 47 44 42 49 86 82 20 31 44 59 69 83 73 70 17 25 0 7 21 74 69 76 70 80 17 45 31 73 44 29 72 20 71 40 73 40 49 30 19 69 40 71 29 48 46 32 
51 37 19 38 53 51 43 55 92 88 14 28 50 65 71 86 77 73 22 18 7 0 15 81 69 80 76 85 11 49 36 77 48 26 76 26 76 46 73 40 51 32 17 75 47 75 27 54 42 33 
61 36 5 52 68 66 54 65 107 103 2 33 65 80 82 98 90 86 37 13 21 15 0 96 77 93 91 100 5 63 47 91 62 32 89 41 91 61 81 50 62 45 27 90 59 88 34 69 43 46 
56 102 100 52 28 30 69 56 19 15 94 86 31 22 73 65 50 55 59 96 74 81 96 0 87 52 11 26 91 46 62 46 48 84 57 56 19 36 90 75 65 63 78 7 47 50 82 28 99 66 
100 50 77 46 75 74 28 104 83 81 78 44 67 88 17 37 43 35 58 66 69 69 77 87 0 43 76 70 76 44 92 47 43 45 36 73 69 61 4 29 25 41 51 80 90 41 43 79 40 38 
88 80 95 42 54 55 42 90 43 42 93 67 48 63 26 13 4 9 60 87 76 80 93 52 43 0 41 29 90 32 85 7 33 66 7 68 33 45 45 49 34 48 67 47 77 5 64 58 73 48 
58 94 94 44 26 28 59 60 17 12 90 78 26 26 61 54 38 44 54 90 70 76 91 11 76 41 0 17 87 36 62 34 38 76 45 53 8 30 79 65 54 55 71 6 49 39 74 28 90 57 
75 97 103 49 41 43 59 76 14 13 99 82 39 43 54 42 28 35 63 97 80 85 100 26 70 29 17 0 96 39 77 23 41 80 35 65 10 40 72 66 53 59 77 23 65 29 78 43 92 60 
57 37 9 49 64 61 52 61 103 99 3 33 61 75 80 96 87 83 34 14 17 11 5 91 76 90 87 96 0 60 42 88 59 32 86 36 87 57 80 48 60 42 25 86 55 85 33 65 44 43 
60 58 65 11 31 30 22 63 50 46 62 43 23 44 34 41 29 27 28 59 45 49 63 46 44 32 36 39 60 0 55 29 2 41 30 37 33 17 48 29 20 20 38 39 49 27 39 35 54 21 
15 73 52 47 37 35 64 19 79 74 45 60 39 42 87 95 82 81 33 54 31 36 47 62 92 85 62 77 42 55 0 80 55 58 84 19 67 41 96 64 68 50 48 59 16 80 58 35 76 53 
82 81 93 40 48 49 42 84 37 36 91 67 42 56 31 20 4 12 56 86 73 77 91 46 47 7 34 23 88 29 80 0 30 66 12 64 26 40 49 49 34 47 65 40 71 6 64 52 74 47 
60 56 64 10 32 31 21 64 51 48 61 41 24 46 34 41 29 27 27 57 44 48 62 48 43 33 38 41 59 2 55 30 0 39 30 37 35 18 47 27 18 18 37 41 50 27 37 36 52 20 
71 18 32 32 60 58 24 75 90 86 33 3 54 74 50 69 64 58 28 22 29 26 32 84 45 66 76 80 32 41 58 66 39 0 60 42 73 48 48 18 33 21 10 77 63 61 2 63 18 20 
88 74 90 39 55 55 36 90 49 48 88 61 48 65 19 12 8 3 56 82 72 76 89 57 36 7 45 35 86 30 84 12 30 60 0 66 38 44 38 43 28 44 62 51 77 6 58 59 66 43 
29 58 45 29 28 26 45 34 70 65 39 44 27 39 69 78 65 63 15 44 20 26 41 56 73 68 53 65 36 37 19 64 37 42 66 0 55 26 77 46 49 31 32 51 22 63 41 29 60 35 
64 91 95 42 30 32 55 66 17 13 90 75 28 33 54 46 30 37 54 89 71 76 91 19 69 33 8 10 87 33 67 26 35 73 38 55 0 30 72 61 49 52 70 14 54 31 72 33 87 54 
43 66 65 18 14 13 37 46 46 42 60 50 6 28 52 56 41 42 24 60 40 46 61 36 61 45 30 40 57 17 41 40 18 48 44 26 30 0 65 42 36 28 42 30 33 40 46 18 64 31 
105 52 80 50 79 78 32 108 86 84 81 48 71 92 19 38 45 37 63 70 73 73 81 90 4 45 79 72 80 48 96 49 47 48 38 77 72 65 0 33 29 46 55 83 95 43 47 83 43 43 
75 31 50 24 56 54 7 79 78 75 50 19 48 70 32 51 47 40 31 40 40 40 50 75 29 49 65 66 48 29 64 49 27 18 43 46 61 42 33 0 15 15 23 68 66 44 17 59 26 12 
76 46 63 21 50 49 8 79 65 62 62 33 42 64 21 37 32 25 35 54 49 51 62 65 25 34 54 53 60 20 68 34 18 33 28 49 49 36 29 15 0 19 35 58 65 29 31 54 40 17 
60 39 47 11 41 39 14 64 69 65 45 23 34 56 40 54 46 41 17 39 30 32 45 63 41 48 55 59 42 20 50 47 18 21 44 31 52 28 46 15 19 0 19 56 51 43 19 45 36 3 
61 26 28 28 53 50 27 65 86 82 27 12 47 67 55 71 64 59 20 20 19 17 27 78 51 67 71 77 25 38 48 65 37 10 62 32 70 42 55 23 35 19 0 72 54 62 10 55 28 19 
54 95 94 46 23 26 62 55 20 16 89 79 25 21 66 60 44 50 54 90 69 75 90 7 80 47 6 23 86 39 59 40 41 77 51 51 14 30 83 68 58 56 72 0 45 45 76 24 92 59 
11 80 64 45 24 23 63 14 65 60 57 66 29 26 83 88 73 74 36 65 40 47 59 47 90 77 49 65 55 49 16 71 50 63 77 22 54 33 95 66 65 51 54 45 0 72 63 21 82 54 
83 76 90 37 50 50 37 86 43 42 88 62 43 59 25 16 3 6 54 82 71 75 88 50 41 5 39 29 85 27 80 6 27 61 6 63 31 40 43 44 29 43 62 45 72 0 59 54 69 43 
70 20 34 30 59 57 22 74 88 85 34 4 52 73 49 67 62 56 28 24 29 27 34 82 43 64 74 78 33 39 58 64 37 2 58 41 72 46 47 17 31 19 10 76 63 59 0 62 19 18 
31 81 73 35 4 5 55 33 44 40 68 65 12 11 69 70 55 57 35 71 48 54 69 28 79 58 28 43 65 35 35 52 36 63 59 29 33 18 83 59 54 45 55 24 21 54 62 0 80 48 
89 9 41 47 77 75 33 93 103 100 45 16 70 91 52 73 71 64 47 31 46 42 43 99 40 73 90 92 44 54 76 74 52 18 66 60 87 64 43 26 40 36 28 92 82 69 19 80 0 34 
63 37 47 13 44 43 11 67 71 67 46 21 37 59 38 53 45 40 20 39 32 33 46 66 38 48 57 60 43 21 53 47 20 20 43 35 54 31 43 12 17 3 19 59 54 43 18 48 34 0 
0 1000
1687 2146
3829 3994
3380 3807
2323 3177
3242 3387
4327 4646
4172 4634
3100 3877
582 843
2750 3163
763 1185
1477 1992
251 1085
4416 5002
4069 4118
1198 1903
344 720
4230 4289
3891 4498
1741 2086
3556 3947
2465 3335
2653 3037
2002 2003
904 1366
2168 2708
1885 2556
3786 4442
108 355
1033 1549
413 782
2268 2558
1613 1983
4717 5167
1392 2056
4507 4649
2544 3337
704 1080
3697 3764
3413 3466
3363 4043
1272 2180
2844 3121
490 1102
2974 3392
4815 4875
1514 2366
3617 3894
4657 5248
6.853479376304172 33.39866013764383 4.310566302021757 49.01876184701368 41.54126843803717 39.76889950846964 57.770126804809564 5.42930792850621 79.37718439532121 75.1415222564994 3.7429906368647736 37.02505668099308 45.36068806796435 39.40477593310633 85.33564396601861 99.33745132864355 87.11533108722433 85.11631646941876 31.774574153913328 14.687827398510588 16.37121165161051 14.400701097816771 4.282464126974872 60.03461398111818 80.89241738162738 90.60817850099733 64.95413447522968 81.61261072673175 5.619992160591314 58.704606427861215 6.202290247005616 86.0882583392841 58.33778811935041 36.47049221787412 88.0564945514133 22.258954811285324 71.18631398714709 46.674487020735775 84.3864702705615 53.85341143108499 64.98163025333731 46.14571867079491 30.844149122394825 60.011908443899806 17.142673314914912 85.414290238741 38.00720675381223 38.217053002641364 42.77237982602537 47.8198739308163 
82.73993582728939 0.6245824059079474 16.453850421112392 47.973113611612085 78.64507633933707 76.44415340501757 30.484302821336804 86.78781927156224 97.98727937086805 95.934199077541 23.215809842332746 16.147589989362476 71.55632774971534 92.89753824603395 30.98958395886854 46.86451516594151 57.42746597846929 49.55810766652261 46.70838173669194 14.327159449029047 39.08245289266361 32.551880641956785 21.315705463364722 99.06560421149938 15.012237779277138 56.470889456529385 88.84625306780299 84.52367144954161 25.63191374164098 52.914431524745275 67.93593619826382 61.64604380649956 51.18595928858053 18.689720664798315 49.91783437269424 57.81769201241603 83.43249891991528 65.45299526948905 12.390579776250888 24.499744740515027 34.370104841030745 37.58959910753363 26.757062089246443 92.24261292257798 79.09594355562285 55.54394828651079 19.870951107183153 81.51258642869273 1.4645732238174225 34.638467209039426 