50
0 75 71 82 80 2 17 53 94 26 25 46 47 20 76 58 25 56 6 57 60 78 29 44 76 36 42 80 48 79 84 91 31 53 33 12 12 73 54 36 40 53 22 16 29 78 27 65 86 38 
75 0 6 71 83 74 73 40 21 55 57 61 75 64 91 77 56 43 80 38 32 90 83 39 73 40 51 35 45 90 35 19 50 89 89 87 85 54 28 62 62 78 59 73 93 18 84 21 19 50 
71 6 0 74 85 69 68 41 27 52 54 61 75 59 92 78 53 37 76 32 25 92 81 38 76 35 50 40 39 91 40 25 44 88 87 82 81 57 28 61 56 79 54 68 90 23 81 15 25 44 
82 71 74 0 15 83 95 39 72 58 59 36 40 89 28 30 59 98 84 95 91 27 64 48 8 73 42 39 94 25 42 68 84 47 66 91 92 17 50 47 102 37 86 93 75 56 66 85 61 91 
80 83 85 15 0 81 94 46 86 59 60 36 34 90 13 22 60 104 81 102 99 12 57 54 10 78 45 53 99 10 56 82 87 36 58 88 89 29 58 45 105 29 88 93 68 69 59 94 75 95 
2 74 69 83 81 0 15 53 93 26 25 47 49 17 78 60 25 54 8 55 58 79 31 44 78 35 43 80 45 80 84 90 29 55 35 13 12 74 54 37 37 55 20 13 31 78 30 64 85 36 
17 73 68 95 94 15 0 61 94 36 35 59 63 9 92 74 35 45 21 47 52 93 47 51 90 34 53 86 37 94 89 91 24 70 50 21 18 83 59 49 24 69 14 2 46 81 45 59 88 28 
53 40 41 39 46 53 61 0 51 27 29 21 36 54 52 37 28 59 57 56 53 52 49 10 38 35 14 28 55 51 32 47 46 49 53 64 65 24 13 25 64 38 50 60 60 32 50 48 41 53 
94 21 27 72 86 93 94 51 0 72 74 72 86 85 96 85 73 63 99 58 52 95 98 54 76 60 64 33 66 94 30 4 70 99 104 106 105 56 42 76 83 88 80 94 109 19 99 41 11 71 
26 55 52 58 59 26 36 27 72 0 2 23 32 31 59 41 1 52 30 51 51 60 29 19 54 24 16 54 45 60 58 68 30 43 35 37 38 48 30 15 47 37 28 35 38 55 29 52 63 38 
25 57 54 59 60 25 35 29 74 2 0 24 31 30 59 40 1 53 28 52 52 60 27 21 55 26 18 56 46 60 60 70 30 42 33 36 36 49 32 15 47 37 28 34 36 56 27 53 65 39 
46 61 61 36 36 47 59 21 72 23 24 0 15 54 36 19 24 72 48 70 68 37 31 23 31 44 11 46 65 37 50 68 52 28 35 55 56 30 33 10 70 18 52 57 43 53 32 65 62 60 
47 75 75 40 34 49 63 36 86 32 31 15 0 60 29 12 32 83 48 82 80 30 24 37 33 55 25 59 76 31 63 83 62 13 26 54 56 39 47 17 78 6 59 61 35 68 26 79 76 70 
20 64 59 89 90 17 9 54 85 31 30 54 60 0 89 70 30 37 25 39 43 90 47 43 84 25 46 78 29 90 81 82 15 68 51 27 25 76 50 45 20 66 5 9 48 71 45 50 78 20 
76 91 92 28 13 78 92 52 96 59 59 36 29 89 0 18 59 108 76 105 103 2 51 58 21 80 47 63 102 4 67 92 88 27 50 83 84 40 64 44 106 23 87 90 60 78 53 99 85 96 
58 77 78 30 22 60 74 37 85 41 40 19 12 70 18 0 41 90 59 88 86 20 35 41 22 62 30 55 84 20 59 81 70 17 36 66 67 33 49 25 87 7 69 72 46 67 37 83 75 78 
25 56 53 59 60 25 35 28 73 1 1 24 32 30 59 41 0 52 29 51 51 60 28 20 55 25 17 56 45 61 59 69 30 42 34 36 36 49 31 15 47 37 28 34 37 56 28 52 64 38 
56 43 37 98 104 54 45 59 63 52 53 72 83 37 108 90 52 0 61 5 12 108 78 51 97 28 61 72 8 108 73 62 25 94 83 65 62 82 49 66 23 88 34 46 83 58 77 22 62 18 
6 80 76 84 81 8 21 57 99 30 28 48 48 25 76 59 29 61 0 63 66 78 27 49 78 42 45 84 53 79 88 96 37 52 30 8 8 76 59 37 44 53 28 19 25 83 25 71 91 44 
57 38 32 95 102 55 47 56 58 51 52 70 82 39 105 88 51 5 63 0 7 106 78 48 94 27 59 67 11 106 69 57 26 93 83 66 64 78 45 65 27 87 35 48 83 53 77 17 57 20 
60 32 25 91 99 58 52 53 52 51 52 68 80 43 103 86 51 12 66 7 0 103 79 45 90 27 56 62 16 103 63 50 29 93 84 70 68 74 41 64 34 85 39 52 85 47 78 11 50 24 
78 90 92 27 12 79 93 52 95 60 60 37 30 90 2 20 60 108 78 106 103 0 52 58 20 81 48 63 102 2 67 91 89 29 52 84 86 39 64 45 107 25 88 92 62 78 55 100 85 97 
29 83 81 64 57 31 47 49 98 29 27 31 24 47 51 35 28 78 27 78 79 52 0 45 57 52 35 76 70 54 80 95 54 25 6 33 35 60 56 23 67 28 48 45 12 80 2 81 89 62 
44 39 38 48 54 44 51 10 54 19 21 23 37 43 58 41 20 51 49 48 45 58 45 0 46 25 12 36 46 58 39 50 36 50 50 56 56 34 11 23 54 41 40 50 55 36 46 42 44 42 
76 73 76 8 10 78 90 38 76 54 55 31 33 84 21 22 55 97 78 94 90 20 57 46 0 71 39 43 92 19 47 72 81 39 58 85 87 20 50 41 99 29 82 88 68 59 59 85 65 88 
36 40 35 73 78 35 34 35 60 24 26 44 55 25 80 62 25 28 42 27 27 81 52 25 71 0 33 55 21 81 58 57 12 67 58 47 46 59 28 38 30 60 20 34 59 47 52 30 54 18 
42 51 50 42 45 43 53 14 64 16 18 11 25 46 47 30 17 61 45 59 56 48 35 12 39 33 0 41 55 48 45 60 42 38 40 53 53 31 23 12 61 29 44 51 46 45 36 54 54 50 
80 35 40 39 53 80 86 28 33 54 56 46 59 78 63 55 56 72 84 67 62 63 76 36 43 55 41 0 70 62 4 29 67 71 80 92 92 24 28 52 84 59 73 85 87 18 77 53 23 71 
48 45 39 94 99 45 37 55 66 45 46 65 76 29 102 84 45 8 53 11 16 102 70 46 92 21 55 70 0 103 72 64 17 87 75 56 54 78 45 59 18 81 25 38 75 58 69 26 63 9 
79 90 91 25 10 80 94 51 94 60 60 37 31 90 4 20 61 108 79 106 103 2 54 58 19 81 48 62 103 0 65 90 90 31 54 85 87 38 64 46 107 26 89 92 63 77 56 99 83 98 
84 35 40 42 56 84 89 32 30 58 60 50 63 81 67 59 59 73 88 69 63 67 80 39 47 58 45 4 72 65 0 26 70 75 84 96 95 28 31 57 86 64 76 89 91 17 81 54 20 74 
91 19 25 68 82 90 91 47 4 68 70 68 83 82 92 81 69 62 96 57 50 91 95 50 72 57 60 29 64 90 26 0 68 96 100 103 102 53 39 72 81 84 77 91 105 15 96 40 7 69 
31 50 44 84 87 29 24 46 70 30 30 52 62 15 88 70 30 25 37 26 29 89 54 36 81 12 42 67 17 90 70 68 0 72 59 41 39 70 40 45 18 67 10 24 58 59 53 35 65 8 
53 89 88 47 36 55 70 49 99 43 42 28 13 68 27 17 42 94 52 93 93 29 25 50 39 67 38 71 87 31 75 96 72 0 24 57 59 50 60 29 87 12 68 68 33 81 27 92 89 80 
33 89 87 66 58 35 50 53 104 35 33 35 26 51 50 36 34 83 30 83 84 52 6 50 58 58 40 80 75 54 84 100 59 24 0 35 37 64 61 28 71 29 52 49 10 85 6 86 94 67 
12 87 82 91 88 13 21 64 106 37 36 55 54 27 83 66 36 65 8 66 70 84 33 56 85 47 53 92 56 85 96 103 41 57 35 0 3 83 66 45 46 60 31 20 28 90 30 76 98 47 
12 85 81 92 89 12 18 65 105 38 36 56 56 25 84 67 36 62 8 64 68 86 35 56 87 46 53 92 54 87 95 102 39 59 37 3 0 84 66 46 43 61 29 17 30 90 33 74 97 45 
73 54 57 17 29 74 83 24 56 48 49 30 39 76 40 33 49 82 76 78 74 39 60 34 20 59 31 24 78 38 28 53 70 50 64 83 84 0 33 39 88 38 73 82 72 39 62 68 46 76 
54 28 28 50 58 54 59 13 42 30 32 33 47 50 64 49 31 49 59 45 41 64 56 11 50 28 23 28 45 64 31 39 40 60 61 66 66 33 0 34 57 50 46 58 67 25 57 36 33 45 
36 62 61 47 45 37 49 25 76 15 15 10 17 45 44 25 15 66 37 65 64 45 23 23 41 38 12 52 59 46 57 72 45 29 28 45 46 39 34 0 62 22 43 48 35 57 25 63 66 53 
40 62 56 102 105 37 24 64 83 47 47 70 78 20 106 87 47 23 44 27 34 107 67 54 99 30 61 84 18 107 86 81 18 87 71 46 43 88 57 62 0 84 19 26 68 74 65 43 79 13 
53 78 79 37 29 55 69 38 88 37 37 18 6 66 23 7 37 88 53 87 85 25 28 41 29 60 29 59 81 26 64 84 67 12 29 60 61 38 50 22 84 0 65 67 39 70 31 83 78 75 
22 59 54 86 88 20 14 50 80 28 28 52 59 5 87 69 28 34 28 35 39 88 48 40 82 20 44 73 25 89 76 77 10 68 52 31 29 73 46 43 19 65 0 14 50 67 46 46 73 16 
16 73 68 93 93 13 2 60 94 35 34 57 61 9 90 72 34 46 19 48 52 92 45 50 88 34 51 85 38 92 89 91 24 68 49 20 17 82 58 48 26 67 14 0 44 80 43 60 87 28 
29 93 90 75 68 31 46 60 109 38 36 43 35 48 60 46 37 83 25 83 85 62 12 55 68 59 46 87 75 63 91 105 58 33 10 28 30 72 67 35 68 39 50 44 0 91 10 88 99 66 
78 18 23 56 69 78 81 32 19 55 56 53 68 71 78 67 56 58 83 53 47 78 80 36 59 47 45 18 58 77 17 15 59 81 85 90 90 39 25 57 74 70 67 80 91 0 81 38 8 61 
27 84 81 66 59 30 45 50 99 29 27 32 26 45 53 37 28 77 25 77 78 55 2 46 59 52 36 77 69 56 81 96 53 27 6 30 33 62 57 25 65 31 46 43 10 81 0 81 90 61 
65 21 15 85 94 64 59 48 41 52 53 65 79 50 99 83 52 22 71 17 11 100 81 42 85 30 54 53 26 99 54 40 35 92 86 76 74 68 36 63 43 83 46 60 88 38 81 0 40 33 
86 19 25 61 75 85 88 41 11 63 65 62 76 78 85 75 64 62 91 57 50 85 89 44 65 54 54 23 63 83 20 7 65 89 94 98 97 46 33 66 79 78 73 87 99 8 90 40 0 67 
38 50 44 91 95 36 28 53 71 38 39 60 70 20 96 78 38 18 44 20 24 97 62 42 88 18 50 71 9 98 74 69 8 80 67 47 45 76 45 53 13 75 16 28 66 61 61 33 67 0 
0 1000
2666 2979
959 1418
4867 5700
1423 2103
48 63
792 1463
639 895
2957 3514
2293 2513
3414 3595
596 1454
4812 5799
770 1061
1322 1803
4736 4860
359 938
3469 3885
3584 4153
1583 1865
3048 3073
3273 4087
1983 2392
1113 1642
4117 4553
94 271
2888 3871
503 957
2093 2689
216 434
4630 4640
3860 3902
2726 2965
4370 5144
4468 5320
2781 3038
1202 1567
1053 1591
1919 2624
2008 2059
4246 5237
1790 2507
2553 2672
4018 4860
1668 2464
2404 3318
3704 3819
3133 3400
4972 5013
2177 2465
82.47545609286227 23.687463482804027 29.945733193659763 3.3830028455552053 10.812086072692074 82.92157485927308 90.30051451852655 29.838889299377325 2.892401205480466 56.52615436560321 57.94860815028392 38.66853789005083 43.29121982065681 81.77410408558116 20.281693486508235 32.31978238630957 57.520006584181814 66.19172683188056 85.60163539462684 61.286690172083745 54.47762960670457 18.446492639178903 66.94025424090249 39.3287120053281 10.381701756004402 58.318388557898736 40.58361838137641 4.120596682968669 68.61742448650166 16.664655174532818 1.077023917790887 4.4904644994186675 70.1546351102555 46.92741010602266 68.64313035833567 93.11758692037895 93.73850167003313 9.646822093789087 31.793160365483786 48.54430997727229 85.13508251405298 39.18409196757013 77.30379007380297 89.41823437330527 78.37757673667845 11.615408933469052 69.15933972985033 43.840103964378976 6.150501567701472 72.71771047497795 
55.23365405324272 8.834864121372132 7.806208664690262 76.85028566389187 90.43419995518049 52.77743367293741 39.614244886711944 48.639166049613856 5.264296649163747 52.7727980790602 54.07082625491586 67.879834315099 81.68773914956003 35.630546748147175 99.29494825635857 85.2787580867369 53.21102258763126 1.8273530505800606 60.0936510259969 2.140824157593857 2.1183713430214635 99.12158467944874 79.91891191404252 44.62069971290155 80.78570235375891 28.487434105989507 56.862544086619295 37.92160899860186 9.791807743212733 98.23052737687189 34.919480413305415 8.735478930537322 26.357168946529974 94.3188087979944 85.20324811518617 60.49731180185178 57.66365217646935 61.11460501698114 36.037180933910264 65.70587658902916 15.67499289769435 85.77748189415661 33.47202756218716 41.262761601045305 83.71931115527573 21.895743177622528 79.08957258026685 2.6366020654361555 15.473169105770012 18.330166954382186 