50
0 15 71 39 20 18 58 54 45 26 24 10 27 36 60 45 33 67 21 38 64 62 56 32 36 78 38 87 47 22 53 70 51 39 72 47 29 18 36 48 62 31 16 51 41 73 42 21 44 37 
15 0 62 39 27 31 50 41 32 38 12 21 27 49 56 38 42 52 11 34 61 49 49 17 31 69 24 73 32 8 53 60 47 44 66 41 23 5 21 40 50 30 8 37 44 68 45 24 30 26 
71 62 0 45 63 90 15 31 36 77 49 81 87 89 109 88 71 60 68 38 32 24 19 49 87 8 45 49 49 58 45 3 32 60 19 27 42 63 56 89 78 89 56 49 54 24 54 85 40 70 
39 39 45 0 23 55 30 47 42 34 32 49 64 45 95 77 26 75 50 10 25 50 26 41 70 49 44 81 54 42 14 45 15 15 37 19 19 43 51 79 82 68 31 58 10 37 11 60 45 62 
20 27 63 23 0 32 48 55 47 14 28 29 47 28 80 63 15 76 37 26 48 61 46 39 55 69 44 90 55 33 34 63 36 19 59 37 23 32 46 66 77 51 21 59 21 59 22 41 48 53 
18 31 90 55 32 0 76 71 63 29 42 10 26 33 58 48 40 81 33 55 80 80 74 48 38 96 55 103 63 38 67 88 67 50 89 65 47 33 50 52 72 31 34 67 53 90 54 20 61 48 
58 50 15 30 48 76 0 29 29 62 37 67 76 74 100 80 56 60 57 22 23 26 4 40 77 21 38 57 44 47 32 15 18 45 18 11 28 52 48 81 75 78 43 45 39 22 40 73 34 62 
54 41 31 47 55 71 29 0 9 69 30 62 62 82 79 59 68 31 43 37 51 9 32 24 59 39 18 35 18 34 56 28 42 62 46 31 32 40 27 59 47 63 38 17 57 50 58 61 11 41 
45 32 36 42 47 63 29 9 0 61 21 53 54 74 73 53 61 33 34 32 50 17 32 15 52 43 10 43 15 26 52 33 39 55 48 28 25 31 20 53 45 55 29 17 51 51 52 53 4 35 
26 38 77 34 14 29 62 69 61 0 41 30 50 13 84 70 11 89 46 39 58 75 59 51 61 82 57 104 68 45 43 77 48 23 71 50 37 42 58 73 87 55 34 72 28 71 29 45 61 62 
24 12 49 32 28 42 37 30 21 41 0 32 39 54 66 46 43 48 20 24 50 38 37 11 41 57 17 64 27 11 45 48 37 41 54 29 13 14 20 48 51 41 8 31 38 57 40 36 21 30 
10 21 81 49 29 10 67 62 53 30 32 0 20 38 54 41 40 71 23 48 74 70 66 38 31 88 45 93 52 28 62 79 61 47 82 57 39 22 40 45 63 25 25 56 50 84 51 14 51 38 
27 27 87 64 47 26 76 62 54 50 39 20 0 58 34 23 59 62 20 61 87 71 76 39 12 95 44 89 48 29 78 85 74 66 93 68 50 24 36 26 48 5 35 52 67 95 68 6 51 27 
36 49 89 45 28 33 74 82 74 13 54 38 58 0 91 79 19 101 57 52 68 88 71 64 69 94 70 117 80 57 52 89 60 32 82 63 51 53 70 82 98 63 47 85 38 81 38 52 75 73 
60 56 109 95 80 58 100 79 73 84 66 54 34 91 0 21 93 64 46 90 116 88 101 61 25 116 63 94 61 55 109 106 103 99 118 94 78 52 53 20 42 29 65 63 99 121 101 40 69 39 
45 38 88 77 63 48 80 59 53 70 46 41 23 79 21 0 78 47 27 70 96 67 81 40 11 96 43 77 41 35 90 86 83 81 98 74 59 33 32 3 29 18 46 43 81 101 83 28 48 18 
33 42 71 26 15 40 56 68 61 11 43 40 59 19 93 78 0 91 52 34 49 73 53 54 69 76 59 103 69 49 33 71 41 13 63 45 36 47 62 81 92 64 37 73 19 62 19 54 62 68 
67 52 60 75 76 81 60 31 33 89 48 71 62 101 64 47 91 0 48 65 82 36 63 37 53 66 32 30 21 45 85 57 72 87 77 61 57 49 31 46 23 60 55 18 84 81 85 64 30 35 
21 11 68 50 37 33 57 43 34 46 20 23 20 57 46 27 52 48 0 44 70 52 57 19 21 75 25 71 30 10 64 66 57 55 74 49 33 6 18 29 41 21 19 34 55 77 56 19 31 16 
38 34 38 10 26 55 22 37 32 39 24 48 61 52 90 70 34 65 44 0 27 40 20 33 65 43 35 71 44 35 21 37 13 25 34 11 11 38 42 72 73 64 26 48 20 35 21 57 35 54 
64 61 32 25 48 80 23 51 50 58 50 74 87 68 116 96 49 82 70 27 0 49 19 57 91 33 57 79 65 61 17 34 13 36 16 23 38 64 66 98 95 91 52 67 30 13 30 83 54 79 
62 49 24 50 61 80 26 9 17 75 38 70 71 88 88 67 73 36 52 40 49 0 30 33 68 31 27 32 26 43 57 21 42 65 41 32 38 49 36 68 54 72 46 25 60 46 61 70 20 50 
56 49 19 26 46 74 4 32 32 59 37 66 76 71 101 81 53 63 57 20 19 30 0 41 78 23 39 61 46 47 28 19 14 41 17 9 27 52 50 82 77 78 42 48 35 20 36 73 36 63 
32 17 49 41 39 48 40 24 15 51 11 38 39 64 61 40 54 37 19 33 57 33 41 0 38 57 7 55 16 10 54 47 44 51 58 34 22 16 10 42 41 40 18 20 49 61 50 38 13 23 
36 31 87 70 55 38 77 59 52 61 41 31 12 69 25 11 69 53 21 65 91 68 78 38 0 94 42 82 43 30 84 85 78 73 95 70 53 27 32 14 37 8 39 46 74 97 75 17 48 19 
78 69 8 49 69 96 21 39 43 82 57 88 95 94 116 96 76 66 75 43 33 31 23 57 94 0 53 53 56 66 48 10 35 64 18 32 49 70 64 97 86 97 63 56 57 22 58 92 47 78 
38 24 45 44 44 55 38 18 10 57 17 45 44 70 63 43 59 32 25 35 57 27 39 7 42 53 0 49 11 17 56 43 45 55 56 34 25 23 11 44 39 45 24 14 52 59 54 44 6 25 
87 73 49 81 90 103 57 35 43 104 64 93 89 117 94 77 103 30 71 71 79 32 61 55 82 53 49 0 41 65 88 46 73 96 68 63 68 71 54 76 53 88 72 37 91 73 92 90 43 62 
47 32 49 54 55 63 44 18 15 68 27 52 48 80 61 41 69 21 30 44 65 26 46 16 43 56 11 41 0 25 66 46 53 66 62 43 36 30 13 42 31 48 34 4 63 66 64 49 11 24 
22 8 58 42 33 38 47 34 26 45 11 28 29 57 55 35 49 45 10 35 61 43 47 10 30 66 17 65 25 0 55 56 48 49 65 40 24 6 14 37 43 31 12 29 48 67 49 28 23 20 
53 53 45 14 34 67 32 56 52 43 45 62 78 52 109 90 33 85 64 21 17 57 28 54 84 48 56 88 66 55 0 47 15 20 32 25 32 57 64 93 95 82 45 68 14 30 14 73 55 75 
70 60 3 45 63 88 15 28 33 77 48 79 85 89 106 86 71 57 66 37 34 21 19 47 85 10 43 46 46 56 47 0 33 60 22 26 41 61 54 87 75 87 54 46 54 27 55 83 37 68 
51 47 32 15 36 67 18 42 39 48 37 61 74 60 103 83 41 72 57 13 13 42 14 44 78 35 45 73 53 48 15 33 0 29 23 11 24 51 53 85 84 77 39 56 22 23 23 70 43 66 
39 44 60 15 19 50 45 62 55 23 41 47 66 32 99 81 13 87 55 25 36 65 41 51 73 64 55 96 66 49 20 60 29 0 50 35 30 49 60 84 92 70 37 70 6 49 6 60 57 69 
72 66 19 37 59 89 18 46 48 71 54 82 93 82 118 98 63 77 74 34 16 41 17 58 95 18 56 68 62 65 32 22 23 50 0 25 43 69 66 99 93 96 58 63 44 5 44 90 52 80 
47 41 27 19 37 65 11 31 28 50 29 57 68 63 94 74 45 61 49 11 23 32 9 34 70 32 34 63 43 40 25 26 11 35 25 0 18 43 44 76 73 70 33 45 29 28 30 64 32 57 
29 23 42 19 23 47 28 32 25 37 13 39 50 51 78 59 36 57 33 11 38 38 27 22 53 49 25 68 36 24 32 41 24 30 43 18 0 26 32 61 63 53 15 39 27 45 28 46 27 43 
18 5 63 43 32 33 52 40 31 42 14 22 24 53 52 33 47 49 6 38 64 49 52 16 27 70 23 71 30 6 57 61 51 49 69 43 26 0 18 36 45 27 13 34 48 71 50 22 29 21 
36 21 56 51 46 50 48 27 20 58 20 40 36 70 53 32 62 31 18 42 66 36 50 10 32 64 11 54 13 14 64 54 53 60 66 44 32 18 0 33 31 36 25 17 58 70 59 36 16 14 
48 40 89 79 66 52 81 59 53 73 48 45 26 82 20 3 81 46 29 72 98 68 82 42 14 97 44 76 42 37 93 87 85 84 99 76 61 36 33 0 26 22 48 43 84 103 85 31 49 19 
62 50 78 82 77 72 75 47 45 87 51 63 48 98 42 29 92 23 41 73 95 54 77 41 37 86 39 53 31 43 95 75 84 92 93 73 63 45 31 26 0 45 55 30 90 97 91 52 41 25 
31 30 89 68 51 31 78 63 55 55 41 25 5 63 29 18 64 60 21 64 91 72 78 40 8 97 45 88 48 31 82 87 77 70 96 70 53 27 36 22 45 0 38 51 71 98 72 11 52 25 
16 8 56 31 21 34 43 38 29 34 8 25 35 47 65 46 37 55 19 26 52 46 42 18 39 63 24 72 34 12 45 54 39 37 58 33 15 13 25 48 55 38 0 38 36 60 37 31 29 32 
51 37 49 58 59 67 45 17 17 72 31 56 52 85 63 43 73 18 34 48 67 25 48 20 46 56 14 37 4 29 68 46 56 70 63 45 39 34 17 43 30 51 38 0 66 67 67 52 13 27 
41 44 54 10 21 53 39 57 51 28 38 50 67 38 99 81 19 84 55 20 30 60 35 49 74 57 52 91 63 48 14 54 22 6 44 29 27 48 58 84 90 71 36 66 0 43 1 62 53 68 
73 68 24 37 59 90 22 50 51 71 57 84 95 81 121 101 62 81 77 35 13 46 20 61 97 22 59 73 66 67 30 27 23 49 5 28 45 71 70 103 97 98 60 67 43 0 43 91 56 84 
42 45 54 11 22 54 40 58 52 29 40 51 68 38 101 83 19 85 56 21 30 61 36 50 75 58 54 92 64 49 14 55 23 6 44 30 28 50 59 85 91 72 37 67 1 43 0 63 55 69 
21 24 85 60 41 20 73 61 53 45 36 14 6 52 40 28 54 64 19 57 83 70 73 38 17 92 44 90 49 28 73 83 70 60 90 64 46 22 36 31 52 11 31 52 62 91 63 0 50 29 
44 30 40 45 48 61 34 11 4 61 21 51 51 75 69 48 62 30 31 35 54 20 36 13 48 47 6 43 11 23 55 37 43 57 52 32 27 29 16 49 41 52 29 13 53 56 55 50 0 30 
37 26 70 62 53 48 62 41 35 62 30 38 27 73 39 18 68 35 16 54 79 50 63 23 19 78 25 62 24 20 75 68 66 69 80 57 43 21 14 19 25 25 32 27 68 84 69 29 30 0 
0 1000
4264 4539
3272 4165
1501 2076
2329 2986
1405 1838
3721 3929
2230 2357
3358 3407
772 1487
618 1425
664 1333
4718 4752
1206 1294
1877 2380
5050 5882
3508 3834
2488 3349
855 1028
558 1192
1555 1937
471 1202
2943 3841
4511 5397
1051 1906
2031 2884
2423 3377
3006 3172
4327 4864
115 1066
2123 2725
390 545
2605 2801
4213 4381
4603 5105
4110 4679
946 1646
3123 3206
4382 4853
2784 3470
4014 4244
1313 2025
4938 5113
4476 4934
248 1211
1664 2425
3919 4909
3637 4375
3791 4637
4814 5553
78.89560212446234 67.85931792447313 7.668053628939853 47.882005060601394 69.55674171832477 97.137540729619 22.07107835414046 28.44206308983036 36.85689514480311 81.61150836521901 55.8970118793731 88.14026255524 90.33220870293393 92.01259490473687 97.23428810718625 80.98446423240026 73.05091579325118 33.88306236738154 71.0725416545355 43.7526614927322 23.75648204242046 19.55035145580838 24.15195957942049 52.1505378550813 85.1305522812179 1.3746398104120594 46.09702550134257 4.047967343890669 42.38789430386398 62.454467265845345 40.381070197365545 8.878674164939515 33.451275894775236 59.82835285446574 10.66080507130197 33.19233209340403 50.05781265736182 68.09286865097873 54.69206659666619 79.86749942665499 55.56435526168637 90.48874570576466 62.88351141605263 39.340412625910034 53.906550695522895 11.024120201557231 53.75735431647809 89.84280773552985 39.63646289585549 65.82278388472598 
39.092005419904076 48.710579385245566 34.78682631450717 14.791800958151157 21.48411993146254 38.2995706952196 29.85769186681737 58.09885393643788 55.33946960572011 13.716221751221624 45.52396550049531 43.23907626686464 63.31993585176069 5.584436906260104 96.51074458426415 83.85981557482005 6.593819722259053 88.54327364150086 58.9209535752124 24.357805390997388 6.908271153279266 55.97543603695604 26.2950281122884 55.86443206372802 74.1567129480869 30.543248753668763 58.92788158842268 83.43852164735412 68.83418375627144 54.2064955292122 3.2943144527607604 37.55412667905278 16.243433020207434 5.185435031083141 15.62515035243026 27.33513096090944 33.964142845885725 53.256279447175594 65.3040030657371 87.00018646973724 96.77623779871504 68.13939660211051 41.882910335414316 71.69562878627877 7.174648652269799 11.022083829648299 5.867247937541331 57.45313310477732 58.61382307829902 74.16799064393082 