50
0 83 81 91 73 50 62 80 63 104 81 44 53 14 49 71 66 14 14 98 81 100 88 72 42 75 65 55 11 93 68 107 81 35 100 45 70 34 31 83 35 22 64 103 7 44 59 58 92 93 
83 0 61 25 42 55 59 21 20 24 65 72 59 88 38 61 55 90 70 53 65 17 46 22 46 74 59 67 76 53 45 28 5 47 30 61 33 56 57 13 70 86 25 24 76 42 59 25 25 13 
81 61 0 43 94 31 102 40 54 80 115 101 96 94 70 108 15 94 77 112 5 69 103 40 75 18 16 104 70 111 93 64 56 59 91 93 84 79 77 73 94 98 42 82 77 71 100 52 86 73 
91 25 43 0 66 50 81 10 33 38 89 91 80 99 55 85 42 101 81 77 48 27 71 19 63 59 46 88 82 78 68 22 21 57 53 81 57 71 72 38 87 99 27 41 85 58 81 36 49 33 
73 42 94 66 0 75 21 60 39 49 23 42 26 72 29 20 82 74 60 25 97 53 14 56 32 101 85 32 73 20 6 67 46 48 34 33 10 40 43 30 45 66 51 45 67 32 22 41 28 42 
50 55 31 50 75 0 77 42 40 79 94 73 70 62 47 85 16 63 46 97 32 70 87 35 49 29 16 77 39 94 73 71 51 31 84 66 66 50 48 64 65 67 31 79 46 46 75 36 77 69 
62 59 102 81 21 77 0 73 50 69 19 23 9 57 32 9 88 60 49 40 104 72 31 67 29 106 90 11 65 34 15 85 61 47 55 18 27 31 34 49 29 50 61 66 57 32 3 50 49 61 
80 21 40 10 60 42 73 0 24 41 83 81 71 89 45 78 36 91 70 74 45 30 66 8 53 54 40 79 72 74 61 30 16 46 52 71 50 61 62 34 77 89 17 42 74 49 72 26 47 33 
63 20 54 33 39 40 50 24 0 43 61 58 47 69 22 55 44 71 51 58 58 37 49 17 30 63 47 55 57 57 39 45 18 28 44 47 30 39 39 24 54 68 12 42 56 25 49 5 37 32 
104 24 80 38 49 79 69 41 43 0 68 87 72 108 57 69 76 111 91 47 85 12 46 44 65 95 80 79 99 51 54 24 28 69 19 77 43 75 77 22 87 105 48 4 98 62 70 48 21 11 
81 65 115 89 23 94 19 83 61 68 0 40 28 75 47 10 103 78 69 28 118 74 23 78 46 122 105 28 84 21 22 89 68 64 51 37 32 50 53 53 47 68 73 65 76 48 22 63 47 63 
44 72 101 91 42 73 23 81 58 87 40 0 16 36 36 31 87 39 34 63 103 87 54 74 28 102 88 12 50 57 36 99 73 42 75 10 44 23 24 65 9 28 66 84 40 33 21 56 68 77 
53 59 96 80 26 70 9 71 47 72 28 16 0 48 27 18 82 51 40 48 99 73 38 64 22 100 84 8 56 42 20 86 61 39 59 8 29 22 25 51 20 41 58 69 48 25 6 46 53 63 
14 88 94 99 72 62 57 89 69 108 75 36 48 0 51 65 79 3 18 96 94 105 85 80 43 88 78 48 25 90 66 114 87 42 101 40 70 34 31 86 29 9 72 106 16 46 54 65 93 97 
49 38 70 55 29 47 32 45 22 57 47 36 27 51 0 39 57 54 35 54 73 54 43 38 9 75 59 35 46 50 26 65 38 18 51 26 23 18 20 35 32 48 31 55 42 5 30 20 43 46 
71 61 108 85 20 85 9 78 55 69 10 31 18 65 39 0 95 68 58 34 111 73 27 73 37 114 98 18 74 27 17 87 65 55 53 26 28 40 43 51 37 58 67 65 66 39 12 56 48 62 
66 55 15 42 82 16 88 36 44 76 103 87 82 79 57 95 0 79 62 102 17 66 93 33 61 20 4 90 55 100 81 64 50 45 85 79 73 64 62 65 79 82 32 77 62 57 86 41 79 68 
14 90 94 101 74 63 60 91 71 111 78 39 51 3 54 68 79 0 20 99 95 107 88 82 46 89 79 51 25 93 69 116 89 44 104 43 73 36 34 89 31 11 74 109 17 49 57 67 96 100 
14 70 77 81 60 46 49 70 51 91 69 34 40 18 35 58 62 20 0 85 78 87 74 62 28 74 62 43 16 79 55 96 69 24 86 32 56 20 17 70 25 21 54 90 8 30 47 46 78 80 
98 53 112 77 25 97 40 74 58 47 28 63 48 96 54 34 102 99 85 0 116 56 11 72 57 122 105 51 98 7 30 70 58 72 28 56 31 65 68 39 68 89 70 43 92 57 43 62 29 46 
81 65 5 48 97 32 104 45 58 85 118 103 99 94 73 111 17 95 78 116 0 74 107 44 77 13 16 106 70 114 97 69 60 61 96 95 88 81 79 77 96 98 46 87 78 73 103 56 90 77 
100 17 69 27 53 70 72 30 37 12 74 87 73 105 54 73 66 107 87 56 74 0 52 35 63 84 70 81 93 58 57 15 20 64 28 77 45 73 74 23 86 103 40 14 93 59 72 42 27 11 
88 46 103 71 14 87 31 66 49 46 23 54 38 85 43 27 93 88 74 11 107 52 0 64 46 112 96 42 87 8 19 67 51 61 28 46 20 54 57 33 58 79 61 42 81 46 33 52 25 41 
72 22 40 19 56 35 67 8 17 44 78 74 64 80 38 73 33 82 62 72 44 35 64 0 46 52 37 72 64 71 56 37 17 38 52 64 46 53 53 33 69 81 8 45 66 41 66 18 47 35 
42 46 75 63 32 49 29 53 30 65 46 28 22 43 9 37 61 46 28 57 77 63 46 46 0 78 63 29 41 53 28 74 47 18 58 19 28 10 12 43 24 40 38 63 36 5 26 28 50 55 
75 74 18 59 101 29 106 54 63 95 122 102 100 88 75 114 20 89 74 122 13 84 112 52 78 0 16 106 63 120 100 80 69 61 104 95 92 80 78 85 94 94 52 96 72 74 104 60 98 87 
65 59 16 46 85 16 90 40 47 80 105 88 84 78 59 98 4 79 62 105 16 70 96 37 63 16 0 91 54 104 84 68 54 46 89 80 76 65 63 69 80 82 36 81 62 59 88 44 82 72 
55 67 104 88 32 77 11 79 55 79 28 12 8 48 35 18 90 51 43 51 106 81 42 72 29 106 91 0 59 45 26 94 69 46 65 12 36 27 30 58 20 40 66 76 50 33 10 54 60 70 
11 76 70 82 73 39 65 72 57 99 84 50 56 25 46 74 55 25 16 98 70 93 87 64 41 63 54 59 0 93 69 100 74 30 96 48 69 34 31 78 41 32 56 98 10 42 62 52 89 88 
93 53 111 78 20 94 34 74 57 51 21 57 42 90 50 27 100 93 79 7 114 58 8 71 53 120 104 45 93 0 25 73 58 68 32 50 28 59 62 40 62 83 69 47 87 53 36 60 31 48 
68 45 93 68 6 73 15 61 39 54 22 36 20 66 26 17 81 69 55 30 97 57 19 56 28 100 84 26 69 25 0 71 48 44 39 27 12 35 38 34 39 60 51 50 62 29 16 41 34 46 
107 28 64 22 67 71 85 30 45 24 89 99 86 114 65 87 64 116 96 70 69 15 67 37 74 80 68 94 100 73 71 0 27 72 43 89 59 83 84 37 97 113 44 28 101 70 85 49 42 26 
81 5 56 21 46 51 61 16 18 28 68 73 61 87 38 65 50 89 69 58 60 20 51 17 47 69 54 69 74 58 48 27 0 45 36 63 36 56 57 18 70 85 20 28 74 42 61 22 31 18 
35 47 59 57 48 31 47 46 28 69 64 42 39 42 18 55 45 44 24 72 61 64 61 38 18 61 46 46 30 68 44 72 45 0 67 35 41 19 18 49 35 43 30 68 29 16 44 23 59 58 
100 30 91 53 34 84 55 52 44 19 51 75 59 101 51 53 85 104 86 28 96 28 28 52 58 104 89 65 96 32 39 43 36 67 0 65 31 67 70 20 76 96 53 15 93 56 56 49 8 19 
45 61 93 81 33 66 18 71 47 77 37 10 8 40 26 26 79 43 32 56 95 77 46 64 19 95 80 12 48 50 27 89 63 35 65 0 34 16 19 55 12 33 57 74 40 23 15 46 59 67 
70 33 84 57 10 66 27 50 30 43 32 44 29 70 23 28 73 73 56 31 88 45 20 46 28 92 76 36 69 28 12 59 36 41 31 34 0 37 40 23 45 65 42 40 64 27 27 32 24 34 
34 56 79 71 40 50 31 61 39 75 50 23 22 34 18 40 64 36 20 65 81 73 54 53 10 80 65 27 34 59 35 83 56 19 67 16 37 0 3 53 16 30 45 73 27 14 28 35 60 64 
31 57 77 72 43 48 34 62 39 77 53 24 25 31 20 43 62 34 17 68 79 74 57 53 12 78 63 30 31 62 38 84 57 18 70 19 40 3 0 55 17 29 45 75 24 15 31 36 62 66 
83 13 73 38 30 64 49 34 24 22 53 65 51 86 35 51 65 89 70 39 77 23 33 33 43 85 69 58 78 40 34 37 18 49 20 55 23 53 55 0 65 83 34 20 76 40 49 29 13 12 
35 70 94 87 45 65 29 77 54 87 47 9 20 29 32 37 79 31 25 68 96 86 58 69 24 94 80 20 41 62 39 97 70 35 76 12 45 16 17 65 0 21 61 84 31 28 26 51 69 77 
22 86 98 99 66 67 50 89 68 105 68 28 41 9 48 58 82 11 21 89 98 103 79 81 40 94 82 40 32 83 60 113 85 43 96 33 65 30 29 83 21 0 72 103 22 44 47 64 89 94 
64 25 42 27 51 31 61 17 12 48 73 66 58 72 31 67 32 74 54 70 46 40 61 8 38 52 36 66 56 69 51 44 20 30 53 57 42 45 45 34 61 72 0 48 58 34 60 11 47 38 
103 24 82 41 45 79 66 42 42 4 65 84 69 106 55 65 77 109 90 43 87 14 42 45 63 96 81 76 98 47 50 28 28 68 15 74 40 73 75 20 84 103 48 0 96 60 67 47 17 10 
7 76 77 85 67 46 57 74 56 98 76 40 48 16 42 66 62 17 8 92 78 93 81 66 36 72 62 50 10 87 62 101 74 29 93 40 64 27 24 76 31 22 58 96 0 37 54 52 85 87 
44 42 71 58 32 46 32 49 25 62 48 33 25 46 5 39 57 49 30 57 73 59 46 41 5 74 59 33 42 53 29 70 42 16 56 23 27 14 15 40 28 44 34 60 37 0 29 23 48 51 
59 59 100 81 22 75 3 72 49 70 22 21 6 54 30 12 86 57 47 43 103 72 33 66 26 104 88 10 62 36 16 85 61 44 56 15 27 28 31 49 26 47 60 67 54 29 0 49 50 61 
58 25 52 36 41 36 50 26 5 48 63 56 46 65 20 56 41 67 46 62 56 42 52 18 28 60 44 54 52 60 41 49 22 23 49 46 32 35 36 29 51 64 11 47 52 23 49 0 42 37 
92 25 86 49 28 77 49 47 37 21 47 68 53 93 43 48 79 96 78 29 90 27 25 47 50 98 82 60 89 31 34 42 31 59 8 59 24 60 62 13 69 89 47 17 85 48 50 42 0 17 
93 13 73 33 42 69 61 33 32 11 63 77 63 97 46 62 68 100 80 46 77 11 41 35 55 87 72 70 88 48 46 26 18 58 19 67 34 64 66 12 77 94 38 10 87 51 61 37 17 0 
0 1000
2285 2529
3854 4474
4164 4263
258 736
3197 3608
4061 4426
4199 5163
2241 2645
1181 1279
1013 1959
1826 1843
479 1266
151 906
3511 4348
1075 1169
3880 4039
1563 2537
91 788
1902 2112
2735 2885
4407 4618
529 735
411 527
3602 4004
4582 4791
3066 3556
1046 1435
3157 3454
2895 3218
2126 2878
3365 3871
3718 4214
4300 5024
925 1264
4699 4727
304 801
4813 5281
831 1007
366 1101
2440 2451
733 1295
1270 1740
2588 2736
2023 2922
3953 4279
1437 2190
1305 1878
1754 1903
634 1170
98.99969330545531 31.191865624444294 82.84900069945452 41.133225623460426 25.731587530247644 86.65444117976837 37.78345876493646 47.04491265474074 48.361380963755494 7.939004983626452 19.38280599951655 59.5136916360944 46.747514902187426 94.7672884459916 53.03804884996376 29.353659800370203 83.01364266786238 97.67596014327108 85.25886032873758 0.6891968913360413 87.50404483658477 17.488444118987235 11.642554708124175 51.92600180536093 57.8206984622802 99.69418865774429 87.22611906733607 47.15174655438531 98.67288280672416 6.082714223833163 30.727019351059493 19.401466255199896 35.58592255107944 70.77578096307296 4.687213818032621 55.237002479510544 30.169527887679404 65.31743704829904 68.37701404578664 24.214821486931072 66.23633935744796 87.09405851679631 55.72090698148732 7.5830991821624005 92.80623918847937 57.097748723703866 40.640176902170275 53.30946482294232 12.123182479993421 17.949649475652897 
19.429075792363914 66.49127816519014 98.99777611000125 89.28608315110293 24.895844937034163 67.97868174047622 8.030964080612456 80.84158056549055 57.00034572729512 70.29690288831868 2.95761259492886 0.4715382074894636 9.867575983367672 6.126676348846438 35.77733422399102 5.033916127794802 83.79183746651823 5.695851140891584 21.911472462062942 23.572152148164726 99.87649472278855 76.8160163105076 24.752459785164206 73.94839248551868 28.52967763754216 94.17373827446359 83.74017227171437 1.686675866880949 30.9110163581409 19.483087981114167 21.78407603468936 91.49756740694319 69.43860968356131 40.890126471429625 51.46711877615958 10.030196840559992 33.447609932419056 22.285236506450378 23.129807217116028 55.27723803571234 6.2667471986403545 1.462551186703931 66.74686580049757 66.49222615248799 22.23932559875128 33.095583473041955 8.688603218478196 55.67995975788489 49.85041776588069 65.70903612113813 