50
0 82 25 64 78 90 17 86 48 52 20 56 72 52 42 32 62 47 53 56 64 6 79 57 39 28 80 67 79 102 84 30 55 31 11 93 47 8 40 39 17 75 44 16 10 72 68 38 83 81 
82 0 67 74 33 25 68 16 86 52 66 38 25 89 75 60 25 47 52 86 18 84 62 32 45 65 93 17 82 57 79 54 75 83 71 32 94 74 66 52 68 91 40 96 90 64 92 88 1 24 
25 67 0 74 56 81 8 75 64 55 7 52 64 69 56 37 43 47 55 71 50 30 83 37 23 37 93 55 89 100 93 14 67 50 19 86 67 20 50 16 26 88 27 33 35 78 83 58 67 60 
64 74 74 0 95 62 67 65 24 24 67 38 50 23 22 36 73 33 25 17 62 60 23 75 63 37 21 59 15 53 21 64 10 36 58 60 33 60 24 74 49 18 66 78 63 15 18 34 75 90 
78 33 56 95 0 58 61 49 99 70 59 57 52 103 88 69 22 62 70 102 33 82 89 22 41 72 115 39 106 89 105 48 93 91 69 65 106 71 79 40 69 112 35 88 88 89 111 98 32 10 
90 25 81 62 58 0 80 9 79 46 78 35 18 81 70 62 45 45 45 77 32 90 44 52 58 66 77 26 65 32 60 67 66 81 79 7 89 83 63 68 73 77 55 105 96 49 80 85 26 49 
17 68 8 67 61 80 0 75 56 49 2 49 62 61 49 31 46 42 50 64 51 22 78 41 24 30 86 55 82 97 86 15 60 41 11 84 59 12 43 22 18 81 29 28 27 72 75 49 69 65 
86 16 75 65 49 9 75 0 81 46 73 34 17 83 71 60 37 44 46 79 25 87 50 44 52 64 82 20 70 41 66 61 68 81 75 16 90 79 63 61 70 81 49 101 93 53 83 85 17 40 
48 86 64 24 99 79 56 81 0 34 57 48 64 5 11 31 78 39 35 9 70 43 47 77 61 29 34 69 36 76 44 59 15 16 46 79 9 47 20 70 38 28 66 60 44 38 21 11 87 97 
52 52 55 24 70 46 49 46 34 0 49 14 30 37 25 21 49 9 1 34 38 51 28 50 40 24 45 36 37 51 39 43 23 36 43 47 43 46 17 51 35 42 42 68 55 23 41 39 53 66 
20 66 7 67 59 78 2 73 57 49 0 48 61 62 49 31 44 41 49 64 49 24 77 39 22 31 86 53 82 96 86 12 60 43 12 83 60 14 43 19 19 82 27 30 29 72 76 51 67 63 
56 38 52 38 57 35 49 34 48 14 48 0 17 51 38 27 36 10 14 48 24 56 34 39 33 31 58 21 48 48 48 39 38 47 46 38 57 49 29 45 39 55 33 72 61 32 55 52 39 53 
72 25 64 50 52 18 62 17 64 30 61 17 0 66 54 43 34 28 29 63 20 72 38 39 42 48 68 14 57 40 54 50 52 64 61 22 73 64 46 53 55 67 40 87 78 40 68 68 26 45 
52 89 69 23 103 81 61 83 5 37 62 51 66 0 15 36 82 42 37 6 74 48 46 81 65 33 29 72 33 75 41 63 15 21 51 80 10 51 24 74 43 24 70 64 49 37 16 15 89 101 
42 75 56 22 88 70 49 71 11 25 49 38 54 15 0 21 67 28 25 15 60 39 42 66 51 19 38 58 37 70 43 49 13 15 39 71 19 40 9 60 30 33 55 57 41 34 27 15 76 87 
32 60 37 36 69 62 31 60 31 21 31 27 43 36 21 0 48 16 21 36 43 30 48 46 30 5 56 43 52 71 56 29 30 23 23 64 37 26 13 39 14 52 34 48 35 42 47 30 61 68 
62 25 43 73 22 45 46 37 78 49 44 36 34 82 67 48 0 41 49 81 14 65 69 7 23 52 94 21 85 73 84 32 71 70 51 52 85 54 58 27 50 91 18 74 71 68 89 77 25 20 
47 47 47 33 62 45 42 44 39 9 41 10 28 42 28 16 41 0 9 40 31 46 36 41 31 21 54 30 46 56 48 34 31 37 37 48 47 40 19 42 30 51 33 63 52 32 49 42 48 59 
53 52 55 25 70 45 50 46 35 1 49 14 29 37 25 21 49 9 0 34 38 51 28 50 40 24 45 35 37 50 39 43 24 36 44 46 44 47 17 51 35 42 42 69 56 23 41 40 53 66 
56 86 71 17 102 77 64 79 9 34 64 48 63 6 15 36 81 40 34 0 72 52 40 81 66 35 24 69 27 70 35 65 11 25 53 76 16 55 24 75 45 19 70 69 53 32 12 20 87 99 
64 18 50 62 33 32 51 25 70 38 49 24 20 74 60 43 14 31 38 72 0 66 55 20 28 47 82 6 72 59 71 37 62 66 53 38 78 56 50 36 49 80 24 78 72 55 79 72 19 28 
6 84 30 60 82 90 22 87 43 51 24 56 72 48 39 30 65 46 51 52 66 0 77 61 42 27 76 69 75 101 81 34 51 26 14 94 42 11 37 43 17 70 48 18 6 69 63 33 85 85 
79 62 83 23 89 44 78 50 47 28 77 34 38 46 42 48 69 36 28 40 55 77 0 73 66 51 34 50 21 30 17 71 32 57 71 41 56 74 40 78 62 34 67 95 81 8 39 56 63 83 
57 32 37 75 22 52 41 44 77 50 39 39 39 81 66 46 7 41 50 81 20 61 73 0 19 50 95 26 87 79 87 27 72 68 47 58 83 50 57 21 47 92 13 69 66 71 90 76 32 24 
39 45 23 63 41 58 24 52 61 40 22 33 42 65 51 30 23 31 40 66 28 42 66 19 0 33 83 32 76 80 78 9 58 50 28 63 66 31 42 12 28 79 6 52 48 62 76 58 45 43 
28 65 37 37 72 66 30 64 29 24 31 31 48 33 19 5 52 21 24 35 47 27 51 50 33 0 56 48 52 75 57 30 30 19 21 69 34 24 13 41 12 51 38 44 31 44 46 26 66 72 
80 93 93 21 115 77 86 82 34 45 86 58 68 29 38 56 94 54 45 24 82 76 34 95 83 56 0 78 12 61 20 84 26 50 76 74 39 78 43 94 67 5 86 93 78 29 14 44 94 110 
67 17 55 59 39 26 55 20 69 36 53 21 14 72 58 43 21 30 35 69 6 69 50 26 32 48 78 0 68 53 66 41 59 66 56 32 77 59 49 42 52 76 29 82 74 51 76 71 18 33 
79 82 89 15 106 65 82 70 36 37 82 48 57 33 37 52 85 46 37 27 72 75 21 87 76 52 12 68 0 49 8 79 24 51 73 62 43 75 40 88 65 14 79 93 78 17 21 47 83 100 
102 57 100 53 89 32 97 41 76 51 96 48 40 75 70 71 73 56 50 70 59 101 30 79 80 75 61 53 49 0 41 87 61 84 93 25 85 96 66 91 85 63 79 118 106 38 68 85 58 80 
84 79 93 21 105 60 86 66 44 39 86 48 54 41 43 56 84 48 39 35 71 81 17 87 78 57 20 66 8 41 0 82 30 57 78 57 51 80 45 90 69 22 81 99 84 16 29 55 80 99 
30 54 14 64 48 67 15 61 59 43 12 39 50 63 49 29 32 34 43 65 37 34 71 27 9 30 84 41 79 87 82 0 58 46 20 72 63 23 41 11 23 80 14 43 40 66 76 54 54 51 
55 75 67 10 93 66 60 68 15 23 60 38 52 15 13 30 71 31 24 11 62 51 32 72 58 30 26 59 24 61 30 58 0 27 50 65 24 52 17 68 41 22 62 69 54 23 18 25 76 90 
31 83 50 36 91 81 41 81 16 36 43 47 64 21 15 23 70 37 36 25 66 26 57 68 50 19 50 66 51 84 57 46 27 0 31 83 17 31 19 57 24 44 56 43 28 48 37 8 84 91 
11 71 19 58 69 79 11 75 46 43 12 46 61 51 39 23 51 37 44 53 53 14 71 47 28 21 76 56 73 93 78 20 50 31 0 83 48 3 34 30 9 71 34 26 20 65 65 39 72 71 
93 32 86 60 65 7 84 16 79 47 83 38 22 80 71 64 52 48 46 76 38 94 41 58 63 69 74 32 62 25 57 72 65 83 83 0 89 86 64 74 76 75 61 109 99 46 78 86 33 56 
47 94 67 33 106 89 59 90 9 43 60 57 73 10 19 37 85 47 44 16 78 42 56 83 66 34 39 77 43 85 51 63 24 17 48 89 0 48 28 74 41 33 71 58 42 47 25 9 95 105 
8 74 20 60 71 83 12 79 47 46 14 49 64 51 40 26 54 40 47 55 56 11 74 50 31 24 78 59 75 96 80 23 52 31 3 86 48 0 36 32 11 73 37 23 17 67 66 39 75 74 
40 66 50 24 79 63 43 63 20 17 43 29 46 24 9 13 58 19 17 24 50 37 40 57 42 13 43 49 40 66 45 41 17 19 34 64 28 36 0 52 25 39 46 55 41 32 34 22 67 77 
39 52 16 74 40 68 22 61 70 51 19 45 53 74 60 39 27 42 51 75 36 43 78 21 12 41 94 42 88 91 90 11 68 57 30 74 74 32 52 0 33 90 13 49 49 74 86 65 52 44 
17 68 26 49 69 73 18 70 38 35 19 39 55 43 30 14 50 30 35 45 49 17 62 47 28 12 67 52 65 85 69 23 41 24 9 76 41 11 25 33 0 63 34 34 23 56 57 32 68 70 
75 91 88 18 112 77 81 81 28 42 82 55 67 24 33 52 91 51 42 19 80 70 34 92 79 51 5 76 14 63 22 80 22 44 71 75 33 73 39 90 63 0 83 88 72 28 9 39 92 108 
44 40 27 66 35 55 29 49 66 42 27 33 40 70 55 34 18 33 42 70 24 48 67 13 6 38 86 29 79 79 81 14 62 56 34 61 71 37 46 13 34 83 0 57 53 64 80 63 40 37 
16 96 33 78 88 105 28 101 60 68 30 72 87 64 57 48 74 63 69 69 78 18 95 69 52 44 93 82 93 118 99 43 69 43 26 109 58 23 55 49 34 88 57 0 16 87 80 49 96 93 
10 90 35 63 88 96 27 93 44 55 29 61 78 49 41 35 71 52 56 53 72 6 81 66 48 31 78 74 78 106 84 40 54 28 20 99 42 17 41 49 23 72 53 16 0 73 65 34 91 90 
72 64 78 15 89 49 72 53 38 23 72 32 40 37 34 42 68 32 23 32 55 69 8 71 62 44 29 51 17 38 16 66 23 48 65 46 47 67 32 74 56 28 64 87 73 0 32 48 66 83 
68 92 83 18 111 80 75 83 21 41 76 55 68 16 27 47 89 49 41 12 79 63 39 90 76 46 14 76 21 68 29 76 18 37 65 78 25 66 34 86 57 9 80 80 65 32 0 31 93 107 
38 88 58 34 98 85 49 85 11 39 51 52 68 15 15 30 77 42 40 20 72 33 56 76 58 26 44 71 47 85 55 54 25 8 39 86 9 39 22 65 32 39 63 49 34 48 31 0 89 97 
83 1 67 75 32 26 69 17 87 53 67 39 26 89 76 61 25 48 53 87 19 85 63 32 45 66 94 18 83 58 80 54 76 84 72 33 95 75 67 52 68 92 40 96 91 66 93 89 0 23 
81 24 60 90 10 49 65 40 97 66 63 53 45 101 87 68 20 59 66 99 28 85 83 24 43 72 110 33 100 80 99 51 90 91 71 56 105 74 77 44 70 108 37 93 90 83 107 97 23 0 
0 1000
244 708
4246 4404
400 1242
2557 2613
2041 2453
4610 5114
1536 2200
1889 2500
631 1169
3155 3341
765 857
2998 3910
3504 3804
1198 1559
3924 4524
4911 5491
3858 4724
5262 5919
1626 1679
2248 2670
2736 2803
4759 5267
1802 2471
117 285
1132 1570
3302 3802
3667 3974
695 1206
4052 4104
987 1218
2613 3120
3410 3755
2320 2952
2175 2574
4447 4541
2399 2987
3743 4265
3814 4762
845 1158
3123 3619
2846 3358
1301 2105
5426 6321
5072 5859
5163 6090
516 712
1418 1548
4387 5386
4317 4755
84.8822471377662 54.53755328764039 94.45062741219014 21.84474095199117 87.18728414593205 29.633775598169365 88.49990975146116 38.644295025899176 38.049697596264934 39.87558269686836 88.4169987104254 44.99886024840693 40.20397431881085 33.37196090398036 42.42952927208265 57.7760097975795 74.04388460384827 48.396803307438375 39.632670864251494 29.02945674880484 59.754954854653796 80.54428908397097 12.002482909097424 79.61590563565844 77.74124463638216 58.85253696410617 4.968156163699566 53.37353591988101 6.583436411253263 0.6108173650740789 2.1262219985596076 82.64641249418716 30.091544870750596 54.39178638104968 80.07715671086694 23.02248293970304 40.66787116539549 82.00651800239598 46.168077530270814 89.74294948439669 71.11369329828918 10.10188346057459 78.05026654287785 97.77959202080996 82.18787595458909 16.95211834019944 17.413587537004172 48.36200308337808 55.28823717250073 77.6578037623638 
16.938105645280555 93.23289333859084 39.85253555702417 26.739784176769977 95.04405465036882 87.8645975423026 33.94047999512551 89.58340336543532 8.863396004863821 43.193206737513364 36.1577935692215 56.47252943405602 72.882878542768 7.225707233800782 18.778298224031598 33.15752631112656 77.9735846308888 46.55872480161363 43.664266332816624 11.074247890759692 75.8512315622031 13.07645866204693 47.71768771417927 73.88775911902718 55.03256445610888 28.526897903266512 14.683040673565328 76.15793324597693 26.95255175304717 75.20772339812186 34.0103631117961 47.212321979151014 21.885411348315497 10.335500785733965 26.905265528553656 86.91682023262854 0.039199414118507026 24.085323576920658 27.436673359739274 55.448232533595764 27.682062142429853 13.330577990909854 60.80765810629374 7.391231388029629 7.508608116361737 40.867056849066365 8.986166182404887 5.048282818825866 93.99908052090292 97.8043887538554 