50
0 24 22 36 77 3 34 35 81 78 60 47 14 50 43 27 45 44 29 7 15 14 64 32 24 75 57 28 74 71 75 74 20 52 38 8 23 54 91 13 64 91 14 71 57 60 55 67 21 61 
24 0 33 45 100 26 28 56 92 89 65 40 24 66 66 15 58 55 40 29 35 10 79 41 13 90 57 41 97 94 84 80 11 70 61 17 47 68 103 28 84 103 31 91 67 68 74 72 27 47 
22 33 0 58 73 19 23 50 61 58 39 32 36 33 43 25 25 23 50 27 14 27 46 54 24 57 37 49 73 69 54 52 23 38 37 21 31 35 71 9 53 71 34 61 36 39 43 45 6 49 
36 45 58 0 90 38 68 30 115 112 96 81 23 81 58 57 79 79 7 31 48 39 96 4 54 105 93 10 83 82 110 109 50 81 57 40 41 87 123 49 88 124 23 92 92 95 82 103 56 92 
77 100 73 90 0 74 95 61 72 71 83 101 85 50 35 97 61 67 85 73 65 90 53 90 95 51 94 81 12 9 76 82 93 44 39 83 55 57 72 73 29 73 76 21 70 75 37 84 79 119 
3 26 19 38 74 0 34 35 78 75 58 47 17 47 40 28 42 41 31 8 12 16 61 35 25 71 55 30 71 68 72 71 21 49 36 9 21 51 88 11 61 88 15 67 55 57 52 65 19 60 
34 28 23 68 95 34 0 69 69 66 39 14 45 51 66 13 40 35 62 42 35 29 61 64 15 72 29 61 96 92 60 55 19 56 60 28 52 49 80 27 73 81 48 81 45 44 63 47 18 27 
35 56 50 30 61 35 69 0 96 94 85 81 33 61 30 63 63 65 26 28 37 47 75 30 60 83 87 22 53 53 93 95 55 60 31 43 21 69 103 43 62 104 25 65 77 82 58 91 52 95 
81 92 61 115 72 78 69 96 0 3 32 64 95 35 70 80 36 38 107 84 67 88 22 112 80 21 47 105 81 75 10 18 81 37 67 82 76 28 11 68 44 11 92 50 25 25 41 26 65 78 
78 89 58 112 71 75 66 94 3 0 29 62 92 32 68 77 33 35 104 81 64 85 19 109 77 20 44 102 80 74 8 17 78 35 64 78 73 25 14 65 43 14 89 49 22 22 39 24 62 76 
60 65 39 96 83 58 39 85 32 29 0 33 74 34 67 51 24 20 89 65 50 63 33 93 52 42 15 87 89 83 22 16 54 40 62 58 64 26 43 47 55 43 73 64 14 10 47 7 41 46 
47 40 32 81 101 47 14 81 64 62 33 0 58 53 75 26 42 36 75 54 45 43 60 78 28 71 19 75 103 98 54 48 32 59 69 41 63 50 76 38 76 76 61 85 42 40 66 39 29 18 
14 24 36 23 85 17 45 33 95 92 74 58 0 63 50 34 59 58 17 13 29 16 78 20 32 88 70 18 80 78 89 88 27 65 47 17 30 68 105 27 75 105 9 81 72 74 68 81 34 69 
50 66 33 81 50 47 51 61 35 32 34 53 63 0 37 58 12 18 74 51 35 59 15 78 56 25 44 70 55 50 33 36 56 6 32 52 41 8 43 39 23 43 58 32 21 26 13 36 39 71 
43 66 43 58 35 40 66 30 70 68 67 75 50 37 0 66 43 47 52 39 32 56 49 57 63 54 74 48 31 28 70 73 60 33 6 50 20 45 76 41 32 76 42 35 56 61 30 71 49 92 
27 15 25 57 97 28 13 63 80 77 51 26 34 58 66 0 48 44 51 35 33 18 69 53 3 80 42 52 96 93 71 67 8 62 60 20 48 58 91 25 78 91 39 86 55 55 68 59 19 34 
45 58 25 79 61 42 40 63 36 33 24 42 59 12 43 48 0 6 72 48 31 52 21 76 47 32 33 69 66 60 31 31 47 18 38 46 43 10 46 33 35 46 56 44 14 18 25 28 31 59 
44 55 23 79 67 41 35 65 38 35 20 36 58 18 47 44 6 0 71 48 31 50 26 76 43 37 27 69 71 66 31 30 44 24 42 44 44 14 48 31 41 49 55 50 13 17 31 25 28 53 
29 40 50 7 85 31 62 26 107 104 89 75 17 74 52 51 72 71 0 24 40 33 88 5 49 98 86 4 78 77 102 101 44 74 50 34 34 79 116 42 81 117 16 86 85 88 75 96 49 86 
7 29 27 31 73 8 42 28 84 81 65 54 13 51 39 35 48 48 24 0 17 20 66 28 31 76 63 22 69 67 79 78 27 53 35 15 18 56 93 18 63 94 8 69 61 64 55 72 27 68 
15 35 14 48 65 12 35 37 67 64 50 45 29 35 32 33 31 31 40 17 0 27 50 45 31 60 50 38 63 60 62 61 28 37 27 19 17 40 76 8 49 77 24 56 45 48 40 56 17 61 
14 10 27 39 90 16 29 47 88 85 63 43 16 59 56 18 52 50 33 20 27 0 73 35 15 84 56 34 87 84 80 77 11 63 52 7 37 62 98 21 76 98 22 83 63 65 66 70 22 53 
64 79 46 96 53 61 61 75 22 19 33 60 78 15 49 69 21 26 88 66 50 73 0 93 68 11 46 85 61 55 23 29 69 16 45 66 56 11 28 52 25 29 73 32 19 23 20 32 52 77 
32 41 54 4 90 35 64 30 112 109 93 78 20 78 57 53 76 76 5 28 45 35 93 0 51 102 89 9 82 82 107 106 46 79 55 36 39 84 121 46 86 121 20 91 89 92 80 100 53 88 
24 13 24 54 95 25 15 60 80 77 52 28 32 56 63 3 47 43 49 31 31 15 68 51 0 80 43 49 94 90 72 67 5 61 58 17 46 57 91 22 76 91 36 84 55 56 66 59 17 37 
75 90 57 105 51 71 72 83 21 20 42 71 88 25 54 80 32 37 98 76 60 84 11 102 80 0 56 94 61 55 27 34 80 23 52 77 64 23 22 63 25 23 83 30 29 33 24 39 63 87 
57 57 37 93 94 55 29 87 47 44 15 19 70 44 74 42 33 27 86 63 50 56 46 89 43 56 0 85 98 93 36 29 47 50 68 53 66 38 58 45 67 58 71 76 27 24 57 20 37 32 
28 41 49 10 81 30 61 22 105 102 87 75 18 70 48 52 69 69 4 22 38 34 85 9 49 94 85 0 74 73 100 99 44 71 46 33 30 76 113 40 77 114 14 82 82 86 71 94 48 86 
74 97 73 83 12 71 96 53 81 80 89 103 80 55 31 96 66 71 78 69 63 87 61 82 94 61 98 74 0 6 84 90 91 50 36 81 51 63 82 72 37 83 71 31 76 81 43 91 79 121 
71 94 69 82 9 68 92 53 75 74 83 98 78 50 28 93 60 66 77 67 60 84 55 82 90 55 93 73 6 0 78 84 87 44 33 78 48 57 76 68 31 77 69 25 70 75 37 85 75 116 
75 84 54 110 76 72 60 93 10 8 22 54 89 33 70 71 31 31 102 79 62 80 23 107 72 27 36 100 84 78 0 8 73 37 65 75 73 25 21 62 48 21 86 55 18 16 42 16 58 68 
74 80 52 109 82 71 55 95 18 17 16 48 88 36 73 67 31 30 101 78 61 77 29 106 67 34 29 99 90 84 8 0 69 41 68 72 74 28 29 60 54 29 85 61 17 14 47 9 55 61 
20 11 23 50 93 21 19 55 81 78 54 32 27 56 60 8 47 44 44 27 28 11 69 46 5 80 47 44 91 87 73 69 0 60 55 12 42 57 92 20 75 92 32 83 56 57 65 62 17 42 
52 70 38 81 44 49 56 60 37 35 40 59 65 6 33 62 18 24 74 53 37 63 16 79 61 23 50 71 50 44 37 41 60 0 30 55 41 13 43 42 17 44 59 26 26 31 7 41 44 77 
38 61 37 57 39 36 60 31 67 64 62 69 47 32 6 60 38 42 50 35 27 52 45 55 58 52 68 46 36 33 65 68 55 30 0 45 17 40 73 35 32 73 39 36 51 56 27 66 43 86 
8 17 21 40 83 9 28 43 82 78 58 41 17 52 50 20 46 44 34 15 19 7 66 36 17 77 53 33 81 78 75 72 12 55 45 0 31 55 92 14 68 92 20 75 57 59 59 65 17 54 
23 47 31 41 55 21 52 21 76 73 64 63 30 41 20 48 43 44 34 18 17 37 56 39 46 64 66 30 51 48 73 74 42 41 17 31 0 48 84 25 47 85 22 52 56 61 41 70 34 79 
54 68 35 87 57 51 49 69 28 25 26 50 68 8 45 58 10 14 79 56 40 62 11 84 57 23 38 76 63 57 25 28 57 13 40 55 48 0 37 42 29 38 64 38 13 18 20 28 41 67 
91 103 71 123 72 88 80 103 11 14 43 76 105 43 76 91 46 48 116 93 76 98 28 121 91 22 58 113 82 76 21 29 92 43 73 92 84 37 0 78 47 1 100 51 36 36 46 37 76 89 
13 28 9 49 73 11 27 43 68 65 47 38 27 39 41 25 33 31 42 18 8 21 52 46 22 63 45 40 72 68 62 60 20 42 35 14 25 42 78 0 55 79 26 63 44 47 46 54 9 53 
64 84 53 88 29 61 73 62 44 43 55 76 75 23 32 78 35 41 81 63 49 76 25 86 76 25 67 77 37 31 48 54 75 17 32 68 47 29 47 55 0 47 68 9 41 46 10 56 59 94 
91 103 71 124 73 88 81 104 11 14 43 76 105 43 76 91 46 49 117 94 77 98 29 121 91 23 58 114 83 77 21 29 92 44 73 92 85 38 1 79 47 0 101 52 36 36 47 37 76 89 
14 31 34 23 76 15 48 25 92 89 73 61 9 58 42 39 56 55 16 8 24 22 73 20 36 83 71 14 71 69 86 85 32 59 39 20 22 64 100 26 68 101 0 74 69 72 61 79 34 73 
71 91 61 92 21 67 81 65 50 49 64 85 81 32 35 86 44 50 86 69 56 83 32 91 84 30 76 82 31 25 55 61 83 26 36 75 52 38 51 63 9 52 74 0 50 55 19 64 67 103 
57 67 36 92 70 55 45 77 25 22 14 42 72 21 56 55 14 13 85 61 45 63 19 89 55 29 27 82 76 70 18 17 56 26 51 57 56 13 36 44 41 36 69 50 0 5 33 15 40 58 
60 68 39 95 75 57 44 82 25 22 10 40 74 26 61 55 18 17 88 64 48 65 23 92 56 33 24 86 81 75 16 14 57 31 56 59 61 18 36 47 46 36 72 55 5 0 38 10 42 55 
55 74 43 82 37 52 63 58 41 39 47 66 68 13 30 68 25 31 75 55 40 66 20 80 66 24 57 71 43 37 42 47 65 7 27 59 41 20 46 46 10 47 61 19 33 38 0 48 49 84 
67 72 45 103 84 65 47 91 26 24 7 39 81 36 71 59 28 25 96 72 56 70 32 100 59 39 20 94 91 85 16 9 62 41 66 65 70 28 37 54 56 37 79 64 15 10 48 0 48 52 
21 27 6 56 79 19 18 52 65 62 41 29 34 39 49 19 31 28 49 27 17 22 52 53 17 63 37 48 79 75 58 55 17 44 43 17 34 41 76 9 59 76 34 67 40 42 49 48 0 44 
61 47 49 92 119 60 27 95 78 76 46 18 69 71 92 34 59 53 86 68 61 53 77 88 37 87 32 86 121 116 68 61 42 77 86 54 79 67 89 53 94 89 73 103 58 55 84 52 44 0 
0 1000
4530 4737
2817 3280
67 308
1749 2481
1844 2669
4006 4130
1313 1406
3167 4086
4123 4613
5009 5479
1618 1789
865 1069
2918 3069
4410 4492
4623 5403
330 1205
3514 4381
2090 2600
3760 3913
3809 3986
933 1440
2545 2824
474 1083
3038 3650
3925 4341
2624 2657
3389 3542
4779 5307
2402 3211
776 1774
1504 2325
4275 5102
230 802
5158 5176
1033 1279
570 1276
2267 2385
3275 3897
4339 4709
689 1512
1126 1420
21 427
2720 2976
2503 3277
1933 2233
4889 5370
2596 3515
4350 5098
3641 4585
79.16890610976031 99.33323353552281 66.96917446506795 94.39518556450305 4.821592913344553 76.0950716301313 82.90722569702538 64.65322669246778 15.620133596552632 18.324930710235275 47.62239797138492 79.92476892804892 89.34422344621294 33.809642695249806 39.314909784786565 91.32724390073133 43.33874668124543 48.045595438024016 89.79943445540638 76.88228045111592 64.73919383003586 91.28559591891091 22.37219487103188 94.26726411926273 90.25617917193287 11.097976490222827 61.97794263698443 85.60327250887974 11.83267629075786 12.573755524167318 25.72145044581873 32.87600514938342 89.61649622416063 29.443266763804708 42.41347087975412 83.9156281716624 59.236575314660826 33.72085414410768 4.323563459770319 70.96324941954205 15.685000252243508 4.332568764041367 80.91018757245814 8.65071414115196 38.753814789222695 40.0858774362979 24.95070816865975 41.54241550204756 73.09755036122408 93.3713603560042 
59.154514862448494 47.0038160255634 41.09533922388565 91.75578858356295 79.21471666345958 58.049502502400195 24.86234680934487 91.23984114370664 8.372139431719628 9.87744540446992 7.627645876197575 11.683032168043194 68.99914733191098 38.312193247360405 74.52188805425136 34.58430442928789 31.51558335424668 28.096400249039423 86.04459348652172 65.96742751093899 54.47037483589465 52.71990517501156 28.82002458971509 87.91922355364076 37.47813179254123 28.435880001556825 4.55756754755865 86.13694548431864 89.24533477251826 83.39076918758957 6.257154654186103 2.0092347763981278 42.109738375191576 42.70308211087611 69.4063321007295 52.976696858595865 70.93772475115615 30.00052457491823 7.58863392201402 48.6896386209977 52.70581145969106 6.618104993683671 72.54639972038713 58.209593875962305 18.33532807004622 13.45421710967335 48.42790504832216 3.534708063601477 39.54176719248428 0.23472722709663163 