50
0 13 19 41 61 40 48 62 48 42 10 38 39 12 30 17 27 69 35 28 54 27 54 54 30 15 51 43 59 15 34 44 50 45 24 46 46 31 50 35 46 26 25 25 4 16 14 44 48 27 
13 0 15 46 48 37 60 50 55 51 6 25 45 16 29 17 21 56 23 32 42 14 66 41 41 25 56 31 47 13 30 35 55 52 35 37 53 28 38 45 40 33 21 25 9 13 25 48 42 31 
19 15 0 33 50 22 62 53 43 61 20 28 57 10 14 31 8 58 24 46 40 21 70 42 49 23 44 29 47 28 45 48 42 41 42 50 65 13 48 54 55 45 36 11 19 28 34 34 29 18 
41 46 33 0 80 25 55 84 12 73 48 60 75 31 22 58 35 88 56 68 68 54 65 72 59 29 11 58 75 55 74 80 9 10 53 83 80 27 81 63 85 63 65 23 43 56 50 5 40 15 
61 48 50 80 0 57 108 6 91 95 52 23 85 59 58 57 45 9 26 72 13 34 114 8 88 71 89 22 7 55 53 40 87 89 82 41 93 53 25 91 55 76 52 59 57 53 72 79 47 66 
40 37 22 25 57 0 73 62 37 80 42 41 78 28 10 53 17 64 37 67 45 39 82 49 67 37 33 36 52 50 66 67 31 36 60 70 85 9 64 72 76 66 58 16 40 50 53 22 15 18 
48 60 62 55 108 73 0 110 51 36 57 85 47 52 64 56 70 117 83 51 101 75 9 102 28 39 59 90 107 57 72 86 60 50 30 88 46 68 96 29 82 44 65 59 51 59 39 60 87 55 
62 50 53 84 6 62 110 0 95 95 53 26 84 62 62 57 49 9 29 71 19 35 116 13 88 74 93 26 13 55 51 37 91 94 83 38 92 57 22 92 52 76 52 62 59 53 72 83 52 70 
48 55 43 12 91 37 51 95 0 74 56 71 78 39 34 65 46 99 67 72 80 64 60 83 60 34 9 69 87 62 82 89 9 2 55 92 82 38 91 64 93 67 73 33 51 64 54 15 52 26 
42 51 61 73 95 80 36 95 74 0 46 74 13 52 71 38 69 103 73 24 92 63 33 90 14 45 81 82 96 41 46 62 80 72 20 64 11 72 76 10 54 19 43 64 43 43 27 77 90 64 
10 6 20 48 52 42 57 53 56 46 0 29 39 18 34 11 27 60 28 26 47 19 62 46 36 25 59 37 52 8 26 34 58 54 30 36 47 33 40 40 37 27 17 29 7 8 20 51 48 34 
38 25 28 60 23 41 85 26 71 74 29 0 66 36 38 36 25 32 4 52 18 11 91 16 66 48 70 10 22 34 38 31 68 69 59 33 74 34 24 69 44 55 34 38 34 32 49 60 36 45 
39 45 57 75 85 78 47 84 78 13 39 66 0 50 69 29 65 93 65 14 84 56 46 81 20 45 84 75 87 33 35 50 83 76 23 52 8 69 65 18 41 13 33 63 39 34 25 79 86 64 
12 16 10 31 59 28 52 62 39 52 18 36 50 0 18 28 18 67 33 40 50 27 59 51 40 13 41 39 56 25 44 50 40 37 33 53 57 19 53 45 55 38 35 13 13 25 25 33 38 16 
30 29 14 22 58 10 64 62 34 71 34 38 69 18 0 45 13 66 34 58 46 34 73 50 57 27 32 36 53 41 59 62 30 32 51 64 75 5 60 62 69 56 50 6 31 41 44 21 23 10 
17 17 31 58 57 53 56 57 65 38 11 36 29 28 45 0 38 65 36 16 54 26 60 52 31 31 68 45 58 4 18 30 67 62 26 32 37 44 40 34 29 19 9 40 15 5 17 61 59 44 
27 21 8 35 45 17 70 49 46 69 27 25 65 18 13 38 0 54 22 53 35 22 77 38 58 31 45 24 42 34 49 50 43 44 51 53 73 9 48 62 59 53 42 13 27 34 42 34 21 21 
69 56 58 88 9 64 117 9 99 103 60 32 93 67 66 65 54 0 35 79 20 42 123 16 96 80 97 30 13 63 60 46 95 97 90 46 101 61 31 99 60 84 60 67 66 61 80 86 53 74 
35 23 24 56 26 37 83 29 67 73 28 4 65 33 34 36 22 35 0 51 19 9 89 19 64 45 66 10 24 32 39 33 64 65 58 35 73 30 27 68 45 54 34 34 32 31 47 56 33 42 
28 32 46 68 72 67 51 71 72 24 26 52 14 40 58 16 53 79 51 0 70 42 53 67 23 38 77 61 73 19 22 38 76 70 22 40 22 58 51 24 31 8 19 53 27 21 18 71 74 55 
54 42 40 68 13 45 101 19 80 92 47 18 84 50 46 54 35 20 19 70 0 28 108 7 83 63 77 11 7 51 54 44 75 78 77 46 91 41 32 87 58 73 52 48 51 49 66 66 34 55 
27 14 21 54 34 39 75 35 64 63 19 11 56 27 34 26 22 42 9 42 28 0 81 27 55 39 64 19 33 23 31 29 63 62 49 31 63 30 27 59 39 44 25 32 24 21 38 55 38 39 
54 66 70 65 114 82 9 116 60 33 62 91 46 59 73 60 77 123 89 53 108 81 0 108 30 47 69 97 113 61 74 89 69 59 34 91 44 76 100 29 83 45 68 68 57 63 43 70 95 63 
54 41 42 72 8 49 102 13 83 90 46 16 81 51 50 52 38 16 19 67 7 27 108 0 82 64 81 14 6 49 50 39 79 82 76 40 89 45 26 86 53 71 48 51 51 47 66 71 40 58 
30 41 49 59 88 67 28 88 60 14 36 66 20 40 57 31 58 96 64 23 83 55 30 82 0 31 67 73 88 33 45 60 66 58 7 62 22 59 71 5 54 16 39 51 32 35 17 63 78 51 
15 25 23 29 71 37 39 74 34 45 25 48 45 13 27 31 31 80 45 38 63 39 47 64 31 0 39 52 69 29 49 58 38 32 24 61 51 30 64 36 60 34 40 22 18 31 21 34 49 20 
51 56 44 11 89 33 59 93 9 81 59 70 84 41 32 68 45 97 66 77 77 64 69 81 67 39 0 67 84 66 85 91 2 10 61 94 89 36 91 71 96 72 76 33 54 66 60 10 47 26 
43 31 29 58 22 36 90 26 69 82 37 10 75 39 36 45 24 30 10 61 11 19 97 14 73 52 67 0 18 42 48 41 65 68 66 43 82 31 32 77 54 63 44 37 40 40 56 57 28 45 
59 47 47 75 7 52 107 13 87 96 52 22 87 56 53 58 42 13 24 73 7 33 113 6 88 69 84 18 0 55 56 44 82 85 82 45 95 49 30 92 59 77 54 55 56 53 71 74 41 62 
15 13 28 55 55 50 57 55 62 41 8 34 33 25 41 4 34 63 32 19 51 23 61 49 33 29 66 42 55 0 20 30 64 60 28 32 41 41 39 36 31 21 10 36 12 2 18 58 55 41 
34 30 45 74 53 66 72 51 82 46 26 38 35 44 59 18 49 60 39 22 54 31 74 50 45 49 85 48 56 20 0 16 83 80 42 17 42 57 30 46 11 29 9 54 31 18 34 77 68 60 
44 35 48 80 40 67 86 37 89 62 34 31 50 50 62 30 50 46 33 38 44 29 89 39 60 58 91 41 44 30 16 0 89 87 56 3 58 59 15 62 14 45 21 58 40 28 47 82 66 65 
50 55 42 9 87 31 60 91 9 80 58 68 83 40 30 67 43 95 64 76 75 63 69 79 66 38 2 65 82 64 83 89 0 10 61 92 88 34 90 71 95 72 74 31 52 65 59 8 45 24 
45 52 41 10 89 36 50 94 2 72 54 69 76 37 32 62 44 97 65 70 78 62 59 82 58 32 10 68 85 60 80 87 10 0 53 90 80 37 89 62 91 65 71 31 48 61 52 14 51 24 
24 35 42 53 82 60 30 83 55 20 30 59 23 33 51 26 51 90 58 22 77 49 34 76 7 24 61 66 82 28 42 56 61 53 0 58 27 52 67 12 52 15 35 45 26 30 10 57 71 44 
46 37 50 83 41 70 88 38 92 64 36 33 52 53 64 32 53 46 35 40 46 31 91 40 62 61 94 43 45 32 17 3 92 90 58 0 59 61 16 63 14 46 23 61 43 30 49 84 68 68 
46 53 65 80 93 85 46 92 82 11 47 74 8 57 75 37 73 101 73 22 91 63 44 89 22 51 89 82 95 41 42 58 88 80 27 59 0 76 72 19 47 20 41 69 46 42 32 84 94 70 
31 28 13 27 53 9 68 57 38 72 33 34 69 19 5 44 9 61 30 58 41 30 76 45 59 30 36 31 49 41 57 59 34 37 52 61 76 0 57 64 67 57 49 9 31 40 45 26 19 15 
50 38 48 81 25 64 96 22 91 76 40 24 65 53 60 40 48 31 27 51 32 27 100 26 71 64 91 32 30 39 30 15 90 89 67 16 72 57 0 74 29 57 33 59 46 37 57 81 59 66 
35 45 54 63 91 72 29 92 64 10 40 69 18 45 62 34 62 99 68 24 87 59 29 86 5 36 71 77 92 36 46 62 71 62 12 63 19 64 74 0 55 17 41 56 37 39 21 68 83 55 
46 40 55 85 55 76 82 52 93 54 37 44 41 55 69 29 59 60 45 31 58 39 83 53 54 60 96 54 59 31 11 14 95 91 52 14 47 67 29 55 0 38 20 65 43 30 44 88 77 71 
26 33 45 63 76 66 44 76 67 19 27 55 13 38 56 19 53 84 54 8 73 44 45 71 16 34 72 63 77 21 29 45 72 65 15 46 20 57 57 17 38 0 24 50 26 23 13 67 74 52 
25 21 36 65 52 58 65 52 73 43 17 34 33 35 50 9 42 60 34 19 52 25 68 48 39 40 76 44 54 10 9 21 74 71 35 23 41 49 33 41 20 24 0 46 22 9 26 68 61 51 
25 25 11 23 59 16 59 62 33 64 29 38 63 13 6 40 13 67 34 53 48 32 68 51 51 22 33 37 55 36 54 58 31 31 45 61 69 9 59 56 65 50 46 0 25 37 38 23 28 8 
4 9 19 43 57 40 51 59 51 43 7 34 39 13 31 15 27 66 32 27 51 24 57 51 32 18 54 40 56 12 31 40 52 48 26 43 46 31 46 37 43 26 22 25 0 13 16 46 48 29 
16 13 28 56 53 50 59 53 64 43 8 32 34 25 41 5 34 61 31 21 49 21 63 47 35 31 66 40 53 2 18 28 65 61 30 30 42 40 37 39 30 23 9 37 13 0 20 58 54 41 
14 25 34 50 72 53 39 72 54 27 20 49 25 25 44 17 42 80 47 18 66 38 43 66 17 21 60 56 71 18 34 47 59 52 10 49 32 45 57 21 44 13 26 38 16 20 0 54 63 39 
44 48 34 5 79 22 60 83 15 77 51 60 79 33 21 61 34 86 56 71 66 55 70 71 63 34 10 57 74 58 77 82 8 14 57 84 84 26 81 68 88 67 68 23 46 58 54 0 37 17 
48 42 29 40 47 15 87 52 52 90 48 36 86 38 23 59 21 53 33 74 34 38 95 40 78 49 47 28 41 55 68 66 45 51 71 68 94 19 59 83 77 74 61 28 48 54 63 37 0 33 
27 31 18 15 66 18 55 70 26 64 34 45 64 16 10 44 21 74 42 55 55 39 63 58 51 20 26 45 62 41 60 65 24 24 44 68 70 15 66 55 71 52 51 8 29 41 39 17 33 0 
0 1000
2576 3475
424 598
4536 5085
2907 3074
129 418
3448 3567
1512 2503
519 884
4873 5052
4375 4473
690 1385
624 1403
2428 2683
4073 4634
1608 1930
2976 3265
1202 1552
1312 2080
3549 4502
1019 1063
2828 2928
1987 2390
3655 3811
4621 5013
4135 4575
3213 4077
955 1327
778 1566
2743 2907
1369 1842
4255 4678
2649 3088
2294 2814
1645 2462
825 1056
297 1225
1098 1100
2166 2869
3779 3862
3907 4555
1833 2776
3303 3777
4439 5148
3095 3249
2516 2705
1904 2343
4750 4880
1746 2555
2788 3117
48.05203638052213 55.776846078357615 67.32033283371344 72.58982989434635 87.85028179636559 86.11215337466052 17.451754765910053 84.3729252843595 67.96451521812092 6.294419362265414 49.892944358134216 73.88068247679888 10.673012486358125 58.69523315810453 76.38030656203915 39.56614948419981 75.4496230091073 92.73869749914111 74.04406230786424 23.710452386512195 90.80773475241749 64.97082699974773 8.07606211067078 86.32792918083464 18.96188935578509 49.29040603649665 76.46957474598786 83.72450592130158 91.82457775823518 43.095028843833774 36.445857027408515 47.64432095203402 76.98126932377775 66.90114725882435 25.856897935081523 46.72139679805159 3.076810001352759 78.1186100812623 62.47925198926194 14.17728755387273 33.34716158394713 23.070297787183268 40.08706593396035 70.36530232780375 48.981027605104565 44.47815713488832 33.69699443388462 77.77297159580355 96.49729687431594 68.78959369712936 
44.75021502765484 54.714900612174155 44.94291188628424 12.195199981032644 90.44252724912141 33.33266039117323 7.98245772584022 95.35259754248422 1.457432383707391 41.81825704363018 54.92597305643009 71.9806939120858 54.07231598288315 39.39153439130584 33.96525139131601 59.60406624754061 46.77098049261769 97.40961048793875 68.37826887087162 58.78157140338922 77.67184340305818 65.66991051101976 8.491089595669843 82.69240735818832 35.96714163480404 30.278885219474972 2.2173866921803786 69.00632860179161 84.91943500987904 58.73094130917147 77.08333672978964 88.39359862973747 4.169808014256993 3.4536847515842295 36.93532254819758 90.89007475085079 51.86356026025095 38.23371895059462 92.57307098645676 36.50285933296159 88.00407523077733 51.17761065636106 68.69760712645594 34.59868189158374 48.27062464789543 60.48481412055775 43.64313861758716 12.52835798872719 44.40052229233814 26.944607676119546 