50
0 44 69 70 22 73 13 34 78 69 70 51 18 54 58 28 4 89 77 85 66 68 40 60 45 27 71 65 17 8 29 64 66 56 18 68 21 47 49 63 44 34 28 75 65 26 19 60 79 79 
44 0 28 34 59 29 54 19 42 32 49 16 60 10 21 70 40 45 37 46 64 42 57 23 43 19 35 71 57 48 27 23 44 18 58 24 56 20 10 70 38 13 18 39 51 59 28 19 35 35 
69 28 0 45 79 9 76 35 17 9 35 18 81 25 37 96 64 23 40 18 61 27 68 10 47 47 12 71 83 70 43 30 63 12 79 8 75 43 32 71 64 41 40 47 72 76 50 9 25 28 
70 34 45 0 89 38 82 53 62 54 78 46 87 26 13 90 67 45 11 59 98 70 91 48 77 43 56 105 76 76 61 15 21 44 87 37 86 23 25 104 36 37 50 5 32 90 59 41 28 24 
22 59 79 89 0 85 9 43 84 77 70 60 8 69 76 33 23 101 94 93 57 70 27 69 41 46 78 52 31 14 36 81 87 67 4 80 4 66 66 50 65 52 41 94 87 7 31 71 94 94 
73 29 9 38 85 0 81 41 24 18 44 25 87 23 32 100 69 17 32 21 71 36 76 18 56 49 20 81 86 75 49 24 57 18 84 5 81 41 30 80 62 42 45 39 68 83 54 14 16 19 
13 54 76 82 9 81 0 41 83 76 72 58 5 64 70 27 15 98 88 92 62 71 33 67 44 39 77 59 23 6 34 75 79 64 6 76 10 59 60 57 57 45 37 87 78 16 27 68 89 90 
34 19 35 53 43 41 41 0 43 35 40 17 46 28 40 62 30 58 56 51 48 36 39 26 25 21 37 54 50 35 9 41 60 23 43 36 40 35 28 52 48 21 8 57 65 42 15 27 51 52 
78 42 17 62 84 24 83 43 0 9 24 28 88 41 53 106 73 30 56 11 54 18 67 19 46 59 7 65 93 78 49 47 79 24 84 24 80 59 47 65 79 55 50 63 89 80 58 24 39 43 
69 32 9 54 77 18 76 35 9 0 27 19 81 31 44 97 65 29 49 16 54 19 63 10 42 50 3 64 85 70 42 38 71 15 78 16 73 50 38 64 70 45 42 56 80 74 50 15 33 37 
70 49 35 78 70 44 72 40 24 27 0 34 76 53 67 98 67 54 74 35 30 8 49 30 29 61 25 41 88 68 41 62 92 34 72 42 66 69 57 42 85 58 48 80 100 65 52 37 60 63 
51 16 18 46 60 25 58 17 28 19 34 0 63 20 34 78 46 41 45 35 52 27 52 10 33 31 21 60 66 52 25 31 59 6 60 20 57 35 24 59 53 27 22 49 66 59 31 11 36 38 
18 60 81 87 8 87 5 46 88 81 76 63 0 69 75 25 20 103 94 97 64 75 35 72 48 44 82 61 24 12 39 81 83 69 5 82 11 65 65 58 61 51 42 92 82 15 32 73 95 95 
54 10 25 26 69 23 64 28 41 31 53 20 69 0 14 79 50 38 27 42 72 45 67 23 51 27 34 79 65 58 37 13 40 19 68 19 66 19 7 78 39 21 28 30 48 69 38 17 26 25 
58 21 37 13 76 32 70 40 53 44 67 34 75 14 0 81 55 43 18 53 85 59 78 37 64 31 47 92 66 64 48 9 26 33 75 30 74 13 12 91 32 25 37 18 36 78 46 30 27 25 
28 70 96 90 33 100 27 62 106 97 98 78 25 79 81 0 32 116 99 113 89 96 60 88 70 52 99 85 14 29 57 88 81 84 29 95 36 68 73 83 57 58 56 95 76 40 47 87 104 104 
4 40 64 67 23 69 15 30 73 65 67 46 20 50 55 32 0 85 74 81 63 64 38 56 42 24 67 63 21 9 25 61 64 52 20 64 21 44 45 61 43 31 24 72 64 27 15 56 75 75 
89 45 23 45 101 17 98 58 30 29 54 41 103 38 43 116 85 0 35 21 83 47 91 33 71 64 30 94 102 92 66 34 66 35 101 22 97 54 44 93 74 58 61 44 76 99 71 30 17 20 
77 37 40 11 94 32 88 56 56 49 74 45 94 27 18 99 74 35 0 52 97 66 94 45 78 49 52 106 85 82 64 14 32 42 93 32 92 31 29 105 47 43 54 9 43 95 63 38 19 15 
85 46 18 59 93 21 92 51 11 16 35 35 97 42 53 113 81 21 52 0 65 29 78 25 57 65 15 76 100 86 58 45 78 29 93 23 89 61 49 76 81 59 57 60 88 90 66 27 33 37 
66 64 61 98 57 71 62 48 54 54 30 52 64 72 85 89 63 83 97 65 0 36 30 53 24 68 52 12 83 61 44 83 108 56 60 67 53 83 74 13 95 69 55 101 113 50 54 60 86 88 
68 42 27 70 70 36 71 36 18 19 8 27 75 45 59 96 64 47 66 29 36 0 51 22 30 55 17 47 85 67 39 54 85 26 72 34 66 62 50 47 79 52 43 72 92 66 49 29 52 55 
40 57 68 91 27 76 33 39 67 63 49 52 35 67 78 60 38 91 94 78 30 51 0 58 21 52 63 26 55 34 30 80 96 57 30 71 24 72 66 23 78 56 41 96 98 20 35 62 88 90 
60 23 10 48 69 18 67 26 19 10 30 10 72 23 37 88 56 33 45 25 53 22 58 0 38 41 12 63 76 62 34 32 63 5 69 14 65 41 29 62 60 36 32 50 72 67 41 7 32 35 
45 43 47 77 41 56 44 25 46 42 29 33 48 51 64 70 42 71 78 57 24 30 21 38 0 45 42 28 62 41 20 64 85 38 43 52 37 60 52 27 72 46 31 81 90 36 30 43 69 72 
27 19 47 43 46 49 39 21 59 50 61 31 44 27 31 52 24 64 49 65 68 55 52 41 45 0 52 72 38 33 25 37 43 36 44 44 43 21 22 70 27 7 14 48 46 48 17 38 53 52 
71 35 12 56 78 20 77 37 7 3 25 21 82 34 47 99 67 30 52 15 52 17 63 12 42 52 0 63 87 72 43 41 73 17 78 19 74 53 41 63 72 48 43 58 82 75 51 17 36 39 
65 71 71 105 52 81 59 54 65 64 41 60 61 79 92 85 63 94 106 76 12 47 26 63 28 72 63 0 81 60 48 92 114 65 56 77 50 89 81 3 99 74 59 109 118 45 56 69 95 98 
17 57 83 76 31 86 23 50 93 85 88 66 24 65 66 14 21 102 85 100 83 85 55 76 62 38 87 81 0 22 46 74 67 71 27 81 33 54 59 79 44 44 43 81 64 38 36 74 90 90 
8 48 70 76 14 75 6 35 78 70 68 52 12 58 64 29 9 92 82 86 61 67 34 62 41 33 72 60 22 0 29 69 73 58 11 70 13 53 53 57 51 39 31 81 73 19 21 62 83 83 
29 27 43 61 36 49 34 9 49 42 41 25 39 37 48 57 25 66 64 58 44 39 30 34 20 25 43 48 46 29 0 50 66 31 36 44 32 42 36 46 51 26 12 65 70 34 11 36 60 61 
64 23 30 15 81 24 75 41 47 38 62 31 81 13 9 88 61 34 14 45 83 54 80 32 64 37 41 92 74 69 50 0 33 29 79 22 78 21 15 91 41 30 40 18 44 81 50 25 18 16 
66 44 63 21 87 57 79 60 79 71 92 59 83 40 26 81 64 66 32 78 108 85 96 63 85 43 73 114 67 73 66 33 0 58 84 55 85 25 35 112 24 40 55 23 11 90 61 56 49 45 
56 18 12 44 67 18 64 23 24 15 34 6 69 19 33 84 52 35 42 29 56 26 57 5 38 36 17 65 71 58 31 29 58 0 67 14 63 36 24 64 55 30 28 47 67 65 37 5 31 33 
18 58 79 87 4 84 6 43 84 78 72 60 5 68 75 29 20 101 93 93 60 72 30 69 43 44 78 56 27 11 36 79 84 67 0 79 7 64 64 54 62 50 40 92 84 11 30 71 93 93 
68 24 8 37 80 5 76 36 24 16 42 20 82 19 30 95 64 22 32 23 67 34 71 14 52 44 19 77 81 70 44 22 55 14 79 0 76 38 26 76 58 38 40 39 65 78 49 9 18 21 
21 56 75 86 4 81 10 40 80 73 66 57 11 66 74 36 21 97 92 89 53 66 24 65 37 43 74 50 33 13 32 78 85 63 7 76 0 64 63 47 64 49 38 91 86 6 28 67 90 91 
47 20 43 23 66 41 59 35 59 50 69 35 65 19 13 68 44 54 31 61 83 62 72 41 60 21 53 89 54 53 42 21 25 36 64 38 64 0 12 87 21 16 30 28 31 69 37 35 39 37 
49 10 32 25 66 30 60 28 47 38 57 24 65 7 12 73 45 44 29 49 74 50 66 29 52 22 41 81 59 53 36 15 35 24 64 26 63 12 0 79 32 15 25 30 42 66 35 23 31 31 
63 70 71 104 50 80 57 52 65 64 42 59 58 78 91 83 61 93 105 76 13 47 23 62 27 70 63 3 79 57 46 91 112 64 54 76 47 87 79 0 97 72 58 108 116 43 54 68 95 97 
44 38 64 36 65 62 57 48 79 70 85 53 61 39 32 57 43 74 47 81 95 79 78 60 72 27 72 99 44 51 51 41 24 55 62 58 64 21 32 97 0 27 40 41 21 69 43 55 59 57 
34 13 41 37 52 42 45 21 55 45 58 27 51 21 25 58 31 58 43 59 69 52 56 36 46 7 48 74 44 39 26 30 40 30 50 38 49 16 15 72 27 0 15 42 44 53 22 32 46 46 
28 18 40 50 41 45 37 8 50 42 48 22 42 28 37 56 24 61 54 57 55 43 41 32 31 14 43 59 43 31 12 40 55 28 40 40 38 30 25 58 40 15 0 55 59 41 10 32 53 53 
75 39 47 5 94 39 87 57 63 56 80 49 92 30 18 95 72 44 9 60 101 72 96 50 81 48 58 109 81 81 65 18 23 47 92 39 91 28 30 108 41 42 55 0 34 95 63 43 28 24 
65 51 72 32 87 68 78 65 89 80 100 66 82 48 36 76 64 76 43 88 113 92 98 72 90 46 82 118 64 73 70 44 11 67 84 65 86 31 42 116 21 44 59 34 0 91 63 65 60 56 
26 59 76 90 7 83 16 42 80 74 65 59 15 69 78 40 27 99 95 90 50 66 20 67 36 48 75 45 38 19 34 81 90 65 11 78 6 69 66 43 69 53 41 95 91 0 32 69 93 94 
19 28 50 59 31 54 27 15 58 50 52 31 32 38 46 47 15 71 63 66 54 49 35 41 30 17 51 56 36 21 11 50 61 37 30 49 28 37 35 54 43 22 10 63 63 32 0 41 63 63 
60 19 9 41 71 14 68 27 24 15 37 11 73 17 30 87 56 30 38 27 60 29 62 7 43 38 17 69 74 62 36 25 56 5 71 9 67 35 23 68 55 32 32 43 65 69 41 0 26 29 
79 35 25 28 94 16 89 51 39 33 60 36 95 26 27 104 75 17 19 33 86 52 88 32 69 53 36 95 90 83 60 18 49 31 93 18 90 39 31 95 59 46 53 28 60 93 63 26 0 4 
79 35 28 24 94 19 90 52 43 37 63 38 95 25 25 104 75 20 15 37 88 55 90 35 72 52 39 98 90 83 61 16 45 33 93 21 91 37 31 97 57 46 53 24 56 94 63 29 4 0 
0 1000
3411 4020
2938 3857
676 1061
3739 4268
283 960
1580 2523
431 1172
327 694
4158 4789
3187 3254
4789 5527
4946 5613
478 1180
3385 4186
5153 5154
1595 1618
2354 2842
761 1297
3514 3772
945 1296
4685 5432
4036 4250
123 779
1456 2384
5023 5154
536 1168
3265 3547
1254 2120
198 355
3648 4465
1045 1723
4586 5199
2115 2306
4432 5052
3907 4806
2210 2939
2693 2915
4289 4874
3106 3295
1975 2456
2743 3421
1864 1906
1123 1382
1362 1945
2535 3521
2820 3792
355 1069
1715 1732
2981 3416
78.56539925352955 38.77259802622094 26.04792600795821 8.931695616758727 97.23013258316786 17.705684695031408 90.84895918723296 56.42716361222927 29.906750793679294 31.485689260262163 53.712837634343636 41.6567222945441 96.10707154124307 28.727188661265767 20.917072070495134 95.75947942106767 75.90147945904766 2.7181033484206862 2.8501044699946854 18.716230917744735 83.2525982011842 47.651456678393245 93.28871719518223 35.46697975491902 73.33903935384049 51.9058876301686 32.29509996259077 94.78092753819955 82.52678468224907 84.46753814139416 65.06496115810407 16.530096667684912 15.152145762384828 35.915837054859544 95.4762891292857 22.236645409601287 94.38559771156136 31.514646738678252 31.65085408687025 95.04713404783632 38.85212717905563 45.79862125465466 56.649728358676796 3.9627402678195423 19.54422219197124 97.85391054208581 66.17826164262837 31.060539209225436 5.454793265403901 4.141354147087273 
33.11791450322127 52.48128432504128 77.17761775966862 35.624902160652184 44.04603410866953 72.9543837672167 37.29836308777191 59.12222386202599 93.50910759259442 84.15351756725234 99.0055914118662 67.7223414015948 35.86759118504875 52.80260128865489 41.02645770555239 11.03558109905004 36.315622740654085 79.92709972129197 44.601267206336125 93.63085207601932 99.07048444042346 93.5971492453974 70.56287312029555 75.30536729319041 77.76130448333795 38.275362826013684 86.89950402845318 96.46890747953813 16.236624960486743 37.857929885438615 59.16994529767364 48.93798278740164 15.54277893609738 70.06498843868373 40.397036883923555 70.54643274681031 46.904383329834374 34.17454434151157 46.13480535807854 93.96298711601905 14.918508539515528 41.24905634980175 51.14456680886197 35.9390199147897 5.472437618042036 51.26169180547004 48.12779805531856 69.59537582828892 63.427407596465834 59.56607369930054 