50
0 17 45 21 29 46 51 40 20 35 46 8 34 33 15 3 48 27 56 8 44 24 47 36 28 43 34 63 36 19 52 17 63 35 43 13 20 49 12 44 42 49 47 50 27 53 61 17 16 32 
17 0 60 38 44 41 67 56 28 21 38 19 26 28 27 20 36 39 40 10 55 39 61 41 12 60 18 80 41 14 41 1 47 48 60 22 33 49 17 42 58 57 56 34 24 64 58 5 19 36 
45 60 0 27 18 86 10 6 54 80 72 41 77 75 47 42 79 24 95 51 24 22 14 42 72 26 74 36 68 63 80 60 102 46 20 51 45 83 54 60 34 71 30 88 54 26 98 59 57 43 
21 38 27 0 18 59 31 22 26 55 61 21 50 48 20 17 66 21 76 28 37 16 35 40 48 23 54 43 42 37 69 38 84 25 22 24 19 57 28 54 24 48 41 70 41 44 71 38 30 38 
29 44 18 18 0 73 27 16 43 64 55 24 63 61 35 27 62 7 77 34 19 5 18 27 56 32 56 48 59 48 63 44 84 43 27 38 36 74 41 44 36 66 24 71 37 26 87 42 43 27 
46 41 86 59 73 0 89 80 32 30 77 53 15 13 39 47 71 72 64 45 90 69 92 80 34 73 51 90 23 28 78 41 69 49 76 35 41 15 33 83 66 36 92 62 64 99 18 46 30 75 
51 67 10 31 27 89 0 11 56 86 82 48 81 78 50 48 89 33 103 58 35 31 24 52 79 21 82 26 69 68 90 67 111 45 15 55 47 84 59 70 30 70 41 97 64 35 99 66 61 53 
40 56 6 22 16 80 11 0 48 75 71 37 72 69 41 37 78 22 92 47 27 20 19 42 68 21 70 33 62 58 79 56 99 40 15 46 39 78 49 60 28 66 33 86 52 30 92 55 51 42 
20 28 54 26 43 32 56 48 0 37 64 27 26 22 7 19 64 43 67 25 60 38 60 56 33 41 46 60 17 18 69 29 74 21 44 7 9 31 11 64 36 30 64 62 46 68 45 32 9 51 
35 21 80 55 64 30 86 75 37 0 49 40 16 22 39 38 42 60 35 30 76 59 81 60 8 76 22 96 41 20 49 21 41 58 77 33 45 43 28 58 72 58 76 32 41 85 48 24 28 55 
46 38 72 61 55 77 82 71 64 49 0 41 61 65 60 49 11 48 32 39 53 51 64 32 42 83 27 102 78 52 9 37 38 81 81 57 66 87 53 16 85 94 50 28 20 61 95 33 56 29 
8 19 41 21 24 53 48 37 27 40 41 0 40 40 21 8 45 20 56 10 37 19 41 29 32 44 34 64 44 26 48 19 63 40 43 20 26 57 20 38 44 57 39 50 22 46 69 18 23 24 
34 26 77 50 63 15 81 72 26 16 61 40 0 6 31 36 56 60 51 32 78 58 81 66 19 68 36 87 26 15 63 27 57 47 70 26 36 27 22 68 62 43 80 48 49 87 33 31 20 61 
33 28 75 48 61 13 78 69 22 22 65 40 6 0 28 35 61 60 57 33 77 57 80 68 24 64 40 82 20 15 67 29 63 42 66 24 32 22 21 70 58 37 80 53 52 86 30 33 18 62 
15 27 47 20 35 39 50 41 7 39 60 21 31 28 0 13 61 35 67 21 53 31 53 49 34 37 45 57 24 20 66 27 74 21 39 6 6 38 11 59 33 35 57 61 42 61 52 29 11 45 
3 20 42 17 27 47 48 37 19 38 49 8 36 35 13 0 51 25 59 11 43 22 45 37 31 40 37 60 36 21 55 20 67 32 40 13 18 50 14 46 38 48 45 53 29 52 62 21 17 32 
48 36 79 66 62 71 89 78 64 42 11 45 56 61 61 51 0 56 21 40 63 58 73 41 37 89 21 108 76 49 7 35 26 82 86 57 67 83 53 27 89 93 60 17 25 71 89 32 55 38 
27 39 24 21 7 72 33 22 43 60 48 20 60 60 35 25 56 0 71 30 18 5 21 21 52 38 51 55 59 46 57 39 78 46 34 37 37 74 39 38 42 68 21 65 31 27 87 37 42 20 
56 40 95 76 77 64 103 92 67 35 32 56 51 57 67 59 21 71 0 48 81 72 90 60 35 99 23 119 75 50 26 40 7 88 98 61 73 78 56 48 98 93 79 6 41 90 81 39 58 56 
8 10 51 28 34 45 58 47 25 30 39 10 32 33 21 11 40 30 48 0 47 29 51 35 22 51 25 71 40 17 45 10 55 42 51 18 27 51 15 39 50 55 48 42 21 56 62 9 18 30 
44 55 24 37 19 90 35 27 60 76 53 37 78 77 53 43 63 18 81 47 0 22 12 22 67 47 63 60 77 63 62 55 88 61 42 55 54 92 56 39 54 85 6 75 40 9 105 52 60 25 
24 39 22 16 5 69 31 20 38 59 51 19 58 57 31 22 58 5 72 29 22 0 23 26 51 33 51 51 55 43 60 38 80 41 30 34 32 70 36 42 37 63 26 66 33 30 83 37 39 25 
47 61 14 35 18 92 24 19 60 81 64 41 81 80 53 45 73 21 90 51 12 23 0 33 73 39 71 49 76 66 73 60 97 57 34 56 53 91 59 50 47 82 17 84 49 11 105 58 61 35 
36 41 42 40 27 80 52 42 56 60 32 29 66 68 49 37 41 21 60 35 22 26 33 0 52 59 44 75 73 52 40 41 67 65 55 49 53 85 48 18 63 84 19 54 21 30 97 37 52 5 
28 12 72 48 56 34 79 68 33 8 42 32 19 24 34 31 37 52 35 22 67 51 73 52 0 70 16 90 41 16 44 13 41 55 70 28 40 46 23 50 67 58 68 30 33 77 52 16 24 47 
43 60 26 23 32 73 21 21 41 76 83 44 68 64 37 40 89 38 99 51 47 33 39 59 70 0 77 20 51 56 91 60 107 26 6 43 32 66 48 75 9 50 53 93 64 51 81 61 48 58 
34 18 74 54 56 51 82 70 46 22 27 34 36 40 45 37 21 51 23 25 63 51 71 44 16 77 0 97 56 30 27 17 30 66 76 40 51 62 35 37 75 73 62 17 24 72 69 16 37 39 
63 80 36 43 48 90 26 33 60 96 102 64 87 82 57 60 108 55 119 71 60 51 49 75 90 20 97 0 68 76 110 80 127 41 21 62 51 82 67 92 25 62 66 113 83 60 96 81 68 75 
36 41 68 42 59 23 69 62 17 41 78 44 26 20 24 36 76 59 75 40 77 55 76 73 41 51 56 68 0 27 82 41 82 26 55 24 23 16 25 80 44 17 81 71 62 85 30 45 22 68 
19 14 63 37 48 28 68 58 18 20 52 26 15 15 20 21 49 46 50 17 63 43 66 52 16 56 30 76 27 0 55 15 57 39 58 14 25 35 9 55 52 43 65 45 37 72 45 19 9 47 
52 41 80 69 63 78 90 79 69 49 9 48 63 67 66 55 7 57 26 45 62 60 73 40 44 91 27 110 82 55 0 41 30 87 89 62 72 89 58 24 92 98 59 23 27 70 96 37 61 38 
17 1 60 38 44 41 67 56 29 21 37 19 27 29 27 20 35 39 40 10 55 38 60 41 13 60 17 80 41 15 41 0 47 48 60 22 33 50 18 41 58 57 56 34 23 64 59 4 20 35 
63 47 102 84 84 69 111 99 74 41 38 63 57 63 74 67 26 78 7 55 88 80 97 67 41 107 30 127 82 57 30 47 0 95 106 68 80 83 63 53 105 99 86 14 48 97 86 46 65 63 
35 48 46 25 43 49 45 40 21 58 81 40 47 42 21 32 82 46 88 42 61 41 57 65 55 26 66 41 26 39 87 48 95 0 30 26 15 41 32 77 18 25 66 82 61 68 55 51 31 61 
43 60 20 22 27 76 15 15 44 77 81 43 70 66 39 40 86 34 98 51 42 30 34 55 70 6 76 21 55 58 89 60 106 30 0 44 35 70 49 71 15 55 48 92 61 45 85 60 50 54 
13 22 51 24 38 35 55 46 7 33 57 20 26 24 6 13 57 37 61 18 55 34 56 49 28 43 40 62 24 14 62 22 68 26 44 0 12 37 5 57 38 37 58 56 39 64 50 25 6 45 
20 33 45 19 36 41 47 39 9 45 66 26 36 32 6 18 67 37 73 27 54 32 53 53 40 32 51 51 23 25 72 33 80 15 35 12 0 38 17 64 27 31 58 67 47 62 52 36 17 49 
49 49 83 57 74 15 84 78 31 43 87 57 27 22 38 50 83 74 78 51 92 70 91 85 46 66 62 82 16 35 89 50 83 41 70 37 38 0 37 90 58 23 95 75 72 100 14 54 34 81 
12 17 54 28 41 33 59 49 11 28 53 20 22 21 11 14 53 39 56 15 56 36 59 48 23 48 35 67 25 9 58 18 63 32 49 5 17 37 0 54 44 40 59 51 36 65 49 21 3 43 
44 42 60 54 44 83 70 60 64 58 16 38 68 70 59 46 27 38 48 39 39 42 50 18 50 75 37 92 80 55 24 41 53 77 71 57 64 90 54 0 78 94 35 43 18 46 100 37 58 17 
42 58 34 24 36 66 30 28 36 72 85 44 62 58 33 38 89 42 98 50 54 37 47 63 67 9 75 25 44 52 92 58 105 18 15 38 27 58 44 78 0 41 59 92 65 58 73 59 44 61 
49 57 71 48 66 36 70 66 30 58 94 57 43 37 35 48 93 68 93 55 85 63 82 84 58 50 73 62 17 43 98 57 99 25 55 37 31 23 40 94 41 0 89 88 76 92 35 61 37 80 
47 56 30 41 24 92 41 33 64 76 50 39 80 80 57 45 60 21 79 48 6 26 17 19 68 53 62 66 81 65 59 56 86 66 48 58 58 95 59 35 59 89 0 73 39 11 108 52 62 23 
50 34 88 70 71 62 97 86 62 32 28 50 48 53 61 53 17 65 6 42 75 66 84 54 30 93 17 113 71 45 23 34 14 82 92 56 67 75 51 43 92 88 73 0 35 84 79 33 53 50 
27 24 54 41 37 64 64 52 46 41 20 22 49 52 42 29 25 31 41 21 40 33 49 21 33 64 24 83 62 37 27 23 48 61 61 39 47 72 36 18 65 76 39 35 0 49 82 19 40 16 
53 64 26 44 26 99 35 30 68 85 61 46 87 86 61 52 71 27 90 56 9 30 11 30 77 51 72 60 85 72 70 64 97 68 45 64 62 100 65 46 58 92 11 84 49 0 113 61 68 34 
61 58 98 71 87 18 99 92 45 48 95 69 33 30 52 62 89 87 81 62 105 83 105 97 52 81 69 96 30 45 96 59 86 55 85 50 52 14 49 100 73 35 108 79 82 113 0 63 46 92 
17 5 59 38 42 46 66 55 32 24 33 18 31 33 29 21 32 37 39 9 52 37 58 37 16 61 16 81 45 19 37 4 46 51 60 25 36 54 21 37 59 61 52 33 19 61 63 0 23 31 
16 19 57 30 43 30 61 51 9 28 56 23 20 18 11 17 55 42 58 18 60 39 61 52 24 48 37 68 22 9 61 20 65 31 50 6 17 34 3 58 44 37 62 53 40 68 46 23 0 47 
32 36 43 38 27 75 53 42 51 55 29 24 61 62 45 32 38 20 56 30 25 25 35 5 47 58 39 75 68 47 38 35 63 61 54 45 49 81 43 17 61 80 23 50 16 34 92 31 47 0 
0 1000
4258 5130
921 1898
4627 4816
1378 1777
2465 2481
1503 1549
3370 4126
990 1679
3180 3777
399 1133
2689 3245
4854 5484
2574 2869
2911 3548
4350 4470
702 1147
565 1058
1704 1891
786 1469
3302 3892
103 877
1845 2609
3037 3890
4761 5373
2101 2592
4982 5682
3659 4490
4718 5403
4558 4637
3856 4422
2801 3087
2255 2549
4432 4772
1056 1551
295 933
1334 1722
3491 4220
1190 1214
2327 3180
167 898
1292 1345
4013 4645
1966 2192
819 1245
5108 5595
4181 4251
1157 2119
468 1329
68 243
49.63147438016482 57.810803704085366 46.780337913059476 39.96922891561001 54.440622012448756 24.5311784743233 37.44527901913426 43.36688227102079 30.72179096473674 54.135076700036336 94.9801760564224 55.72367305741596 38.18832247012685 33.030374227175145 35.09488874163609 47.72877904737034 93.2990495696377 59.697139466845385 88.92840479081067 55.877968160041355 70.38481439344 54.692474028990446 60.939702937454754 80.20903662690239 56.86422019654904 23.23448201071625 73.09286128270843 11.826373590594319 17.20151168023364 44.0618066102183 99.14727126231246 58.424761695847536 93.27893630266055 16.44628287754808 28.520877563658786 38.06864270427401 29.81127774275634 11.305003537708824 41.589525890607916 93.29963830259432 18.00367362313694 1.2581438714617033 76.45781775225046 85.99157094069867 76.6866922543183 72.19786446940023 7.567797066168591 62.10092910042897 38.6684719043158 77.60778259124615 
51.68092804639935 66.31339967820311 6.982003099404599 33.287818783584534 22.733847222098223 89.83406350095552 2.1967476505548755 11.864229891266376 58.01547962586051 86.49499490356098 59.98813938778124 46.93380838336284 83.34286424088693 80.3462108546367 52.31089248264033 48.838463504118046 71.35210275977033 26.88375591487344 91.67131833881112 56.861434924600005 12.585913332747323 27.92058292688089 5.763692961838163 32.016884628559836 78.61298342816585 17.284698471041114 75.66071213178637 0.7314043968366102 68.12923370647927 69.66256609945496 67.80657208554062 66.19457858576091 97.69301266734143 41.94493068032673 14.252055568911082 57.227122022556685 48.80743752622006 82.51378187787792 61.14802588630953 44.22892694075392 24.51365274342504 62.11033678820881 13.603449736908512 86.17690576996944 52.24382573512114 3.5110062980038492 96.27691002407082 63.74914176885663 62.96393561650548 36.75895873031786 