50
0 76 59 36 15 72 43 103 15 39 48 81 92 88 46 85 67 92 15 69 83 26 55 23 26 96 73 125 62 83 85 63 41 79 72 68 39 4 52 66 67 13 61 54 51 106 110 55 98 57 
76 0 27 74 62 35 35 28 66 41 34 81 95 52 52 50 37 31 65 17 11 51 22 69 57 32 33 58 43 32 12 15 59 77 25 38 39 79 26 10 37 82 37 24 26 45 51 39 36 70 
59 27 0 69 47 17 29 55 45 35 34 91 106 72 53 69 15 56 44 12 38 39 14 60 35 58 50 85 53 54 39 25 57 87 43 52 31 62 12 21 15 67 47 27 13 72 77 45 62 73 
36 74 69 0 30 86 41 95 44 35 40 46 56 64 24 61 83 77 44 75 76 31 59 13 51 82 56 109 41 67 79 60 16 45 59 49 38 34 58 65 82 26 44 50 57 88 90 38 83 23 
15 62 47 30 0 63 28 88 15 24 33 70 83 74 33 71 58 77 14 56 68 11 42 17 22 81 58 110 48 68 71 48 29 68 57 53 24 17 39 52 58 20 46 40 38 91 95 40 83 47 
72 35 17 86 63 0 47 58 58 52 51 107 122 85 71 83 5 66 57 19 45 56 30 77 46 67 64 90 69 66 46 39 74 104 56 67 48 76 29 34 6 82 62 43 30 80 86 62 71 91 
43 35 29 41 28 47 0 60 36 6 7 63 78 52 24 49 44 49 35 33 40 17 18 35 32 54 33 83 28 42 42 20 28 60 30 30 4 45 18 25 44 47 23 11 16 64 68 19 56 44 
103 28 55 95 88 58 60 0 93 65 57 87 101 51 71 51 61 23 92 43 20 77 50 93 85 19 41 33 56 33 17 40 78 84 36 49 64 105 54 38 62 107 51 48 54 29 35 57 23 84 
15 66 45 44 15 58 36 93 0 34 42 85 98 86 47 83 53 85 1 56 74 22 44 31 12 89 69 119 61 78 76 54 44 83 66 65 32 19 40 56 52 27 58 46 40 100 104 52 92 62 
39 41 35 35 24 52 6 65 34 0 9 59 74 53 20 50 49 53 33 40 45 13 24 29 32 58 35 87 28 45 48 26 22 57 33 31 4 41 24 31 49 42 24 17 22 67 71 18 59 39 
48 34 34 40 33 51 7 57 42 9 0 57 72 46 20 43 49 44 41 36 38 21 21 36 38 49 27 78 22 36 40 19 25 54 24 24 10 49 22 25 49 50 17 10 21 58 63 13 51 40 
81 81 91 46 70 107 63 87 85 59 57 0 15 38 40 38 106 64 84 90 76 65 77 57 88 70 48 87 38 55 78 69 41 3 56 42 63 79 79 75 105 72 45 64 77 67 66 45 67 24 
92 95 106 56 83 122 78 101 98 74 72 15 0 50 54 50 121 78 97 105 91 79 92 69 102 82 63 97 53 68 92 85 55 18 71 57 78 90 94 91 120 83 60 79 93 78 77 60 80 36 
88 52 72 64 74 85 52 51 86 53 46 38 50 0 43 3 85 28 85 67 45 65 59 69 84 32 21 50 26 21 46 47 50 35 29 22 55 89 62 51 85 86 29 47 61 29 29 35 29 44 
46 52 53 24 33 71 24 71 47 20 20 40 54 43 0 40 68 53 46 56 53 26 41 26 48 58 32 85 18 43 55 38 8 38 35 25 24 46 42 44 68 43 20 30 40 64 67 14 59 20 
85 50 69 61 71 83 49 51 83 50 43 38 50 3 40 0 83 27 82 64 43 61 56 66 81 32 18 51 23 19 44 44 46 34 26 19 52 86 59 49 83 83 26 44 58 30 31 31 30 42 
67 37 15 83 58 5 44 61 53 49 49 106 121 85 68 83 0 68 52 20 47 52 29 73 41 69 65 93 68 67 48 39 72 103 57 67 45 71 27 34 1 78 62 42 28 82 88 61 73 88 
92 31 56 77 77 66 49 23 85 53 44 64 78 28 53 27 68 0 84 48 21 66 46 77 79 6 21 34 36 11 21 34 61 61 20 29 53 93 51 35 68 93 33 39 50 15 21 39 7 63 
15 65 44 44 14 57 35 92 1 33 41 84 97 85 46 82 52 84 0 55 72 21 43 31 11 88 68 117 59 77 75 53 43 82 65 64 31 19 39 55 52 27 56 45 39 99 103 51 91 61 
69 17 12 75 56 19 33 43 56 40 36 90 105 67 56 64 20 48 55 0 28 47 16 67 46 49 46 75 52 48 29 21 61 87 38 49 36 72 17 15 20 76 45 27 18 62 68 46 53 76 
83 11 38 76 68 45 40 20 74 45 38 76 91 45 53 43 47 21 72 28 0 57 30 73 66 21 28 48 41 24 2 20 60 73 20 34 44 85 35 18 48 87 35 29 34 35 41 39 25 69 
26 51 39 31 11 56 17 77 22 13 21 65 79 65 26 61 52 66 21 47 57 0 32 21 23 70 48 99 39 57 60 37 25 63 46 43 13 28 30 41 51 30 36 29 29 80 84 30 72 43 
55 22 14 59 42 30 18 50 44 24 21 77 92 59 41 56 29 46 43 16 30 32 0 52 35 49 38 78 40 43 32 13 46 74 31 39 21 58 4 12 28 62 33 13 4 62 67 32 53 61 
23 69 60 13 17 77 35 93 31 29 36 57 69 69 26 66 73 77 31 67 73 21 52 0 38 83 57 111 44 68 76 55 19 56 58 50 31 22 50 59 72 17 44 45 49 90 93 38 84 33 
26 57 35 51 22 46 32 85 12 32 38 88 102 84 48 81 41 79 11 46 66 23 35 38 0 83 65 112 59 73 68 47 47 86 61 62 29 30 31 48 41 38 55 41 31 95 99 50 86 66 
96 32 58 82 81 67 54 19 89 58 49 70 82 32 58 32 69 6 88 49 21 70 49 83 83 0 27 29 42 16 21 37 66 66 25 34 58 98 54 38 69 98 39 43 53 14 19 45 4 69 
73 33 50 56 58 64 33 41 69 35 27 48 63 21 32 18 65 21 68 46 28 48 38 57 65 27 0 54 15 11 30 26 40 45 8 8 37 75 41 31 64 73 13 26 40 33 36 19 27 43 
125 58 85 109 110 90 83 33 119 87 78 87 97 50 85 51 93 34 117 75 48 99 78 111 112 29 54 0 68 43 46 66 93 84 54 61 87 127 82 65 94 127 66 72 81 22 21 73 27 93 
62 43 53 41 48 69 28 56 61 28 22 38 53 26 18 23 68 36 59 52 41 39 40 44 59 42 15 68 0 26 43 31 25 35 21 8 30 63 42 37 68 60 7 26 41 47 49 9 42 28 
83 32 54 67 68 66 42 33 78 45 36 55 68 21 43 19 67 11 77 48 24 57 43 68 73 16 11 43 26 0 25 30 50 51 12 18 45 85 47 33 67 84 23 33 46 22 26 30 16 53 
85 12 39 79 71 46 42 17 76 48 40 78 92 46 55 44 48 21 75 29 2 60 32 76 68 21 30 46 43 25 0 22 63 75 22 36 46 88 37 20 49 89 37 31 37 34 40 41 25 71 
63 15 25 60 48 39 20 40 54 26 19 69 85 47 38 44 39 34 53 21 20 37 13 55 47 37 26 66 31 30 22 0 44 66 18 28 24 65 17 6 39 67 24 9 16 49 54 26 40 56 
41 59 57 16 29 74 28 78 44 22 25 41 55 50 8 46 72 61 43 61 60 25 46 19 47 66 40 93 25 50 63 44 0 39 42 33 26 41 46 50 71 36 27 35 44 72 74 22 66 19 
79 77 87 45 68 104 60 84 83 57 54 3 18 35 38 34 103 61 82 87 73 63 74 56 86 66 45 84 35 51 75 66 39 0 53 39 60 78 76 72 102 71 42 61 74 64 64 42 64 22 
72 25 43 59 57 56 30 36 66 33 24 56 71 29 35 26 57 20 65 38 20 46 31 58 61 25 8 54 21 12 22 18 42 53 0 14 33 74 35 23 57 73 15 20 33 34 39 21 26 49 
68 38 52 49 53 67 30 49 65 31 24 42 57 22 25 19 67 29 64 49 34 43 39 50 62 34 8 61 8 18 36 28 33 39 14 0 33 69 42 34 66 67 7 26 40 39 42 13 34 35 
39 39 31 38 24 48 4 64 32 4 10 63 78 55 24 52 45 53 31 36 44 13 21 31 29 58 37 87 30 45 46 24 26 60 33 33 0 41 20 29 45 43 26 15 18 68 72 21 60 43 
4 79 62 34 17 76 45 105 19 41 49 79 90 89 46 86 71 93 19 72 85 28 58 22 30 98 75 127 63 85 88 65 41 78 74 69 41 0 55 69 71 10 62 57 54 107 111 56 100 56 
52 26 12 58 39 29 18 54 40 24 22 79 94 62 42 59 27 51 39 17 35 30 4 50 31 54 41 82 42 47 37 17 46 76 35 42 20 55 0 17 26 59 36 16 2 66 71 34 57 62 
66 10 21 65 52 34 25 38 56 31 25 75 91 51 44 49 34 35 55 15 18 41 12 59 48 38 31 65 37 33 20 6 50 72 23 34 29 69 17 0 34 71 30 15 16 50 56 32 41 62 
67 37 15 82 58 6 44 62 52 49 49 105 120 85 68 83 1 68 52 20 48 51 28 72 41 69 64 94 68 67 49 39 71 102 57 66 45 71 26 34 0 77 61 42 28 82 88 60 73 88 
13 82 67 26 20 82 47 107 27 42 50 72 83 86 43 83 78 93 27 76 87 30 62 17 38 98 73 127 60 84 89 67 36 71 73 67 43 10 59 71 77 0 61 58 58 106 109 54 99 49 
61 37 47 44 46 62 23 51 58 24 17 45 60 29 20 26 62 33 56 45 35 36 33 44 55 39 13 66 7 23 37 24 27 42 15 7 26 62 36 30 61 61 0 20 34 45 49 6 39 34 
54 24 27 50 40 43 11 48 46 17 10 64 79 47 30 44 42 39 45 27 29 29 13 45 41 43 26 72 26 33 31 9 35 61 20 26 15 57 16 15 42 58 20 0 15 54 59 19 45 49 
51 26 13 57 38 30 16 54 40 22 21 77 93 61 40 58 28 50 39 18 34 29 4 49 31 53 40 81 41 46 37 16 44 74 33 40 18 54 2 16 28 58 34 15 0 65 70 32 56 60 
106 45 72 88 91 80 64 29 100 67 58 67 78 29 64 30 82 15 99 62 35 80 62 90 95 14 33 22 47 22 34 49 72 64 34 39 68 107 66 50 82 106 45 54 65 0 6 52 9 71 
110 51 77 90 95 86 68 35 104 71 63 66 77 29 67 31 88 21 103 68 41 84 67 93 99 19 36 21 49 26 40 54 74 64 39 42 72 111 71 56 88 109 49 59 70 6 0 55 15 72 
55 39 45 38 40 62 19 57 52 18 13 45 60 35 14 31 61 39 51 46 39 30 32 38 50 45 19 73 9 30 41 26 22 42 21 13 21 56 34 32 60 54 6 19 32 52 55 0 46 31 
98 36 62 83 83 71 56 23 92 59 51 67 80 29 59 30 73 7 91 53 25 72 53 84 86 4 27 27 42 16 25 40 66 64 26 34 60 100 57 41 73 99 39 45 56 9 15 46 0 68 
57 70 73 23 47 91 44 84 62 39 40 24 36 44 20 42 88 63 61 76 69 43 61 33 66 69 43 93 28 53 71 56 19 22 49 35 43 56 62 62 88 49 34 49 60 71 72 31 68 0 
0 1000
2402 3248
1392 1996
3707 3750
3482 4364
3063 3862
4346 4465
2940 2958
1549 2104
1818 2285
4535 4673
2219 2908
2795 3501
2003 2173
4589 5118
1721 2580
3330 4120
1142 1182
5229 5419
437 477
868 1080
2102 2820
2443 2562
3196 4144
3524 3593
4203 4627
382 1109
2583 2913
241 1147
4710 4934
5121 5844
777 1371
1904 2246
623 1004
1191 1955
4992 5378
295 1129
4464 4659
4050 4513
3368 4138
976 1153
4837 5630
2290 2894
1461 2079
2690 3485
1240 1723
3884 4766
3609 4187
109 790
1926 2421
10.951059647299587 78.08781352438766 68.48531456082551 3.726991061250784 21.067426198945295 83.16669859063899 44.38121766445905 95.43179229013438 25.55408237884692 37.934042500285635 43.985512175663764 10.827791007225185 0.22656928521345154 49.1623085995943 26.2692677435895 48.117621643118284 78.33572677706539 73.77926832647223 26.139506943418244 76.81764844543267 79.29993399671935 29.93161413249571 61.3725457606322 9.76963654425067 37.07429159854085 79.2557852214234 54.282120087087726 97.44163641412578 39.435071841559676 63.29971203525064 81.54973255405771 63.243691041276165 19.41460057136979 13.863902211091883 59.78962683638356 46.654440630388436 40.91340326588342 7.228077118197273 59.4988871859058 68.61036671605235 77.72052294994502 1.115441540080142 44.687492342721654 54.00886085428927 58.43622715407205 77.99333040032843 76.88032531453739 40.127473510744174 77.55601625120305 11.274446921718095 
7.13617457947604 43.257086766608545 17.880048045116947 42.1705492503477 18.205543180916774 8.791417581311245 34.56956815177059 65.42521207283691 3.7002611803713004 35.055310587122875 41.30116896234017 87.66953746833104 98.51594240832264 86.81659825777541 50.71539070905538 83.7030234731909 6.473386045392759 73.89393213265411 4.695571103929974 26.299027100014428 53.93592530479111 25.07221304237971 29.381437877841098 30.5213475817226 3.5539208616169993 75.26003356105154 66.33812917843294 97.98541978852849 62.59513465253714 71.85912021168502 54.81262799594459 42.04443122414888 47.21428650105857 86.17671870253116 59.94595976483089 64.9675324880523 32.27468447752679 8.491714809004892 25.30310917851769 39.21299487210117 6.346583623295476 15.862694201301053 57.98993054847453 40.47178645357845 26.56143287070153 88.75086023178518 94.59944908787874 53.384408206973845 79.3587413352619 63.90923470293048 