50
0 34 50 26 32 43 38 35 13 31 67 38 5 12 50 27 48 35 13 46 36 14 57 56 26 59 53 48 46 49 32 31 43 17 45 46 49 48 33 63 45 44 43 34 15 34 47 34 16 44 
34 0 21 28 23 26 19 64 46 63 80 32 39 42 84 50 81 51 40 44 65 22 34 64 8 65 87 54 79 47 24 63 30 23 45 45 82 37 10 96 17 18 77 22 49 67 15 18 48 15 
50 21 0 50 23 16 14 74 61 81 101 28 55 60 98 70 94 54 59 38 74 37 46 60 29 86 101 75 94 68 46 81 50 43 39 66 98 27 17 110 31 7 91 21 64 84 24 19 66 30 
26 28 50 0 43 51 44 61 38 44 52 52 29 25 69 24 70 60 22 63 63 27 35 78 22 39 73 27 65 24 8 44 17 11 63 21 66 60 35 83 28 45 64 44 38 49 34 41 31 28 
32 23 23 43 0 11 9 51 40 63 94 9 37 44 77 57 71 31 44 21 50 19 56 41 23 82 79 70 73 66 43 62 52 33 22 63 78 17 13 88 40 17 70 3 44 64 36 5 48 38 
43 26 16 51 11 0 7 60 51 74 102 12 47 54 87 67 82 39 54 22 60 30 58 44 29 89 89 78 84 72 49 73 56 42 24 70 89 12 16 98 41 11 80 8 55 75 35 10 59 39 
38 19 14 44 9 7 0 60 48 70 96 15 43 49 85 61 80 40 48 27 60 25 51 49 22 83 87 71 81 65 42 69 49 35 28 63 86 19 9 96 34 7 78 7 52 71 29 5 54 33 
35 64 74 61 51 60 60 0 23 38 90 50 32 38 32 51 23 26 41 49 3 42 92 43 58 88 32 78 30 82 67 35 78 52 47 79 37 58 59 39 78 67 25 53 25 32 79 55 34 77 
13 46 61 38 40 51 48 23 0 24 70 44 9 15 38 30 35 32 18 49 25 25 70 53 39 66 40 55 33 59 44 23 55 30 48 55 38 54 44 50 58 54 31 43 4 24 60 43 13 57 
31 63 81 44 63 74 70 38 24 0 54 67 26 22 28 22 32 56 24 73 40 45 78 76 55 55 32 48 23 56 51 2 60 41 72 53 23 78 64 42 70 75 25 65 20 8 75 65 15 69 
67 80 101 52 94 102 96 90 70 54 0 102 65 56 78 41 85 102 55 112 93 76 70 122 74 18 82 26 75 37 56 56 55 61 111 38 71 111 87 90 75 97 77 95 67 61 82 93 57 75 
38 32 28 52 9 12 15 50 44 67 102 0 42 50 78 64 71 27 50 12 49 26 65 33 32 91 80 79 75 75 52 66 61 41 13 72 80 10 21 88 48 22 71 9 48 68 44 14 53 47 
5 39 55 29 37 47 43 32 9 26 65 42 0 9 45 25 43 36 11 49 34 19 61 57 31 59 48 48 41 50 35 26 46 21 48 47 44 52 38 58 50 49 38 39 10 29 52 39 11 48 
12 42 60 25 44 54 49 38 15 22 56 50 9 0 45 15 45 45 3 57 41 25 59 66 33 50 48 40 40 44 32 22 42 20 57 40 42 60 43 59 50 54 39 46 14 26 53 45 7 48 
50 84 98 69 77 87 85 32 38 28 78 78 45 45 0 49 10 57 48 79 34 62 104 74 76 83 4 75 5 84 77 26 87 65 78 81 8 87 82 14 94 92 7 79 35 21 97 80 38 93 
27 50 70 24 57 67 61 51 30 22 41 64 25 15 49 0 52 61 14 72 54 38 58 82 41 37 53 27 45 34 32 23 40 27 72 32 44 74 54 63 53 64 45 59 27 29 58 57 17 52 
48 81 94 70 71 82 80 23 35 32 85 71 43 45 10 52 0 49 48 72 25 59 104 65 73 87 9 79 11 87 77 30 87 64 70 84 18 81 78 16 93 87 8 74 33 25 95 75 39 91 
35 51 54 60 31 39 40 26 32 56 102 27 36 45 57 61 49 0 47 23 24 33 84 21 48 95 58 83 55 84 63 54 74 49 21 80 61 34 43 65 68 48 50 33 36 53 66 37 45 66 
13 40 59 22 44 54 48 41 18 24 55 50 11 3 48 14 48 47 0 58 43 24 56 68 31 48 51 37 43 41 29 24 39 18 58 38 45 60 42 61 47 53 42 46 17 28 51 44 10 46 
46 44 38 63 21 22 27 49 49 73 112 12 49 57 79 72 72 23 58 0 47 36 78 22 45 101 80 90 77 87 64 72 73 52 2 84 82 12 34 88 61 33 72 22 53 72 56 26 60 59 
36 65 74 63 50 60 60 3 25 40 93 49 34 41 34 54 25 24 43 47 0 43 93 41 59 90 34 80 32 84 68 38 79 54 46 81 39 57 59 40 79 67 28 53 27 35 80 55 37 78 
14 22 37 27 19 30 25 42 25 45 76 26 19 25 62 38 59 33 24 36 43 0 51 51 16 65 65 53 58 52 30 44 40 16 36 48 62 36 20 75 37 30 55 21 28 47 37 20 30 35 
57 34 46 35 56 58 51 92 70 78 70 65 61 59 104 58 104 84 56 78 93 51 0 98 36 52 107 45 99 33 27 79 19 40 78 33 100 69 44 118 17 47 98 56 71 84 22 52 66 19 
56 64 60 78 41 44 49 43 53 76 122 33 57 66 74 82 65 21 68 22 41 51 98 0 63 115 74 103 73 102 81 74 91 67 21 99 80 34 54 79 81 55 68 43 57 73 77 47 66 79 
26 8 29 22 23 29 22 58 39 55 74 32 31 33 76 41 73 48 31 45 59 16 36 63 0 60 79 48 71 43 20 55 28 15 45 41 74 40 14 89 21 24 69 24 41 59 22 20 40 19 
59 65 86 39 82 89 83 88 66 55 18 91 59 50 83 37 87 95 48 101 90 65 52 115 60 0 86 12 78 20 41 58 38 49 101 21 76 99 74 96 58 83 80 83 63 63 66 80 53 59 
53 87 101 73 79 89 87 32 40 32 82 80 48 48 4 53 9 58 51 80 34 65 107 74 79 86 0 79 9 88 80 30 90 68 79 85 12 89 84 10 97 94 10 81 38 24 100 82 42 96 
48 54 75 27 70 78 71 78 55 48 26 79 48 40 75 27 79 83 37 90 80 53 45 103 48 12 79 0 71 12 30 50 29 37 89 12 69 87 62 89 49 72 72 71 53 55 56 68 43 49 
46 79 94 65 73 84 81 30 33 23 75 75 41 40 5 45 11 55 43 77 32 58 99 73 71 78 9 71 0 79 72 21 82 60 75 76 7 84 78 19 90 88 5 76 31 16 92 76 33 88 
49 47 68 24 66 72 65 82 59 56 37 75 50 44 84 34 87 84 41 87 84 52 33 102 43 20 88 12 79 0 23 58 19 35 87 3 78 83 57 97 39 65 80 67 57 63 47 63 49 39 
32 24 46 8 43 49 42 67 44 51 56 52 35 32 77 32 77 63 29 64 68 30 27 81 20 41 80 30 72 23 0 52 11 15 64 21 73 59 33 91 21 42 71 44 44 57 28 40 39 21 
31 63 81 44 62 73 69 35 23 2 56 66 26 22 26 23 30 54 24 72 38 44 79 74 55 58 30 50 21 58 52 0 61 42 70 55 21 76 64 40 71 74 22 65 19 5 75 64 15 70 
43 30 50 17 52 56 49 78 55 60 55 61 46 42 87 40 87 74 39 73 79 40 19 91 28 38 90 29 82 19 11 61 0 26 73 17 83 67 40 100 20 48 81 52 55 66 28 48 49 21 
17 23 43 11 33 42 35 52 30 41 61 41 21 20 65 27 64 49 18 52 54 16 40 67 15 49 68 37 60 35 15 42 26 0 52 32 62 50 27 78 29 38 59 35 31 46 33 32 27 28 
45 45 39 63 22 24 28 47 48 72 111 13 48 57 78 72 70 21 58 2 46 36 78 21 45 101 79 89 75 87 64 70 73 52 0 84 81 14 35 86 62 35 71 23 52 71 57 27 59 60 
46 45 66 21 63 70 63 79 55 53 38 72 47 40 81 32 84 80 38 84 81 48 33 99 41 21 85 12 76 3 21 55 17 32 84 0 76 80 54 95 37 63 77 64 54 60 45 61 46 38 
49 82 98 66 78 89 86 37 38 23 71 80 44 42 8 44 18 61 45 82 39 62 100 80 74 76 12 69 7 78 73 21 83 62 81 76 0 90 82 20 92 92 12 80 34 16 95 81 35 90 
48 37 27 60 17 12 19 58 54 78 111 10 52 60 87 74 81 34 60 12 57 36 69 34 40 99 89 87 84 83 59 76 67 50 14 80 90 0 27 97 53 23 80 16 58 78 47 19 63 51 
33 10 17 35 13 16 9 59 44 64 87 21 38 43 82 54 78 43 42 34 59 20 44 54 14 74 84 62 78 57 33 64 40 27 35 54 82 27 0 94 27 11 75 12 47 67 23 8 49 25 
63 96 110 83 88 98 96 39 50 42 90 88 58 59 14 63 16 65 61 88 40 75 118 79 89 96 10 89 19 97 91 40 100 78 86 95 20 97 94 0 107 103 19 90 48 34 110 91 52 106 
45 17 31 28 40 41 34 78 58 70 75 48 50 50 94 53 93 68 47 61 79 37 17 81 21 58 97 49 90 39 21 71 20 29 62 37 92 53 27 107 0 31 88 39 60 75 8 35 56 2 
44 18 7 45 17 11 7 67 54 75 97 22 49 54 92 64 87 48 53 33 67 30 47 55 24 83 94 72 88 65 42 74 48 38 35 63 92 23 11 103 31 0 84 14 58 77 25 12 59 29 
43 77 91 64 70 80 78 25 31 25 77 71 38 39 7 45 8 50 42 72 28 55 98 68 69 80 10 72 5 80 71 22 81 59 71 77 12 80 75 19 88 84 0 72 28 17 91 73 33 86 
34 22 21 44 3 8 7 53 43 65 95 9 39 46 79 59 74 33 46 22 53 21 56 43 24 83 81 71 76 67 44 65 52 35 23 64 80 16 12 90 39 14 72 0 47 67 35 4 50 37 
15 49 64 38 44 55 52 25 4 20 67 48 10 14 35 27 33 36 17 53 27 28 71 57 41 63 38 53 31 57 44 19 55 31 52 54 34 58 47 48 60 58 28 47 0 20 62 47 10 58 
34 67 84 49 64 75 71 32 24 8 61 68 29 26 21 29 25 53 28 72 35 47 84 73 59 63 24 55 16 63 57 5 66 46 71 60 16 78 67 34 75 77 17 67 20 0 79 67 19 74 
47 15 24 34 36 35 29 79 60 75 82 44 52 53 97 58 95 66 51 56 80 37 22 77 22 66 100 56 92 47 28 75 28 33 57 45 95 47 23 110 8 25 91 35 62 79 0 31 60 7 
34 18 19 41 5 10 5 55 43 65 93 14 39 45 80 57 75 37 44 26 55 20 52 47 20 80 82 68 76 63 40 64 48 32 27 61 81 19 8 91 35 12 73 4 47 67 31 0 50 33 
16 48 66 31 48 59 54 34 13 15 57 53 11 7 38 17 39 45 10 60 37 30 66 66 40 53 42 43 33 49 39 15 49 27 59 46 35 63 49 52 56 59 33 50 10 19 60 50 0 55 
44 15 30 28 38 39 33 77 57 69 75 47 48 48 93 52 91 66 46 59 78 35 19 79 19 59 96 49 88 39 21 70 21 28 60 38 90 51 25 106 2 29 86 37 58 74 7 33 55 0 
0 1000
806 1698
5008 5923
3734 4530
3484 3850
3429 4185
199 977
3581 4307
4250 5212
2532 2681
3109 3743
2668 2799
4301 4419
1140 1221
585 689
945 1316
5394 5851
1487 2032
1662 2099
3308 4156
384 562
4651 5203
2364 2516
1809 2624
4154 4354
4451 5177
3900 4375
4527 4670
1560 1920
299 1260
1263 2055
2817 3709
5301 5564
458 771
1378 2376
5213 5886
2105 2932
1044 1529
752 1163
4809 4888
2253 2306
127 1119
5105 6021
2911 3453
3015 3417
4348 5347
1941 2895
3475 4326
5434 5616
4079 4760
45.9324012444248 66.2160663769208 61.00541159147584 72.28087925980581 43.862447494871645 45.862990836198236 51.10838152920749 11.869571313821925 35.20672183527186 41.112158842487446 92.10518129637673 35.813819331114146 43.71827631177131 50.079884036696356 14.272293343937914 60.91578001445805 9.04137213992554 15.74097570229741 52.82179854106144 23.99203713892132 9.897209013916786 48.62834867214351 99.2397035606995 2.4474566862250025 63.312282178268205 96.46640812451777 10.433787884662749 88.0336389839812 18.57228032725913 93.65386985144698 77.43993108754917 38.946590171300386 88.42829972814495 62.59944322422315 22.700114661243287 90.52111682067712 21.739807486446505 34.5232831102111 56.72484038884858 1.9407133583147163 83.11476308330428 57.203555601287704 16.623587154549746 45.081571838880706 36.23570096389819 33.62162427061921 79.90559333950225 49.13723673111707 45.122929545711074 81.19229515807554 
49.70659121246205 22.706498358940397 1.930260759047997 50.232170306495526 17.55258984337561 6.957024095716424 11.781104051605684 56.9613072506469 57.09818809905585 80.6102589681066 98.32498538481826 13.487435559137461 54.36773480072361 60.952817735090534 88.3985214617711 71.93652606484723 79.70041525126054 31.198610307949657 60.18094866511261 9.714246366201051 54.92252021909088 36.332477699812216 28.392648762615437 14.93461669859817 30.595807321183123 80.70935631913184 88.87906761620302 72.31188779391846 86.12308614629598 61.334931233085456 44.459074113600025 79.6629447373846 43.54996585608391 45.10999207110509 11.146769581350291 60.620259118111576 92.12132970398004 3.326586327453551 18.366795952565795 94.390476787863 24.033717261591036 7.5499369421155755 81.6545796543838 15.290545908715114 61.113058072575676 81.02870768766246 16.90350109744375 16.200189393806486 65.77801901589127 24.16324214677934 