50
0 48 71 49 46 16 38 9 53 52 46 54 61 20 47 24 37 29 30 47 32 30 50 53 45 54 32 34 17 40 22 27 72 48 22 53 18 50 36 26 55 43 62 41 48 11 39 29 25 37 
48 0 104 92 93 40 30 52 70 52 89 37 70 32 47 64 33 53 74 95 33 76 50 77 90 29 49 66 47 88 70 75 105 3 34 84 61 98 44 54 102 70 66 47 28 59 84 28 29 13 
71 104 0 91 46 67 75 62 39 61 91 80 47 88 118 47 72 51 81 69 101 47 62 29 39 87 102 39 87 50 64 66 2 105 70 20 80 60 107 51 79 34 54 112 82 66 82 76 93 91 
49 92 91 0 45 65 87 53 92 99 3 103 103 60 65 56 86 72 19 24 63 47 97 87 52 103 49 68 46 41 33 29 92 91 71 80 32 34 56 68 19 78 106 58 97 41 11 78 63 84 
46 93 46 45 0 54 74 41 59 74 46 87 71 66 88 31 71 49 40 23 76 18 73 51 8 90 70 38 58 6 28 26 47 93 60 40 44 14 77 46 33 45 76 82 84 37 38 68 71 81 
16 40 67 65 54 0 23 13 41 37 62 39 47 23 55 24 21 17 46 59 36 36 35 44 50 40 43 28 29 49 34 40 68 41 7 47 34 61 45 16 69 34 48 50 33 24 54 15 27 28 
38 30 75 87 74 23 0 36 40 24 84 16 41 35 64 43 3 27 68 82 46 56 21 48 69 17 58 41 47 70 57 63 77 32 16 56 56 82 57 29 92 42 37 62 10 47 77 10 37 19 
9 52 62 53 41 13 36 0 45 46 50 51 53 27 56 15 34 21 34 46 40 24 44 44 39 53 41 25 26 36 21 27 63 52 20 43 25 47 45 17 56 34 55 51 46 12 42 28 32 40 
53 70 39 92 59 41 40 45 0 22 91 42 11 64 96 36 37 24 76 77 77 47 23 11 52 49 84 24 70 58 59 64 40 72 42 23 69 72 86 27 88 15 18 92 45 55 82 44 68 58 
52 52 61 99 74 37 24 46 22 0 97 20 18 56 87 45 22 27 81 88 68 59 3 33 68 28 78 37 66 72 66 71 63 55 33 45 71 86 79 31 99 32 13 84 25 58 88 32 59 43 
46 89 91 3 46 62 84 50 91 97 0 101 101 57 62 55 83 70 16 25 59 46 95 86 52 100 45 67 42 41 31 27 92 88 68 79 29 35 53 66 21 77 104 55 94 38 9 75 60 81 
54 37 80 103 87 39 16 51 42 20 101 0 38 51 78 56 17 38 84 97 60 70 18 52 81 8 73 51 64 83 73 78 82 40 33 62 72 96 71 41 107 48 32 76 9 63 93 26 52 30 
61 70 47 103 71 47 41 53 11 18 101 38 0 70 101 46 38 32 86 88 82 58 20 21 63 46 90 35 77 70 69 74 48 73 46 34 78 84 92 36 99 26 7 97 43 64 92 47 73 59 
20 32 88 60 66 23 35 27 64 56 57 51 70 0 31 43 36 41 42 64 13 50 54 67 65 48 22 50 15 60 40 44 90 31 23 69 29 69 22 39 71 57 69 28 42 30 52 25 5 25 
47 47 118 65 88 55 64 56 96 87 62 78 101 31 0 71 65 72 53 78 19 75 84 98 90 73 18 80 31 82 60 63 119 43 55 99 44 86 11 70 81 88 99 7 69 53 61 55 28 48 
24 64 47 56 31 24 43 15 36 45 55 56 46 43 71 0 40 18 40 43 55 14 44 32 27 59 55 12 41 27 23 28 48 65 30 29 35 41 60 15 54 22 50 66 52 21 46 38 47 52 
37 33 72 86 71 21 3 34 37 22 83 17 38 36 65 40 0 24 67 80 47 54 19 44 66 19 58 37 47 67 55 61 74 35 15 53 55 80 58 26 90 38 35 63 12 45 76 11 38 22 
29 53 51 72 49 17 27 21 24 27 70 38 32 41 72 18 24 0 55 61 54 33 25 26 43 42 59 14 45 46 39 44 53 54 20 31 46 59 62 4 72 17 34 67 36 32 62 25 44 40 
30 74 81 19 40 46 68 34 76 81 16 84 86 42 53 40 67 55 0 25 47 34 79 72 44 84 35 53 28 34 17 15 82 73 52 67 13 34 43 51 29 63 89 46 78 22 9 59 46 65 
47 95 69 24 23 59 82 46 77 88 25 97 88 64 78 43 80 61 25 0 71 30 87 70 30 99 60 53 52 20 25 20 70 94 66 61 36 11 68 57 12 62 93 72 92 36 19 74 68 84 
32 33 101 63 76 36 46 40 77 68 59 60 82 13 19 55 47 54 47 71 0 61 65 80 76 56 16 63 19 70 49 53 103 31 36 82 35 77 12 52 76 71 81 16 51 40 56 36 10 31 
30 76 47 47 18 36 56 24 47 59 46 70 58 50 75 14 54 33 34 30 61 0 58 41 15 73 58 23 44 13 17 19 48 76 43 33 33 27 64 29 41 33 63 69 66 22 37 51 55 64 
50 50 62 97 73 35 21 44 23 3 95 18 20 54 84 44 19 25 79 87 65 58 0 34 67 26 76 36 64 71 64 70 63 53 31 45 68 84 76 30 98 31 16 81 23 56 86 29 56 40 
53 77 29 87 51 44 48 44 11 33 86 52 21 67 98 32 44 26 72 70 80 41 34 0 43 59 84 20 70 51 55 59 30 79 46 13 67 64 87 28 81 10 28 93 54 52 77 50 71 65 
45 90 39 52 8 50 69 39 52 68 52 81 63 65 90 27 66 43 44 30 76 15 67 43 0 85 72 31 59 11 30 30 40 91 57 32 47 22 78 40 41 37 69 83 79 37 44 64 70 78 
54 29 87 103 90 40 17 53 49 28 100 8 46 48 73 59 19 42 84 99 56 73 26 59 85 0 70 55 62 86 74 79 89 33 33 69 72 99 67 45 108 54 40 72 7 64 93 26 48 25 
32 49 102 49 70 43 58 41 84 78 45 73 90 22 18 55 58 59 35 60 16 58 76 84 72 70 0 65 15 64 42 45 103 47 45 84 26 68 8 57 64 74 90 12 65 36 43 48 22 46 
34 66 39 68 38 28 41 25 24 37 67 51 35 50 80 12 37 14 53 53 63 23 36 20 31 55 65 0 51 36 36 40 40 68 32 19 47 50 69 12 65 10 39 75 49 33 58 39 54 54 
17 47 87 46 58 29 47 26 70 66 42 64 77 15 31 41 47 45 28 52 19 44 64 70 59 62 15 51 0 52 30 34 89 45 33 70 16 58 20 42 57 60 77 25 56 22 38 37 18 39 
40 88 50 41 6 49 70 36 58 72 41 83 70 60 82 27 67 46 34 20 70 13 71 51 11 86 64 36 52 0 21 20 51 88 55 41 38 14 70 42 31 44 75 75 79 30 33 63 65 76 
22 70 64 33 28 34 57 21 59 66 31 73 69 40 60 23 55 39 17 25 49 17 64 55 30 74 42 36 30 21 0 6 65 69 41 50 17 29 49 35 35 46 73 54 67 11 23 49 44 59 
27 75 66 29 26 40 63 27 64 71 27 78 74 44 63 28 61 44 15 20 53 19 70 59 30 79 45 40 34 20 6 0 67 74 47 53 19 24 52 40 29 50 78 56 73 16 18 54 49 64 
72 105 2 92 47 68 77 63 40 63 92 82 48 90 119 48 74 53 82 70 103 48 63 30 40 89 103 40 89 51 65 67 0 107 72 21 81 61 108 52 80 36 56 114 84 68 83 78 94 93 
48 3 105 91 93 41 32 52 72 55 88 40 73 31 43 65 35 54 73 94 31 76 53 79 91 33 47 68 45 88 69 74 107 0 36 86 60 98 42 55 101 71 69 45 31 59 83 29 28 14 
22 34 70 71 60 7 16 20 42 33 68 33 46 23 55 30 15 20 52 66 36 43 31 46 57 33 45 32 33 55 41 47 72 36 0 51 40 67 46 20 76 37 45 51 26 31 61 8 26 22 
53 84 20 80 40 47 56 43 23 45 79 62 34 69 99 29 53 31 67 61 82 33 45 13 32 69 84 19 70 41 50 53 21 86 51 0 64 54 88 31 72 15 41 94 63 50 70 56 74 71 
18 61 80 32 44 34 56 25 69 71 29 72 78 29 44 35 55 46 13 36 35 33 68 67 47 72 26 47 16 38 17 19 81 60 40 64 0 43 33 42 42 57 80 37 65 14 22 46 33 52 
50 98 60 34 14 61 82 47 72 86 35 96 84 69 86 41 80 59 34 11 77 27 84 64 22 99 68 50 58 14 29 24 61 98 67 54 43 0 75 55 20 58 89 80 92 39 30 75 73 87 
36 44 107 56 77 45 57 45 86 79 53 71 92 22 11 60 58 62 43 68 12 64 76 87 78 67 8 69 20 70 49 52 108 42 46 88 33 75 0 60 72 78 91 6 63 42 51 47 20 43 
26 54 51 68 46 16 29 17 27 31 66 41 36 39 70 15 26 4 51 57 52 29 30 28 40 45 57 12 42 42 35 40 52 55 20 31 42 55 60 0 68 18 38 65 38 28 57 26 43 41 
55 102 79 19 33 69 92 56 88 99 21 107 99 71 81 54 90 72 29 12 76 41 98 81 41 108 64 65 57 31 35 29 80 101 76 72 42 20 72 68 0 74 104 74 102 45 21 83 74 92 
43 70 34 78 45 34 42 34 15 32 77 48 26 57 88 22 38 17 63 62 71 33 31 10 37 54 74 10 60 44 46 50 36 71 37 15 57 58 78 18 74 0 31 83 49 43 68 42 61 57 
62 66 54 106 76 48 37 55 18 13 104 32 7 69 99 50 35 34 89 93 81 63 16 28 69 40 90 39 77 75 73 78 56 69 45 41 80 89 91 38 104 31 0 96 38 66 95 45 71 56 
41 47 112 58 82 50 62 51 92 84 55 76 97 28 7 66 63 67 46 72 16 69 81 93 83 72 12 75 25 75 54 56 114 45 51 94 37 80 6 65 74 83 96 0 67 47 54 52 25 47 
48 28 82 97 84 33 10 46 45 25 94 9 43 42 69 52 12 36 78 92 51 66 23 54 79 7 65 49 56 79 67 73 84 31 26 63 65 92 63 38 102 49 38 67 0 57 86 19 43 21 
11 59 66 41 37 24 47 12 55 58 38 63 64 30 53 21 45 32 22 36 40 22 56 52 37 64 36 33 22 30 11 16 68 59 31 50 14 39 42 28 45 43 66 47 57 0 30 38 34 48 
39 84 82 11 38 54 77 42 82 88 9 93 92 52 61 46 76 62 9 19 56 37 86 77 44 93 43 58 38 33 23 18 83 83 61 70 22 30 51 57 21 68 95 54 86 30 0 68 55 75 
29 28 76 78 68 15 10 28 44 32 75 26 47 25 55 38 11 25 59 74 36 51 29 50 64 26 48 39 37 63 49 54 78 29 8 56 46 75 47 26 83 42 45 52 19 38 68 0 27 15 
25 29 93 63 71 27 37 32 68 59 60 52 73 5 28 47 38 44 46 68 10 55 56 71 70 48 22 54 18 65 44 49 94 28 26 74 33 73 20 43 74 61 71 25 43 34 55 27 0 24 
37 13 91 84 81 28 19 40 58 43 81 30 59 25 48 52 22 40 65 84 31 64 40 65 78 25 46 54 39 76 59 64 93 14 22 71 52 87 43 41 92 57 56 47 21 48 75 15 24 0 
0 1000
4704 5407
4111 4718
257 1074
3007 3014
1825 2797
1697 2601
770 1414
2241 2617
4036 4386
3396 3699
1949 2310
4850 5782
3092 3916
2742 3658
2545 3177
5112 5663
3911 3921
1623 1786
899 1799
1043 1219
3785 3859
4269 4821
2872 3182
3521 4163
2309 2746
3184 3279
4314 4340
5019 5630
4448 5268
2634 3402
527 1048
1405 1973
364 690
1091 1986
2454 2594
1227 1805
3279 3574
2022 2267
2099 2636
654 699
4891 4985
2189 2672
187 679
3694 4428
497 1383
4548 4899
1487 2343
1742 2023
56 695
51.70698272270708 99.63314308495444 10.099789920629975 15.654493285716487 6.688347767949954 60.27594299241756 78.98564848151838 47.97377745154423 48.66310527601605 70.73364787687089 19.02594691067717 88.45322099420572 56.93155170150792 70.12021520360653 80.46311702765725 36.92580476711623 75.95218624639722 52.461795510708356 30.004117803395214 6.473972056381861 76.8671303473149 24.30886793241983 71.10754202494203 37.941477265416005 10.270022660903976 94.0401953312614 64.03699622785143 38.630473677501406 57.92157597776356 12.002892406357423 30.34845179929535 25.730466774485905 8.828572085679731 99.60276864252727 66.82646638043188 26.317306400888864 42.02219302462238 1.711441578710049 71.91234814872315 49.790033529995966 0.874816084069896 40.0698261914077 64.39961116860923 74.08322351650695 87.9258360816974 41.11913703618407 21.21555482642107 74.69026866499259 74.32003037329885 87.7904477627338 
38.043870303144445 43.09300369480999 95.32861732594041 4.763813873026068 49.1348603963897 51.42973389531933 64.5785916897169 46.38677666643424 91.04416042649059 86.87882569165872 5.202152322767839 77.93827087192129 98.71437246888719 30.40442694419765 0.7042089708844346 57.04343185290517 65.92296905935886 66.98376313151762 17.206043488788847 26.629160501917692 19.089662147767285 50.7196935170834 84.21525629867428 88.97132378778181 56.67743763256187 72.01403903826457 8.796166219913658 69.10291348598267 22.079230506090774 45.46462656941179 34.5676479705724 31.54688002699223 96.22758607354531 39.67413156683233 53.671783123109066 84.05460272249677 22.37264404018582 36.056149750690025 8.387470799855768 63.73793075716957 16.55773736137095 79.23142689629151 98.76888555887294 3.097627844600337 68.82479769756323 36.6815506334009 13.91090830063575 55.31952057572018 28.323100593069274 47.90316133019412 