50
0 44 13 62 52 34 53 26 38 28 26 44 49 62 51 59 49 62 45 36 47 54 17 47 40 72 23 64 72 69 34 36 73 69 49 37 36 49 43 59 4 22 69 50 55 79 76 24 49 30 
44 0 56 60 14 45 62 48 75 18 70 60 79 54 71 16 47 38 7 30 34 34 58 9 23 55 67 42 49 25 42 70 29 52 7 16 52 72 75 57 40 65 25 47 24 69 32 67 49 15 
13 56 0 61 64 33 49 23 26 41 21 40 39 63 44 71 50 67 55 41 59 59 19 59 53 75 12 68 76 80 35 24 85 72 61 45 34 41 32 58 17 10 80 51 62 79 87 12 60 42 
62 60 61 0 74 29 16 38 58 64 83 25 48 8 30 71 14 31 53 32 89 27 78 68 77 21 70 27 30 75 29 52 80 20 67 45 28 36 50 3 61 69 71 14 40 18 80 68 100 62 
52 14 64 74 0 58 76 61 86 23 75 74 91 68 84 12 62 50 21 45 25 48 62 6 17 68 75 55 61 20 55 81 23 66 7 30 65 85 87 71 48 73 23 61 37 82 27 76 41 22 
34 45 33 29 58 0 20 11 37 42 55 16 35 30 26 60 17 38 41 16 67 30 49 52 56 42 43 38 45 67 3 31 72 39 52 29 7 27 33 25 33 42 65 17 38 46 74 41 76 41 
53 62 49 16 76 20 0 27 42 62 70 10 31 23 14 76 17 42 56 32 87 36 67 70 76 37 57 39 44 82 22 36 87 35 69 46 16 19 34 14 53 55 78 17 48 34 87 54 96 60 
26 48 23 38 61 11 27 0 28 41 44 19 31 40 27 64 27 48 45 23 65 39 40 55 55 53 33 48 55 72 13 23 77 49 55 33 11 26 27 35 26 31 71 28 46 56 79 31 71 41 
38 75 26 58 86 37 42 28 0 64 37 32 17 63 31 91 51 75 73 51 84 67 42 80 77 77 23 74 81 99 40 6 104 74 82 61 33 25 10 55 41 23 98 52 74 76 106 20 86 64 
28 18 41 64 23 42 62 41 64 0 53 57 71 60 67 31 50 50 22 32 25 44 40 18 15 65 52 54 61 41 39 60 45 62 21 21 48 67 66 61 24 50 42 50 38 77 48 52 37 3 
26 70 21 83 75 55 70 44 37 53 0 60 54 84 63 84 71 88 71 61 63 79 13 71 60 96 14 89 97 93 56 39 98 93 74 63 55 59 46 79 30 15 94 72 81 100 101 18 58 55 
44 60 40 25 74 16 10 19 32 57 60 0 24 31 10 75 21 47 56 30 82 40 58 68 72 45 47 45 51 82 19 26 87 42 68 44 9 13 25 23 45 45 79 22 50 43 88 44 90 56 
49 79 39 48 91 35 31 31 17 71 54 24 0 54 17 94 45 71 75 51 94 63 57 85 85 68 40 69 75 102 39 15 107 66 86 64 29 12 8 46 52 39 100 46 73 64 109 36 98 71 
62 54 63 8 68 30 23 40 63 60 84 31 54 0 37 64 13 23 47 29 85 20 78 63 73 14 73 19 22 68 29 56 73 12 61 40 31 42 56 9 61 71 64 12 33 17 73 71 97 58 
51 71 44 30 84 26 14 27 31 67 63 10 17 37 0 85 30 56 66 40 91 49 63 78 81 52 49 53 58 92 29 25 97 49 78 54 19 5 21 29 52 48 89 31 60 47 98 46 98 66 
59 16 71 71 12 60 76 64 91 31 84 75 94 64 85 0 60 44 19 45 36 44 71 13 29 62 82 49 54 10 57 86 14 60 10 31 67 87 90 69 55 80 12 59 31 77 17 83 53 29 
49 47 50 14 62 17 17 27 51 50 71 21 45 13 30 60 0 26 41 18 75 19 65 56 64 26 60 24 30 65 16 45 70 23 54 32 19 34 45 11 48 58 62 1 31 30 71 58 86 48 
62 38 67 31 50 38 42 48 75 50 88 47 71 23 56 44 26 0 31 27 71 9 79 46 60 18 79 5 12 47 35 69 51 16 43 29 43 60 70 30 59 77 42 25 13 33 51 77 85 47 
45 7 55 53 21 41 56 45 73 22 71 56 75 47 66 19 41 31 0 25 41 27 60 16 29 48 67 35 42 27 37 68 32 45 14 12 48 68 72 51 41 65 25 41 17 62 34 67 56 19 
36 30 41 32 45 16 32 23 51 32 61 30 51 29 40 45 18 27 25 0 57 18 53 39 46 37 53 28 36 52 12 45 57 33 38 14 22 43 48 29 34 50 49 18 23 46 58 51 68 30 
47 34 59 89 25 67 87 65 84 25 63 82 94 85 91 36 75 71 41 57 0 67 51 26 12 88 68 76 83 44 65 82 45 85 30 45 73 91 88 86 43 66 48 75 58 101 49 69 16 27 
54 34 59 27 48 30 36 39 67 44 79 40 63 20 49 44 19 9 27 18 67 0 70 43 55 22 70 10 19 48 27 61 53 18 41 23 35 53 62 26 51 68 44 19 13 34 53 69 80 41 
17 58 19 78 62 49 67 40 42 40 13 58 57 78 63 71 65 79 60 53 51 70 0 58 47 89 20 81 89 81 50 42 85 85 61 52 51 60 49 74 19 19 82 66 71 95 88 22 47 43 
47 9 59 68 6 52 70 55 80 18 71 68 85 63 78 13 56 46 16 39 26 43 58 0 17 64 70 51 57 23 49 76 27 61 4 24 59 79 81 66 43 68 25 56 33 78 30 71 42 16 
40 23 53 77 17 56 76 55 77 15 60 72 85 73 81 29 64 60 29 46 12 55 47 17 0 76 62 64 71 37 54 73 40 73 21 33 62 81 79 74 36 61 41 64 47 89 44 64 26 16 
72 55 75 21 68 42 37 53 77 65 96 45 68 14 52 62 26 18 48 37 88 22 89 64 76 0 86 13 10 64 41 70 68 4 61 44 45 57 70 23 70 84 59 25 31 16 67 84 102 63 
23 67 12 70 75 43 57 33 23 52 14 47 40 73 49 82 60 79 67 53 68 70 20 70 62 86 0 80 88 92 45 25 96 82 72 57 42 45 32 67 27 2 92 61 74 88 99 3 66 54 
64 42 68 27 55 38 39 48 74 54 89 45 69 19 53 49 24 5 35 28 76 10 81 51 64 13 80 0 8 52 35 68 56 11 48 32 42 58 69 26 61 78 47 23 18 28 56 78 90 51 
72 49 76 30 61 45 44 55 81 61 97 51 75 22 58 54 30 12 42 36 83 19 89 57 71 10 88 8 0 55 43 75 59 10 54 40 49 63 75 30 70 86 50 29 25 25 58 86 97 58 
69 25 80 75 20 67 82 72 99 41 93 82 102 68 92 10 65 47 27 52 44 48 81 23 37 64 92 52 55 0 64 94 5 62 20 39 74 95 99 74 65 90 5 65 35 79 7 92 60 39 
34 42 35 29 55 3 22 13 40 39 56 19 39 29 29 57 16 35 37 12 65 27 50 49 54 41 45 35 43 64 0 34 69 37 49 26 10 31 36 25 33 43 62 16 34 45 70 43 74 38 
36 70 24 52 81 31 36 23 6 60 39 26 15 56 25 86 45 69 68 45 82 61 42 76 73 70 25 68 75 94 34 0 99 67 77 56 26 21 7 49 38 25 93 46 68 70 101 22 84 60 
73 29 85 80 23 72 87 77 104 45 98 87 107 73 97 14 70 51 32 57 45 53 85 27 40 68 96 56 59 5 69 99 0 67 24 44 79 100 104 79 69 94 9 70 40 84 4 97 62 43 
69 52 72 20 66 39 35 49 74 62 93 42 66 12 49 60 23 16 45 33 85 18 85 61 73 4 82 11 10 62 37 67 67 0 58 41 41 54 67 21 67 80 58 22 29 17 66 80 99 59 
49 7 61 67 7 52 69 55 82 21 74 68 86 61 78 10 54 43 14 38 30 41 61 4 21 61 72 48 54 20 49 77 24 58 0 24 59 80 82 64 45 71 21 54 30 75 27 73 46 19 
37 16 45 45 30 29 46 33 61 21 63 44 64 40 54 31 32 29 12 14 45 23 52 24 33 44 57 32 40 39 26 56 44 41 24 0 36 56 60 42 33 55 37 31 18 56 45 57 58 19 
36 52 34 28 65 7 16 11 33 48 55 9 29 31 19 67 19 43 48 22 73 35 51 59 62 45 42 42 49 74 10 26 79 41 59 36 0 20 27 25 37 41 72 20 44 46 81 40 81 47 
49 72 41 36 85 27 19 26 25 67 59 13 12 42 5 87 34 60 68 43 91 53 60 79 81 57 45 58 63 95 31 21 100 54 80 56 20 0 16 34 51 44 92 35 63 52 101 42 97 66 
43 75 32 50 87 33 34 27 10 66 46 25 8 56 21 90 45 70 72 48 88 62 49 81 79 70 32 69 75 99 36 7 104 67 82 60 27 16 0 48 45 31 97 46 71 68 106 28 91 66 
59 57 58 3 71 25 14 35 55 61 79 23 46 9 29 69 11 30 51 29 86 26 74 66 74 23 67 26 30 74 25 49 79 21 64 42 25 34 48 0 58 65 70 11 39 21 79 65 97 59 
4 40 17 61 48 33 53 26 41 24 30 45 52 61 52 55 48 59 41 34 43 51 19 43 36 70 27 61 70 65 33 38 69 67 45 33 37 51 45 58 0 26 65 48 51 78 72 28 47 26 
22 65 10 69 73 42 55 31 23 50 15 45 39 71 48 80 58 77 65 50 66 68 19 68 61 84 2 78 86 90 43 25 94 80 71 55 41 44 31 65 26 0 90 59 72 87 97 3 65 52 
69 25 80 71 23 65 78 71 98 42 94 79 100 64 89 12 62 42 25 49 48 44 82 25 41 59 92 47 50 5 62 93 9 58 21 37 72 92 97 70 65 90 0 61 31 75 9 92 64 40 
50 47 51 14 61 17 17 28 52 50 72 22 46 12 31 59 1 25 41 18 75 19 66 56 64 25 61 23 29 65 16 46 70 22 54 31 20 35 46 11 48 59 61 0 31 29 70 59 87 48 
55 24 62 40 37 38 48 46 74 38 81 50 73 33 60 31 31 13 17 23 58 13 71 33 47 31 74 18 25 35 34 68 40 29 30 18 44 63 71 39 51 72 31 31 0 46 40 73 73 35 
79 69 79 18 82 46 34 56 76 77 100 43 64 17 47 77 30 33 62 46 101 34 95 78 89 16 88 28 25 79 45 70 84 17 75 56 46 52 68 21 78 87 75 29 46 0 83 86 113 74 
76 32 87 80 27 74 87 79 106 48 101 88 109 73 98 17 71 51 34 58 49 53 88 30 44 67 99 56 58 7 70 101 4 66 27 45 81 101 106 79 72 97 9 70 40 83 0 99 66 46 
24 67 12 68 76 41 54 31 20 52 18 44 36 71 46 83 58 77 67 51 69 69 22 71 64 84 3 78 86 92 43 22 97 80 73 57 40 42 28 65 28 3 92 59 73 86 99 0 69 54 
49 49 60 100 41 76 96 71 86 37 58 90 98 97 98 53 86 85 56 68 16 80 47 42 26 102 66 90 97 60 74 84 62 99 46 58 81 97 91 97 47 65 64 87 73 113 66 69 0 39 
30 15 42 62 22 41 60 41 64 3 55 56 71 58 66 29 48 47 19 30 27 41 43 16 16 63 54 51 58 39 38 60 43 59 19 19 47 66 66 59 26 52 40 48 35 74 46 54 39 0 
0 1000
727 1101
2387 2410
2094 2548
4270 5050
3227 3841
1038 1719
3285 4077
3104 3186
4138 4225
1852 2822
816 880
149 221
4013 4403
2847 3179
2270 2741
3253 3521
2903 3415
1266 1552
3798 4374
689 732
300 485
1940 2251
2469 3071
1628 2229
2170 2190
83 788
3882 4325
3688 4233
3414 3809
1360 1684
601 974
1726 2424
3957 4569
4170 5048
232 937
1335 2203
528 591
456 1138
2106 2998
2562 3180
2599 2647
2967 3729
2723 3329
319 685
1488 1554
1164 1606
103 227
3508 3824
923 1886
49.79592145850703 26.760063501657584 61.541160526742985 84.70709999777779 12.504554119081812 70.30088099144119 88.69006331512642 69.74536219431255 87.24915464856036 29.220113996052422 55.4345618910708 85.92902521086457 98.8978982028333 77.65597522729637 95.6738074332547 14.08389908877561 73.62132581574194 55.77315052645122 32.56872370844709 57.124037121894155 4.88514829683242 57.316881355077285 46.602646910947534 18.426776200576136 14.732348796074868 72.26033060981926 66.15284337443833 60.69583351614204 62.63207309686788 9.511649985808734 67.54817403330627 85.49553104955896 4.808697103297154 71.07623919964577 19.310563694386484 42.84159784079091 76.90602137940957 96.04867031385461 92.2609402842134 82.83570478034292 47.23463364357592 65.57291039262321 13.802353878728857 73.3182964745423 44.547760351694244 87.83703282076159 5.205104079741407 68.98454359207878 1.178943776033714 29.756672089003878 
27.143797870954913 64.95413572483629 21.688788517705394 78.47710518953676 62.76661295929895 53.73007881393184 62.643653999313656 43.16998352824737 20.685626004027114 46.77170838063539 1.270402278822036 53.11077537962367 32.879036200373356 82.54548267225749 50.06467480226783 74.30333488484159 70.08663243136182 88.7871270355758 68.93195948338101 62.22157773070509 39.20026879958287 80.3872284621282 10.720212132972817 61.757564774448994 45.59477380349449 95.97149495909258 10.487900071797817 90.05111085952542 98.15632724619292 82.67466465813831 55.70857734978358 26.759489827197946 84.64832449861835 92.57948261285432 65.75063312485891 63.036734435309604 51.56986348337546 44.60296644990783 28.883305584042475 75.55497990577014 30.196354661618795 12.461658938246945 86.10299575527898 70.92127410500727 81.41526433257505 96.28617191886025 88.57359241442072 12.51925734005196 23.123885022081737 49.844163819154694 