50
0 30 39 40 10 36 56 44 32 43 50 37 36 52 62 91 32 9 52 77 14 51 35 5 25 44 29 32 40 50 73 59 62 69 25 41 20 23 53 60 58 37 39 19 64 64 72 87 16 56 
30 0 11 70 34 58 79 57 9 14 23 56 10 76 59 83 49 38 74 75 17 21 36 28 24 67 19 6 25 22 64 38 66 73 49 58 49 52 63 44 29 67 69 42 56 56 92 77 40 64 
39 11 0 79 41 63 84 59 8 4 13 61 15 81 55 77 53 48 79 71 25 12 37 37 27 71 29 13 20 11 57 28 64 71 55 61 59 61 63 37 19 76 78 49 51 50 95 70 50 64 
40 70 79 0 38 32 35 51 71 82 89 37 77 31 81 110 41 33 37 91 53 91 59 42 57 33 67 72 74 90 96 93 74 78 30 42 24 24 60 90 97 16 4 33 86 87 55 109 39 64 
10 34 41 38 0 26 47 34 33 45 50 27 42 43 53 83 22 15 43 68 17 53 26 7 20 35 38 37 37 52 66 56 53 59 16 30 23 27 43 55 59 40 38 9 56 56 63 80 25 46 
36 58 63 32 26 0 22 18 55 66 69 5 67 18 49 78 12 36 17 59 42 75 32 33 37 9 64 62 51 72 65 69 41 46 11 10 36 39 28 63 79 44 35 18 56 56 36 77 46 32 
56 79 84 35 47 22 0 32 76 88 90 24 89 4 62 88 32 53 7 68 63 96 52 54 58 13 85 84 72 93 78 88 51 52 31 25 49 52 38 81 100 50 39 38 70 71 21 89 63 41 
44 57 59 51 34 18 32 0 52 62 62 13 67 31 31 60 13 47 25 41 45 69 23 40 33 21 69 62 43 66 47 57 23 28 25 9 51 54 10 49 72 61 53 28 39 40 37 59 58 14 
32 9 8 71 33 55 76 52 0 11 18 53 18 73 51 74 45 41 71 67 18 20 30 30 19 63 28 14 16 18 55 30 58 66 47 54 52 55 56 36 26 70 70 41 48 47 88 68 45 57 
43 14 4 82 45 66 88 62 11 0 10 64 16 85 56 77 56 51 82 72 29 9 39 40 30 75 31 16 22 8 58 27 66 73 59 64 62 65 66 37 15 80 81 52 52 51 98 70 53 66 
50 23 13 89 50 69 90 62 18 10 0 66 26 87 52 69 58 59 84 66 36 10 39 47 33 77 41 26 19 5 50 18 63 69 63 66 70 73 64 29 10 88 88 57 46 45 99 62 62 64 
37 56 61 37 27 5 24 13 53 64 66 0 66 21 44 73 8 38 18 54 41 72 28 34 34 11 64 61 48 69 60 65 36 41 13 5 39 42 23 58 76 48 40 18 50 51 36 72 49 27 
36 10 15 77 42 67 89 67 18 16 26 66 0 85 68 91 59 44 84 84 25 20 46 36 34 76 16 5 33 23 72 43 76 83 58 68 55 56 73 52 28 72 75 51 65 64 102 85 43 74 
52 76 81 31 43 18 4 31 73 85 87 21 85 0 62 88 29 49 7 68 60 93 50 50 55 10 81 80 69 90 78 86 51 53 27 23 45 48 37 79 97 47 35 34 69 70 24 89 59 41 
62 59 55 81 53 49 62 31 51 56 52 44 68 62 0 30 40 68 55 16 55 61 28 57 39 52 76 65 35 57 16 38 14 19 52 40 75 79 25 26 61 89 83 52 9 10 60 28 78 22 
91 83 77 110 83 78 88 60 74 77 69 73 91 88 30 0 69 98 81 20 83 79 57 86 67 80 102 88 58 74 19 51 37 36 82 68 105 109 51 40 75 119 112 82 28 28 81 8 107 47 
32 49 53 41 22 12 32 13 45 56 58 8 59 29 40 69 0 35 26 51 34 64 21 28 26 19 58 54 40 61 55 57 34 40 13 9 38 42 23 51 68 50 43 15 45 46 43 68 45 26 
9 38 48 33 15 36 53 47 41 51 59 38 44 49 68 98 35 0 51 83 23 60 41 13 33 43 35 40 49 59 80 68 67 74 25 42 11 14 57 68 67 29 31 20 71 71 71 95 11 60 
52 74 79 37 43 17 7 25 71 82 84 18 84 7 55 81 26 51 0 61 59 90 45 50 52 8 81 79 65 87 71 81 44 46 28 18 49 52 30 74 94 52 41 34 63 64 21 82 61 34 
77 75 71 91 68 59 68 41 67 72 66 54 84 68 16 20 51 83 61 0 71 76 43 72 55 60 92 80 51 71 20 51 18 16 64 49 89 93 32 38 74 101 94 65 20 21 61 23 93 27 
14 17 25 53 17 42 63 45 18 29 36 41 25 60 55 83 34 23 59 71 0 37 28 11 16 51 24 21 28 37 64 46 58 66 32 44 34 37 52 48 44 51 52 26 55 55 78 78 27 54 
51 21 12 91 53 75 96 69 20 9 10 72 20 93 61 79 64 60 90 76 37 0 47 49 38 83 36 22 28 5 60 27 72 79 67 72 71 73 72 39 8 88 90 61 56 55 106 71 61 73 
35 36 37 59 26 32 52 23 30 39 39 28 46 50 28 57 21 41 45 43 28 47 0 30 13 39 51 42 20 43 39 36 30 38 30 27 49 53 26 31 50 64 60 27 30 30 59 53 51 28 
5 28 37 42 7 33 54 40 30 40 47 34 36 50 57 86 28 13 50 72 11 49 30 0 20 42 31 31 36 48 68 55 58 64 23 37 23 26 49 55 55 41 41 16 59 59 70 82 21 52 
25 24 27 57 20 37 58 33 19 30 33 34 34 55 39 67 26 33 52 55 16 38 13 20 0 45 38 30 17 35 48 36 43 51 30 35 43 46 39 35 42 60 57 25 39 39 69 63 41 40 
44 67 71 33 35 9 13 21 63 75 77 11 76 10 52 80 19 43 8 60 51 83 39 42 45 0 73 71 59 80 68 75 43 46 19 13 42 45 29 69 87 47 37 26 60 61 28 80 54 33 
29 19 29 67 38 64 85 69 28 31 41 64 16 81 76 102 58 35 81 92 24 36 51 31 38 73 0 15 44 38 82 57 82 89 54 67 44 45 76 64 44 60 65 47 75 74 101 96 30 78 
32 6 13 72 37 62 84 62 14 16 26 61 5 80 65 88 54 40 79 80 21 22 42 31 30 71 15 0 30 23 69 42 72 79 53 63 51 53 68 49 30 68 71 46 62 61 97 82 40 70 
40 25 20 74 37 51 72 43 16 22 19 48 33 69 35 58 40 49 65 51 28 28 20 36 17 59 44 30 0 24 39 19 44 51 46 47 59 62 45 21 30 76 74 42 32 31 80 52 55 45 
50 22 11 90 52 72 93 66 18 8 5 69 23 90 57 74 61 59 87 71 37 5 43 48 35 80 38 23 24 0 55 23 67 74 65 69 70 73 69 34 7 88 89 59 51 50 103 67 61 68 
73 64 57 96 66 65 78 47 55 58 50 60 72 78 16 19 55 80 71 20 64 60 39 68 48 68 82 69 39 55 0 33 29 32 67 56 88 92 41 21 58 103 97 66 10 9 76 14 89 37 
59 38 28 93 56 69 88 57 30 27 18 65 43 86 38 51 57 68 81 51 46 27 36 55 36 75 57 42 19 23 33 0 51 57 65 63 78 81 56 12 24 95 93 61 31 30 93 44 73 55 
62 66 64 74 53 41 51 23 58 66 63 36 76 51 14 37 34 67 44 18 58 72 30 58 43 43 82 72 44 67 29 51 0 7 47 32 72 76 14 40 72 84 76 49 23 24 47 38 78 10 
69 73 71 78 59 46 52 28 66 73 69 41 83 53 19 36 40 74 46 16 66 79 38 64 51 46 89 79 51 74 32 57 7 0 52 36 78 82 18 45 79 89 81 55 28 29 45 39 84 14 
25 49 55 30 16 11 31 25 47 59 63 13 58 27 52 82 13 25 28 64 32 67 30 23 30 19 54 53 46 65 67 65 47 52 0 18 26 30 35 61 72 37 31 7 57 58 48 80 36 39 
41 58 61 42 30 10 25 9 54 64 66 5 68 23 40 68 9 42 18 49 44 72 27 37 35 13 67 63 47 69 56 63 32 36 18 0 44 47 18 56 76 53 45 23 47 48 34 68 53 22 
20 49 59 24 23 36 49 51 52 62 70 39 55 45 75 105 38 11 49 89 34 71 49 23 43 42 44 51 59 70 88 78 72 78 26 44 0 4 61 78 78 18 21 24 79 79 69 102 15 64 
23 52 61 24 27 39 52 54 55 65 73 42 56 48 79 109 42 14 52 93 37 73 53 26 46 45 45 53 62 73 92 81 76 82 30 47 4 0 64 81 80 15 20 27 82 83 72 106 15 68 
53 63 63 60 43 28 38 10 56 66 64 23 73 37 25 51 23 57 30 32 52 72 26 49 39 29 76 68 45 69 41 56 14 18 35 18 61 64 0 47 74 71 63 37 33 34 37 52 68 4 
60 44 37 90 55 63 81 49 36 37 29 58 52 79 26 40 51 68 74 38 48 39 31 55 35 69 64 49 21 34 21 12 40 45 61 56 78 81 47 0 36 94 91 58 19 17 83 33 75 45 
58 29 19 97 59 79 100 72 26 15 10 76 28 97 61 75 68 67 94 74 44 8 50 55 42 87 44 30 30 7 58 24 72 79 72 76 78 80 74 36 0 95 96 66 54 53 109 68 68 74 
37 67 76 16 40 44 50 61 70 80 88 48 72 47 89 119 50 29 52 101 51 88 64 41 60 47 60 68 76 88 103 95 84 89 37 53 18 15 71 94 95 0 12 37 93 94 71 117 29 75 
39 69 78 4 38 35 39 53 70 81 88 40 75 35 83 112 43 31 41 94 52 90 60 41 57 37 65 71 74 89 97 93 76 81 31 45 21 20 63 91 96 12 0 33 88 89 60 111 36 67 
19 42 49 33 9 18 38 28 41 52 57 18 51 34 52 82 15 20 34 65 26 61 27 16 25 26 47 46 42 59 66 61 49 55 7 23 24 27 37 58 66 37 33 0 56 57 54 79 31 41 
64 56 51 86 56 56 70 39 48 52 46 50 65 69 9 28 45 71 63 20 55 56 30 59 39 60 75 62 32 51 10 31 23 28 57 47 79 82 33 19 54 93 88 56 0 1 69 24 80 30 
64 56 50 87 56 56 71 40 47 51 45 51 64 70 10 28 46 71 64 21 55 55 30 59 39 61 74 61 31 50 9 30 24 29 58 48 79 83 34 17 53 94 89 57 1 0 70 23 80 32 
72 92 95 55 63 36 21 37 88 98 99 36 102 24 60 81 43 71 21 61 78 106 59 70 69 28 101 97 80 103 76 93 47 45 48 34 69 72 37 83 109 71 60 54 69 70 0 84 82 39 
87 77 70 109 80 77 89 59 68 70 62 72 85 89 28 8 68 95 82 23 78 71 53 82 63 80 96 82 52 67 14 44 38 39 80 68 102 106 52 33 68 117 111 79 24 23 84 0 103 48 
16 40 50 39 25 46 63 58 45 53 62 49 43 59 78 107 45 11 61 93 27 61 51 21 41 54 30 40 55 61 89 73 78 84 36 53 15 15 68 75 68 29 36 31 80 80 82 103 0 71 
56 64 64 64 46 32 41 14 57 66 64 27 74 41 22 47 26 60 34 27 54 73 28 52 40 33 78 70 45 68 37 55 10 14 39 22 64 68 4 45 74 75 67 41 30 32 39 48 71 0 
0 1000
4377 4476
3976 4350
3738 4526
2259 3137
3781 3894
182 1146
3643 4309
3233 4056
3939 4755
1498 2046
490 1146
1253 1521
1623 1635
97 1084
1404 1978
3375 3384
2045 2505
2341 2481
4289 4933
531 1426
4748 5702
640 1387
2662 2835
1994 2895
1817 2230
2900 3247
2749 3383
3513 3629
2543 2733
3000 3808
3114 3390
248 450
710 1280
2833 3750
2199 2322
1691 2209
1884 2828
1056 1643
4636 5481
802 932
2113 3021
961 1076
4883 5048
1106 1770
344 991
4159 4617
3573 4330
2465 3216
4527 5198
22.622658131714235 17.58960468299968 22.049054538182066 34.745685548541836 33.11162622985481 55.82441734288241 68.68587216481336 67.00875206907885 25.880608879653334 21.491298698850215 28.845867521583944 58.169994722388715 8.364566123809624 64.90560801216569 76.60444607201039 97.57171436337929 54.58379332063663 20.635705745682376 69.24742522777476 92.43652675452336 24.20243022361349 19.024910974320797 52.1154941520761 26.883849166391094 39.203466842383285 62.33079160835931 1.0240414361195604 11.994514030516278 41.73285854647239 23.710753813437645 78.89297364461181 46.34608561004134 82.50443597898102 89.7116463596595 45.080719776063624 62.64197091637569 20.54911247773864 17.662647754724382 75.55676914181946 57.65087593974961 22.487143611375238 18.827843352224583 30.49504037870645 40.02279869447858 73.227067777842 72.48914307980216 89.29824517510859 90.24302384000956 9.611114253860231 78.22092778915525 
39.80890904991321 69.28688282013714 78.92921483707411 1.2739631177921873 39.419661295284605 25.842276169914967 8.595196738971445 40.513589023864895 71.97929538875137 82.48768067704046 89.693744959819 30.37355587925672 73.36618134536447 9.970350947188278 70.35681441830725 91.66691700798687 37.30354264662225 31.097098807076684 15.733377463323029 72.13745387225617 53.58960114700788 90.71905055025144 57.800271081201835 42.48922254052297 58.571716833433854 20.04180059933275 59.60190351408235 70.0685555497474 75.12227878185375 90.27144642193683 86.30116573881817 93.8071050524403 57.53300167169546 56.52191030102265 28.91349845261335 32.87419985575448 20.02478727859035 17.650482393039823 45.476183389571055 88.54817664097405 97.64401930042983 2.576509834929397 1.7407026344384957 33.51130176110555 78.54461364014303 79.81082526950395 11.360031412608407 95.0723807420983 30.49134240211452 48.83656197721217 