50
0 24 61 48 30 9 38 61 72 19 39 32 12 55 33 30 29 46 22 48 40 24 24 50 17 28 36 36 38 25 19 75 34 38 43 17 62 22 67 51 43 55 20 83 47 23 62 14 38 58 
24 0 70 35 51 16 20 74 79 34 61 11 27 56 44 22 43 49 36 66 63 44 46 73 35 32 35 12 62 49 39 94 19 62 62 9 78 22 71 73 20 31 27 77 34 7 78 30 62 40 
61 70 0 56 77 60 63 11 13 42 51 68 49 23 28 88 87 24 81 97 73 43 70 55 74 89 38 79 58 59 73 44 59 53 90 72 22 82 18 51 74 89 80 52 56 76 22 47 70 71 
48 35 56 0 78 40 15 64 59 43 74 25 42 34 41 57 75 33 68 96 86 55 71 85 64 67 22 35 78 68 67 94 16 75 91 43 73 57 48 83 23 35 61 43 1 42 72 43 83 15 
30 51 77 78 0 38 68 73 89 40 32 61 37 78 53 45 19 69 20 21 16 34 7 39 16 33 63 62 26 18 12 73 64 31 14 42 69 36 88 43 71 81 29 110 77 48 69 37 17 88 
9 16 60 40 38 0 30 61 70 19 45 24 12 51 32 28 35 42 28 56 48 28 32 56 24 31 31 29 46 33 27 79 26 45 51 13 64 22 64 57 34 47 23 77 39 18 64 15 47 50 
38 20 63 15 68 30 0 70 69 39 70 10 35 44 42 42 62 40 55 84 78 51 62 81 53 52 26 20 73 61 56 96 5 71 80 29 76 42 59 80 10 25 47 58 14 27 76 37 76 20 
61 74 11 64 73 61 70 0 22 43 44 73 50 33 30 90 84 32 80 92 67 40 66 46 72 88 44 84 52 54 71 33 66 46 85 74 11 83 29 42 80 95 80 63 64 78 11 47 64 80 
72 79 13 59 89 70 69 22 0 53 64 75 60 25 39 98 99 30 93 110 86 55 82 67 86 100 44 87 71 72 85 52 66 66 102 82 32 92 12 63 79 94 91 45 59 85 32 58 83 73 
19 34 42 43 40 19 39 43 53 0 32 37 7 38 14 47 46 29 40 61 44 12 33 43 33 47 24 46 35 26 33 60 34 33 54 32 45 40 50 42 47 61 38 70 42 37 44 5 41 56 
39 61 51 74 32 45 70 44 64 32 0 68 35 61 36 66 49 53 47 50 23 20 27 11 39 58 54 74 7 16 36 41 66 2 42 56 38 58 66 12 78 91 52 95 74 62 38 33 20 88 
32 11 68 25 61 24 10 73 75 37 68 0 32 51 44 32 53 45 47 76 72 49 55 79 45 43 31 11 69 56 49 97 11 68 72 20 79 33 66 78 11 24 38 68 24 17 78 35 70 29 
12 27 49 42 37 12 35 50 60 7 35 32 0 43 21 40 40 34 34 57 44 17 30 46 27 40 26 40 38 26 28 67 31 36 51 25 52 33 56 46 42 56 31 73 41 30 52 3 41 54 
55 56 23 34 78 51 44 33 25 38 61 51 43 0 26 77 83 9 77 99 79 46 71 68 71 81 21 63 67 62 71 65 41 62 92 61 43 73 15 65 55 69 73 35 35 63 43 42 76 49 
33 44 28 41 53 32 42 30 39 14 36 44 21 26 0 60 60 17 54 73 53 20 45 45 47 61 20 55 42 37 47 53 38 37 66 44 34 54 36 42 52 67 53 60 41 49 34 19 51 56 
30 22 88 57 45 28 42 90 98 47 66 32 40 77 60 0 30 69 25 53 60 53 43 77 29 15 56 25 64 51 34 104 41 66 52 16 92 9 91 79 39 42 16 99 56 15 91 42 60 60 
29 43 87 75 19 35 62 84 99 46 49 53 40 83 60 30 0 74 7 24 35 44 21 57 13 15 65 52 44 33 14 90 59 48 22 33 83 23 95 60 63 70 15 112 74 37 82 41 36 82 
46 49 24 33 69 42 40 32 30 29 53 45 34 9 17 69 74 0 68 90 71 37 62 61 62 73 14 57 59 54 62 63 36 54 83 53 41 64 22 58 50 65 65 42 32 55 40 33 68 48 
22 36 81 68 20 28 55 80 93 40 47 47 34 77 54 25 7 68 0 30 36 40 20 56 8 13 58 45 43 30 11 87 52 46 27 26 79 17 89 59 56 64 9 105 66 31 78 35 36 75 
48 66 97 96 21 56 84 92 110 61 50 76 57 99 73 53 24 90 30 0 28 55 28 54 32 39 83 75 43 38 29 89 81 48 7 56 88 46 109 58 86 94 39 130 95 61 88 57 31 105 
40 63 73 86 16 48 78 67 86 44 23 72 44 79 53 60 35 71 36 28 0 34 17 26 31 48 68 75 16 18 27 61 73 21 21 55 61 51 87 30 83 94 44 113 84 61 61 43 3 97 
24 44 43 55 34 28 51 40 55 12 20 49 17 46 20 53 44 37 40 55 34 0 27 30 32 49 35 56 23 17 30 51 46 20 47 40 39 45 54 30 59 73 41 79 54 46 39 14 31 69 
24 46 70 71 7 32 62 66 82 33 27 55 30 71 45 43 21 62 20 28 17 27 0 36 14 33 56 58 23 12 10 68 58 26 21 38 63 34 81 39 66 77 27 103 70 44 63 30 17 82 
50 73 55 85 39 56 81 46 67 43 11 79 46 68 45 77 57 61 56 54 26 30 36 0 49 68 64 85 13 26 45 35 76 11 47 67 38 68 72 5 89 102 62 102 84 73 38 44 24 99 
17 35 74 64 16 24 53 72 86 33 39 45 27 71 47 29 13 62 8 32 31 32 14 49 0 19 53 46 36 23 4 80 50 39 27 26 71 20 82 51 56 65 13 100 63 31 71 29 31 73 
28 32 89 67 33 31 52 88 100 47 58 43 40 81 61 15 15 73 13 39 48 49 33 68 19 0 61 39 55 42 23 98 51 58 38 23 88 10 94 71 51 57 8 107 65 26 88 42 49 72 
36 35 38 22 63 31 26 44 44 24 54 31 26 21 20 56 65 14 58 83 68 35 56 64 53 61 0 43 59 50 54 72 22 55 77 40 51 52 35 62 36 51 54 47 21 42 51 26 65 37 
36 12 79 35 62 29 20 84 87 46 74 11 40 63 55 25 52 57 45 75 75 56 58 85 46 39 43 0 74 61 50 106 22 74 72 20 89 29 78 85 14 19 36 78 34 15 88 42 74 35 
38 62 58 78 26 46 73 52 71 35 7 69 38 67 42 64 44 59 43 43 16 23 23 13 36 55 59 74 0 14 32 47 68 6 36 56 46 55 73 16 79 92 49 101 77 62 45 36 13 91 
25 49 59 68 18 33 61 54 72 26 16 56 26 62 37 51 33 54 30 38 18 17 12 26 23 42 50 61 14 0 20 57 57 16 31 42 51 42 71 28 67 79 35 96 67 48 51 25 15 80 
19 39 73 67 12 27 56 71 85 33 36 49 28 71 47 34 14 62 11 29 27 30 10 45 4 23 54 50 32 20 0 77 53 35 24 30 69 25 83 48 59 69 18 102 66 35 69 29 26 76 
75 94 44 94 73 79 96 33 52 60 41 97 67 65 53 104 90 63 87 89 61 51 68 35 80 98 72 106 47 57 77 0 91 42 82 91 23 96 62 30 105 120 91 96 93 97 23 64 58 109 
34 19 59 16 64 26 5 66 66 34 66 11 31 41 38 41 59 36 52 81 73 46 58 76 50 51 22 22 68 57 53 91 0 66 77 27 72 41 56 76 15 30 45 58 15 26 71 33 72 24 
38 62 53 75 31 45 71 46 66 33 2 68 36 62 37 66 48 54 46 48 21 20 26 11 39 58 55 74 6 16 35 42 66 0 41 56 40 57 68 13 78 92 51 96 74 62 40 34 18 89 
43 62 90 91 14 51 80 85 102 54 42 72 51 92 66 52 22 83 27 7 21 47 21 47 27 38 77 72 36 31 24 82 77 41 0 53 80 44 102 51 83 92 37 124 90 58 80 51 23 100 
17 9 72 43 42 13 29 74 82 32 56 20 25 61 44 16 33 53 26 56 55 40 38 67 26 23 40 20 56 42 30 91 27 56 53 0 77 13 75 68 30 39 18 84 42 6 76 28 54 49 
62 78 22 73 69 64 76 11 32 45 38 79 52 43 34 92 83 41 79 88 61 39 63 38 71 88 51 89 46 51 69 23 72 40 80 77 0 84 40 34 86 101 80 74 72 82 0 49 58 88 
22 22 82 57 36 22 42 83 92 40 58 33 33 73 54 9 23 64 17 46 51 45 34 68 20 10 52 29 55 42 25 96 41 57 44 13 84 0 86 70 41 48 8 97 55 16 84 35 51 62 
67 71 18 48 88 64 59 29 12 50 66 66 56 15 36 91 95 22 89 109 87 54 81 72 82 94 35 78 73 71 83 62 56 68 102 75 40 86 0 68 69 83 87 34 49 77 40 54 84 62 
51 73 51 83 43 57 80 42 63 42 12 78 46 65 42 79 60 58 59 58 30 30 39 5 51 71 62 85 16 28 48 30 76 13 51 68 34 70 68 0 88 102 64 99 82 74 34 44 28 97 
43 20 74 23 71 34 10 80 79 47 78 11 42 55 52 39 63 50 56 86 83 59 66 89 56 51 36 14 79 67 59 105 15 78 83 30 86 41 69 88 0 15 48 66 22 26 86 45 81 21 
55 31 89 35 81 47 25 95 94 61 91 24 56 69 67 42 70 65 64 94 94 73 77 102 65 57 51 19 92 79 69 120 30 92 92 39 101 48 83 102 15 0 55 75 35 34 101 59 93 27 
20 27 80 61 29 23 47 80 91 38 52 38 31 73 53 16 15 65 9 39 44 41 27 62 13 8 54 36 49 35 18 91 45 51 37 18 80 8 87 64 48 55 0 100 59 22 80 33 44 67 
83 77 52 43 110 77 58 63 45 70 95 68 73 35 60 99 112 42 105 130 113 79 103 102 100 107 47 78 101 96 102 96 58 96 124 84 74 97 34 99 66 75 100 0 44 84 74 73 110 49 
47 34 56 1 77 39 14 64 59 42 74 24 41 35 41 56 74 32 66 95 84 54 70 84 63 65 21 34 77 67 66 93 15 74 90 42 72 55 49 82 22 35 59 44 0 41 72 42 82 16 
23 7 76 42 48 18 27 78 85 37 62 17 30 63 49 15 37 55 31 61 61 46 44 73 31 26 42 15 62 48 35 97 26 62 58 6 82 16 77 74 26 34 22 84 41 0 81 33 60 46 
62 78 22 72 69 64 76 11 32 44 38 78 52 43 34 91 82 40 78 88 61 39 63 38 71 88 51 88 45 51 69 23 71 40 80 76 0 84 40 34 86 101 80 74 72 81 0 49 58 88 
14 30 47 43 37 15 37 47 58 5 33 35 3 42 19 42 41 33 35 57 43 14 30 44 29 42 26 42 36 25 29 64 33 34 51 28 49 35 54 44 45 59 33 73 42 33 49 0 40 56 
38 62 70 83 17 47 76 64 83 41 20 70 41 76 51 60 36 68 36 31 3 31 17 24 31 49 65 74 13 15 26 58 72 18 23 54 58 51 84 28 81 93 44 110 82 60 58 40 0 95 
58 40 71 15 88 50 20 80 73 56 88 29 54 49 56 60 82 48 75 105 97 69 82 99 73 72 37 35 91 80 76 109 24 89 100 49 88 62 62 97 21 27 67 49 16 46 88 56 95 0 
0 1000
1716 2180
2070 2695
234 765
4664 5212
3382 3390
1923 2055
3138 3560
1468 1766
4547 5207
80 112
3775 3844
940 1296
4104 4189
1571 2181
1796 2710
1210 1692
2297 2653
5027 5611
4413 4579
399 786
1646 2464
4341 5198
1351 2329
2203 3041
3531 4040
2826 3209
2358 2401
2135 2589
3640 4386
2219 2921
659 1007
834 854
1051 2015
4262 4492
3272 3629
2004 2927
3231 3979
2912 3825
2512 3123
4172 4312
2679 2915
3864 4730
4851 5675
3431 4171
3009 3755
550 942
1098 2006
4382 4425
3958 4343
41.688504689158 64.09443121021545 47.5903909269756 85.94694070632211 12.952399952334082 50.16387094669893 79.36244757910929 36.488277947471815 55.76367078162514 43.16755093203053 11.61805958868457 73.601862520525 44.72715173638719 67.21203812054047 46.658354480792674 53.61941161925071 24.257792062089646 61.79881750125051 29.988893578610774 0.4445483908252057 1.8522103282969549 30.92025591308549 18.15945640886264 2.0243988948891123 29.12586993499422 38.85613147793061 65.55391245127542 75.00247362629541 7.754160792171206 18.538324340841463 25.263149286391407 3.7043216530027956 75.17671896051226 10.721445058265623 2.641731981142048 55.20312872566912 25.773048939266364 46.78405385143868 65.4472837653109 4.2729751965354 84.16272958726313 94.13704876077517 39.346824538802764 99.71894577020878 84.93686302150286 60.40995318211496 25.842172796078454 43.144901535309984 3.692685652941463 98.95496422900315 
71.2052517379319 79.01869690119749 10.6393749276409 51.77727328332475 79.0531586425014 70.3990095698097 65.5552510827381 10.446467178907682 0.6886240181842362 52.42441067441932 47.02400226719659 73.77367839900081 59.70057015980035 22.8125590432274 38.54284947980605 98.48236877441408 94.05309953526084 29.88546025331341 89.90854410460707 95.5037666295169 67.6068979687528 50.264450394176826 73.70246492819953 41.503608820554305 82.17983556313413 98.76890156777834 43.588718805656455 85.11294911660156 53.19686329498651 61.892607683042755 80.20442219542454 6.783200199633066 63.32136626260104 48.32969755371778 88.33970744467558 82.20865796024253 11.321808283651102 92.54275436515074 8.116573996380472 37.23127008480116 74.87966595375968 86.03897001127123 90.6254598851886 11.166800482271878 52.53271649729889 85.11514381645823 11.588970110479158 57.349217305545594 65.101927502675 59.84274358818147 