50
0 20 47 76 36 33 64 77 21 51 27 11 46 32 34 80 80 20 49 29 26 15 49 91 65 58 17 7 30 65 97 52 60 55 91 65 105 17 41 86 40 60 89 9 53 68 49 84 67 52 
20 0 28 57 51 49 64 58 2 44 24 12 52 47 24 67 64 4 45 19 23 12 45 88 50 72 26 25 33 51 87 66 74 38 82 54 97 17 36 67 35 71 84 15 51 79 50 74 53 63 
47 28 0 29 72 71 65 30 27 40 46 40 64 68 27 46 39 30 47 26 45 39 44 83 28 91 48 53 46 33 69 85 92 14 67 39 85 43 38 38 38 87 76 43 52 94 56 58 34 79 
76 57 29 0 100 100 83 15 55 59 71 68 89 96 53 45 31 58 68 54 70 66 65 95 33 117 77 82 72 41 68 113 119 28 69 49 88 70 62 11 62 113 85 71 73 119 78 61 39 104 
36 51 72 100 0 5 48 95 51 52 62 47 24 4 47 87 92 53 44 46 62 51 46 74 77 22 25 37 28 73 96 16 24 73 88 70 95 53 43 107 42 25 77 45 43 33 36 84 76 19 
33 49 71 100 5 0 53 96 49 54 59 44 28 4 47 89 94 51 46 46 59 48 48 79 79 26 24 33 30 75 99 19 28 73 91 72 99 50 45 108 44 30 81 42 47 37 39 87 78 24 
64 64 65 83 48 53 0 73 63 26 86 70 25 49 41 51 62 68 19 46 85 72 21 27 52 51 48 69 34 44 51 50 51 56 42 37 47 77 28 87 29 41 29 70 13 45 15 41 46 37 
77 58 30 15 95 96 73 0 56 49 76 70 81 92 48 30 17 60 59 50 75 69 56 81 21 111 74 83 67 29 54 107 112 22 55 37 74 73 54 14 55 105 71 73 63 111 70 47 27 97 
21 2 27 55 51 49 63 56 0 42 26 14 51 47 23 65 62 6 44 17 25 14 43 87 48 72 26 27 32 49 85 66 74 36 80 52 96 18 35 65 34 71 82 16 49 79 49 72 51 63 
51 44 40 59 52 54 26 49 42 0 68 53 33 50 20 35 42 48 10 25 67 55 7 45 29 64 38 58 25 22 47 60 65 31 40 18 54 59 10 63 12 57 40 54 14 63 21 34 25 49 
27 24 46 71 62 59 86 76 26 68 0 17 71 58 48 89 85 20 68 43 1 14 68 111 72 85 42 26 53 74 110 78 87 59 105 77 121 10 60 81 58 86 108 18 74 95 72 97 76 79 
11 12 40 68 47 44 70 70 14 53 17 0 54 43 34 78 76 11 53 29 16 4 52 95 62 69 25 15 36 63 98 63 71 50 92 65 107 7 44 78 43 70 92 3 57 78 55 85 65 62 
46 52 64 89 24 28 25 81 51 33 71 54 0 24 37 67 75 56 24 39 70 58 26 51 62 30 29 50 20 55 73 27 31 61 65 50 72 61 27 95 27 24 53 53 22 31 14 62 58 16 
32 47 68 96 4 4 49 92 47 50 58 43 24 0 44 85 90 49 42 43 58 47 44 75 75 26 21 33 26 71 95 20 28 70 87 68 95 49 41 104 40 29 77 41 43 37 35 83 74 22 
34 24 27 53 47 47 41 48 23 20 48 34 37 44 0 47 48 29 22 5 47 35 21 64 33 64 26 41 19 31 64 59 66 26 58 31 73 40 13 61 12 60 60 35 28 67 30 51 33 52 
80 67 46 45 87 89 51 30 65 35 89 78 67 85 47 0 14 70 44 51 88 78 42 53 18 97 71 87 59 16 24 95 98 32 25 17 43 83 44 43 46 90 42 80 46 95 54 17 14 83 
80 64 39 31 92 94 62 17 62 42 85 76 75 90 48 14 0 67 51 51 84 75 49 67 15 105 73 87 64 20 37 102 106 26 38 25 57 80 49 29 50 98 56 78 55 104 62 30 17 91 
20 4 30 58 53 51 68 60 6 48 20 11 56 49 29 70 67 0 50 23 19 9 49 92 53 75 30 25 37 55 90 69 77 40 86 58 102 13 41 68 39 75 88 14 55 83 54 78 56 67 
49 45 47 68 44 46 19 59 44 10 68 53 24 42 22 44 51 50 0 27 68 55 3 43 38 54 34 55 19 32 53 51 55 40 45 27 56 59 9 73 10 47 40 53 6 53 11 40 35 40 
29 19 26 54 46 46 46 50 17 25 43 29 39 43 5 51 51 23 27 0 42 30 26 69 36 65 23 36 20 35 69 60 66 28 64 36 79 35 18 62 17 61 65 30 33 69 33 56 38 53 
26 23 45 70 62 59 85 75 25 67 1 16 70 58 47 88 84 19 68 42 0 13 67 110 71 84 42 26 52 73 109 78 86 58 105 76 120 9 59 80 57 86 107 17 73 94 71 96 75 78 
15 12 39 66 51 48 72 69 14 55 14 4 58 47 35 78 75 9 55 30 13 0 54 98 61 73 29 18 39 63 98 67 75 49 93 65 108 5 46 76 45 74 94 7 60 82 58 85 65 66 
49 45 44 65 46 48 21 56 43 7 68 52 26 44 21 42 49 49 3 26 67 54 0 43 36 56 35 55 21 29 51 53 57 37 44 24 56 59 9 70 10 50 40 53 8 55 14 39 32 42 
91 88 83 95 74 79 27 81 87 45 111 95 51 75 64 53 67 92 43 69 110 98 43 0 62 72 75 96 60 54 40 73 72 71 33 46 26 102 52 95 53 62 11 96 38 62 42 37 55 60 
65 50 28 33 77 79 52 21 48 29 72 62 62 75 33 18 15 53 38 36 71 61 36 62 0 92 58 72 49 8 42 88 93 14 40 16 59 66 35 35 36 85 53 64 43 91 49 31 7 78 
58 72 91 117 22 26 51 111 72 64 85 69 30 26 64 97 105 75 54 65 84 73 56 72 92 0 46 59 45 86 101 6 2 89 93 81 96 75 57 124 56 10 78 67 51 14 43 91 88 14 
17 26 48 77 25 24 48 74 26 38 42 25 29 21 26 71 73 30 34 23 42 29 35 75 58 46 0 22 15 56 85 40 48 51 79 55 90 32 28 85 27 45 74 24 37 54 33 72 58 37 
7 25 53 82 37 33 69 83 27 58 26 15 50 33 41 87 87 25 55 36 26 18 55 96 72 59 22 0 36 71 104 53 61 61 98 72 111 18 47 92 46 61 95 12 58 70 54 91 74 54 
30 33 46 72 28 30 34 67 32 25 53 36 20 26 19 59 64 37 19 20 52 39 21 60 49 45 15 36 0 45 72 40 47 45 65 42 76 43 15 79 14 42 59 36 23 49 19 59 48 33 
65 51 33 41 73 75 44 29 49 22 74 63 55 71 31 16 20 55 32 35 73 63 29 54 8 86 56 71 45 0 37 82 87 19 34 8 52 68 30 43 31 79 45 64 35 84 43 25 3 71 
97 87 69 68 96 99 51 54 85 47 110 98 73 95 64 24 37 90 53 69 109 98 51 40 42 101 85 104 72 37 0 100 102 55 8 33 21 103 57 65 59 92 29 99 52 95 60 13 36 87 
52 66 85 113 16 19 50 107 66 60 78 63 27 20 59 95 102 69 51 60 78 67 53 73 88 6 40 53 40 82 100 0 8 85 92 78 96 69 53 120 52 13 78 61 49 19 41 89 85 13 
60 74 92 119 24 28 51 112 74 65 87 71 31 28 66 98 106 77 55 66 86 75 57 72 93 2 48 61 47 87 102 8 0 91 94 82 96 77 58 125 58 10 78 69 52 13 44 91 90 15 
55 38 14 28 73 73 56 22 36 31 59 50 61 70 26 32 26 40 40 28 58 49 37 71 14 89 51 61 45 19 55 85 91 0 53 26 71 54 33 35 34 84 63 52 45 91 50 44 19 76 
91 82 67 69 88 91 42 55 80 40 105 92 65 87 58 25 38 86 45 64 105 93 44 33 40 93 79 98 65 34 8 92 94 53 0 28 19 98 51 67 52 84 22 93 44 87 52 9 33 79 
65 54 39 49 70 72 37 37 52 18 77 65 50 68 31 17 25 58 27 36 76 65 24 46 16 81 55 72 42 8 33 78 82 26 28 0 46 70 27 51 28 73 37 66 30 79 37 20 10 66 
105 97 85 88 95 99 47 74 96 54 121 107 72 95 73 43 57 102 56 79 120 108 56 26 59 96 90 111 76 52 21 96 96 71 19 46 0 113 64 86 65 86 19 108 54 87 60 28 52 83 
17 17 43 70 53 50 77 73 18 59 10 7 61 49 40 83 80 13 59 35 9 5 59 102 66 75 32 18 43 68 103 69 77 54 98 70 113 0 51 80 49 76 99 8 64 85 62 90 70 69 
41 36 38 62 43 45 28 54 35 10 60 44 27 41 13 44 49 41 9 18 59 46 9 52 35 57 28 47 15 30 57 53 58 33 51 27 64 51 0 68 1 51 48 45 15 58 18 44 33 43 
86 67 38 11 107 108 87 14 65 63 81 78 95 104 61 43 29 68 73 62 80 76 70 95 35 124 85 92 79 43 65 120 125 35 67 51 86 80 68 0 68 119 85 81 77 125 84 60 41 111 
40 35 38 62 42 44 29 55 34 12 58 43 27 40 12 46 50 39 10 17 57 45 10 53 36 56 27 46 14 31 59 52 58 34 52 28 65 49 1 68 0 51 50 43 16 58 18 46 34 43 
60 71 87 113 25 30 41 105 71 57 86 70 24 29 60 90 98 75 47 61 86 74 50 62 85 10 45 61 42 79 92 13 10 84 84 73 86 76 51 119 51 0 68 68 44 8 36 82 82 8 
89 84 76 85 77 81 29 71 82 40 108 92 53 77 60 42 56 88 40 65 107 94 40 11 53 78 74 95 59 45 29 78 78 63 22 37 19 99 48 85 50 68 0 93 37 69 42 26 46 64 
9 15 43 71 45 42 70 73 16 54 18 3 53 41 35 80 78 14 53 30 17 7 53 96 64 67 24 12 36 64 99 61 69 52 93 66 108 8 45 81 43 68 93 0 57 77 55 86 67 61 
53 51 52 73 43 47 13 63 49 14 74 57 22 43 28 46 55 55 6 33 73 60 8 38 43 51 37 58 23 35 52 49 52 45 44 30 54 64 15 77 16 44 37 57 0 49 8 40 38 37 
68 79 94 119 33 37 45 111 79 63 95 78 31 37 67 95 104 83 53 69 94 82 55 62 91 14 54 70 49 84 95 19 13 91 87 79 87 85 58 125 58 8 69 77 49 0 42 86 87 16 
49 50 56 78 36 39 15 70 49 21 72 55 14 35 30 54 62 54 11 33 71 58 14 42 49 43 33 54 19 43 60 41 44 50 52 37 60 62 18 84 18 36 42 55 8 42 0 48 45 29 
84 74 58 61 84 87 41 47 72 34 97 85 62 83 51 17 30 78 40 56 96 85 39 37 31 91 72 91 59 25 13 89 91 44 9 20 28 90 44 60 46 82 26 86 40 86 48 0 24 76 
67 53 34 39 76 78 46 27 51 25 76 65 58 74 33 14 17 56 35 38 75 65 32 55 7 88 58 74 48 3 36 85 90 19 33 10 52 70 33 41 34 82 46 67 38 87 45 24 0 74 
52 63 79 104 19 24 37 97 63 49 79 62 16 22 52 83 91 67 40 53 78 66 42 60 78 14 37 54 33 71 87 13 15 76 79 66 83 69 43 111 43 8 64 61 37 16 29 76 74 0 
0 1000
4218 4807
5030 5034
4417 4702
1538 2235
2550 3533
2891 3837
973 1403
4720 5563
834 1820
3913 4776
1919 2191
512 882
586 1210
343 1256
416 618
3276 3661
2248 2739
5126 5795
2305 2412
1170 1736
1261 2098
4508 5030
3183 3897
3031 3460
3410 3969
1817 2663
703 946
2483 2667
2349 2439
4041 4486
2023 2249
4845 4925
2205 2504
2969 3381
4307 4751
1698 2523
1061 1769
4605 5267
2716 3081
3825 4189
5223 6095
3558 4507
1114 1556
3651 3970
230 943
104 641
3699 4459
1380 2133
157 195
8.727590197041113 25.7110945507132 53.15604858625142 78.84507154213749 4.068379598035376 0.738479039711093 50.778254176968574 83.47644393273895 27.405868522194353 54.40584656574708 8.365115572347392 13.341434536423623 26.830480445467487 4.842637135347783 41.64628207696018 88.02473057023774 88.74518103454615 23.62948982478994 47.16622573320273 37.73212787533294 9.139559179331835 14.654525573261756 48.95609956467548 72.76622636643594 73.8573342472397 1.0977104141595917 16.840916766948077 2.1868576038689636 29.222514668338107 72.38745524835208 99.67878409645975 1.0484470138922175 0.926853768308955 63.33930470514868 91.88763009764742 71.39038720281496 97.11993878465134 10.524082018505322 44.24486214737311 89.3710057452062 42.97231619503727 10.874319999619797 78.63108188442521 10.926862064760101 47.47463709176228 10.524813300712054 39.78101915656714 87.49608489984475 75.05836402566844 14.219365203134494 
69.4941080637486 79.5951243369395 85.83614278210948 99.63197459315042 33.77559022496703 37.58135510029904 20.990461612905577 85.82460050478376 78.96518012208563 46.32845392445739 96.11849419239707 79.97452030644241 27.53149791168621 37.759294266018436 61.37561140410299 55.89582172517863 69.83711018457618 83.52750860104479 39.705874713336975 65.03135370780504 95.5749576458273 83.73601587773152 41.53987917330696 5.251019567961235 67.37849147596893 11.764714836144051 54.719213127976786 70.6745834551486 47.12538398639864 59.07503811498655 34.578290037523814 18.149370941861097 9.928784756385934 75.89455884506917 31.68701844019537 51.28377897651987 13.371676146424761 86.29964894164073 48.6206419624226 98.89091694632805 49.28496687186584 9.855318541950675 14.575079067075325 78.17455731652275 33.79772625330022 1.5889560506672118 31.619946187245628 39.39095762318065 60.350994591938665 17.617649680557935 