50
0 107 56 47 43 82 21 8 33 82 42 57 96 101 58 45 23 91 25 54 32 43 36 77 27 81 33 62 67 38 50 60 69 95 77 12 64 86 13 59 48 12 96 54 29 95 96 25 80 44 
107 0 71 76 74 27 88 106 121 92 121 58 66 6 56 120 120 34 86 65 100 70 126 33 99 69 74 88 44 70 67 58 45 45 46 98 63 37 96 48 81 102 45 102 79 74 14 89 27 75 
56 71 0 63 57 57 48 60 85 102 90 55 97 65 54 93 77 75 51 8 33 52 89 56 67 87 40 85 29 31 10 13 26 85 68 44 10 71 43 32 11 45 85 88 35 101 66 31 51 60 
47 76 63 0 6 49 28 41 47 40 45 18 49 72 21 44 49 50 23 56 64 12 51 43 26 34 25 21 52 33 53 57 57 51 34 46 66 45 44 41 63 50 52 28 33 48 62 48 51 4 
43 74 57 6 0 47 23 38 47 47 46 17 53 70 19 46 48 51 18 50 58 6 51 42 25 39 19 28 47 27 47 51 52 53 36 40 60 45 38 36 57 45 54 33 27 53 61 41 49 3 
82 27 57 49 47 0 63 80 94 69 93 31 48 24 28 93 93 18 60 50 80 43 99 5 72 46 49 62 29 46 50 44 34 30 22 74 52 17 72 27 65 79 30 75 55 55 14 67 8 48 
21 88 48 28 23 63 0 18 37 66 42 37 76 83 37 44 33 71 5 43 38 22 42 57 19 61 14 46 51 21 40 48 54 75 56 18 55 65 16 42 44 22 75 43 14 76 76 23 61 25 
8 106 60 41 38 80 18 0 25 75 34 53 90 101 55 37 17 88 21 57 40 39 29 75 19 75 32 54 68 38 53 63 71 91 73 18 68 82 17 59 53 19 92 45 29 89 94 30 79 39 
33 121 85 47 47 94 37 25 0 67 11 64 90 116 66 15 12 97 37 80 65 51 5 89 22 75 50 49 88 59 77 86 91 97 81 43 92 91 43 78 78 44 98 34 51 87 108 55 95 47 
82 92 102 40 47 69 66 75 67 0 58 48 33 91 50 55 75 58 61 94 104 51 69 65 55 23 65 21 85 73 92 94 91 50 47 84 103 55 82 75 103 88 51 33 73 25 78 87 75 44 
42 121 90 45 46 93 42 34 11 58 0 63 84 116 65 4 22 94 40 86 74 51 12 88 24 69 54 42 90 63 82 90 95 93 78 51 97 89 50 80 85 53 93 26 56 80 107 62 95 45 
57 58 55 18 17 31 37 53 64 48 63 0 44 54 3 62 64 34 33 47 66 14 68 25 42 32 26 35 37 29 45 46 43 38 20 52 55 29 50 27 58 57 39 46 34 46 44 49 33 17 
96 66 97 49 53 48 76 90 90 33 84 44 0 66 44 82 96 32 71 89 109 55 94 46 73 16 69 42 73 73 88 86 78 21 29 93 95 31 91 65 101 98 21 59 77 9 53 93 56 52 
101 6 65 72 70 24 83 101 116 91 116 54 66 0 52 116 115 34 81 59 93 66 121 29 94 68 69 85 38 64 61 52 39 45 44 92 56 36 90 42 74 96 46 99 73 74 13 83 22 71 
58 56 54 21 19 28 37 55 66 50 65 3 44 52 0 65 66 33 34 45 65 16 70 23 44 33 26 37 35 29 44 44 41 38 19 52 53 28 51 25 57 57 39 48 34 47 42 49 31 20 
45 120 93 44 46 93 44 37 15 55 4 62 82 116 65 0 26 93 42 87 77 52 15 88 26 67 55 40 91 64 84 92 96 91 77 54 99 88 53 81 87 56 92 24 58 77 107 65 95 45 
23 120 77 49 48 93 33 17 12 75 22 64 96 115 66 26 0 98 34 74 55 51 13 88 23 80 47 56 83 54 70 80 87 100 83 34 85 93 34 74 70 34 101 43 45 93 107 46 93 48 
91 34 75 50 51 18 71 88 97 58 94 34 32 34 33 93 98 0 67 67 95 49 101 19 76 35 59 57 47 59 67 62 52 12 16 85 70 5 83 43 81 90 12 72 66 40 21 80 26 51 
25 86 51 23 18 60 5 21 37 61 40 33 71 81 34 42 34 67 0 46 43 19 41 55 16 56 14 41 51 23 42 50 55 71 52 23 57 62 21 41 48 28 71 38 17 71 74 28 60 20 
54 65 8 56 50 50 43 57 80 94 86 47 89 59 45 87 74 67 46 0 35 44 85 48 62 79 33 77 22 24 4 8 20 76 60 42 11 63 41 24 16 44 77 81 29 93 59 29 43 52 
32 100 33 64 58 80 38 40 65 104 74 66 109 93 65 77 55 95 43 35 0 55 68 77 55 96 40 84 56 37 33 43 55 102 84 23 43 90 24 53 22 21 103 81 32 111 92 17 76 61 
43 70 52 12 6 43 22 39 51 51 51 14 55 66 16 52 51 49 19 44 55 0 56 38 29 41 15 33 41 22 42 46 46 52 34 39 54 43 37 30 52 44 53 39 23 56 57 38 44 8 
36 126 89 51 51 99 42 29 5 69 12 68 94 121 70 15 13 101 41 85 68 56 0 93 27 78 55 52 92 63 81 90 96 101 85 47 96 96 46 82 82 48 102 37 55 90 112 59 99 51 
77 33 56 43 42 5 57 75 89 65 88 25 46 29 23 88 88 19 55 48 77 38 93 0 67 43 44 57 28 42 48 43 33 30 18 70 51 16 68 24 63 74 30 70 50 52 19 63 10 43 
27 99 67 26 25 72 19 19 22 55 24 42 73 94 44 26 23 76 16 62 55 29 27 67 0 57 30 35 66 39 58 66 71 77 60 32 73 70 31 56 63 36 78 27 32 71 86 41 73 25 
81 69 87 34 39 46 61 75 75 23 69 32 16 68 33 67 80 35 56 79 96 41 78 43 57 0 56 27 66 61 77 77 72 27 25 79 86 32 77 57 90 84 28 44 64 15 55 79 53 37 
33 74 40 25 19 49 14 32 50 65 54 26 69 69 26 55 47 59 14 33 40 15 55 44 30 56 0 46 37 9 30 37 41 64 46 26 44 54 24 28 38 31 65 48 9 70 63 24 48 21 
62 88 85 21 28 62 46 54 49 21 42 35 42 85 37 40 56 57 41 77 84 33 52 57 35 27 46 0 71 54 75 78 77 53 42 63 87 52 61 61 84 68 53 17 54 38 74 68 66 25 
67 44 29 52 47 29 51 68 88 85 90 37 73 38 35 91 83 47 51 22 56 41 92 28 66 66 37 71 0 30 23 15 6 58 43 56 23 44 55 11 37 60 58 80 39 78 38 46 22 49 
38 70 31 33 27 46 21 38 59 73 63 29 73 64 29 64 54 59 23 24 37 22 63 42 39 61 9 54 30 0 21 28 33 66 47 28 35 54 26 22 30 32 66 58 9 75 59 21 43 29 
50 67 10 53 47 50 40 53 77 92 82 45 88 61 44 84 70 67 42 4 33 42 81 48 58 77 30 75 23 21 0 11 22 76 59 38 15 63 37 24 15 40 77 78 26 91 60 26 45 50 
60 58 13 57 51 44 48 63 86 94 90 46 86 52 44 92 80 62 50 8 43 46 90 43 66 77 37 78 15 28 11 0 13 72 57 48 9 59 48 21 23 51 73 84 35 90 53 37 38 54 
69 45 26 57 52 34 54 71 91 91 95 43 78 39 41 96 87 52 55 20 55 46 96 33 71 72 41 77 6 33 22 13 0 63 49 58 19 49 57 16 35 61 63 85 41 84 41 47 26 54 
95 45 85 51 53 30 75 91 97 50 93 38 21 45 38 91 100 12 71 76 102 52 101 30 77 27 64 53 58 66 76 72 63 0 19 90 81 14 88 53 91 95 1 69 72 29 33 87 38 52 
77 46 68 34 36 22 56 73 81 47 78 20 29 44 19 77 83 16 52 60 84 34 85 18 60 25 46 42 43 47 59 57 49 19 0 72 65 10 70 36 73 76 19 57 53 35 32 68 28 35 
12 98 44 46 40 74 18 18 43 84 51 52 93 92 52 54 34 85 23 42 23 39 47 70 32 79 26 63 56 28 38 48 58 90 72 0 52 80 2 49 35 5 91 59 19 94 87 13 71 42 
64 63 10 66 60 52 55 68 92 103 97 55 95 56 53 99 85 70 57 11 43 54 96 51 73 86 44 87 23 35 15 9 19 81 65 52 0 67 52 29 21 54 81 92 41 99 59 40 45 62 
86 37 71 45 45 17 65 82 91 55 89 29 31 36 28 88 93 5 62 63 90 43 96 16 70 32 54 52 44 54 63 59 49 14 10 80 67 0 78 39 77 84 14 67 61 39 23 75 25 45 
13 96 43 44 38 72 16 17 43 82 50 50 91 90 51 53 34 83 21 41 24 37 46 68 31 77 24 61 55 26 37 48 57 88 70 2 52 78 0 48 36 7 89 57 18 92 86 13 70 40 
59 48 32 41 36 27 42 59 78 75 80 27 65 42 25 81 74 43 41 24 53 30 82 24 56 57 28 61 11 22 24 21 16 53 36 49 29 39 48 0 38 54 53 69 31 70 39 41 23 38 
48 81 11 63 57 65 44 53 78 103 85 58 101 74 57 87 70 81 48 16 22 52 82 63 63 90 38 84 37 30 15 23 35 91 73 35 21 77 36 38 0 36 91 86 31 104 75 23 59 59 
12 102 45 50 45 79 22 19 44 88 53 57 98 96 57 56 34 90 28 44 21 44 48 74 36 84 31 68 60 32 40 51 61 95 76 5 54 84 7 54 36 0 96 62 24 98 92 15 76 47 
96 45 85 52 54 30 75 92 98 51 93 39 21 46 39 92 101 12 71 77 103 53 102 30 78 28 65 53 58 66 77 73 63 1 19 91 81 14 89 53 91 96 0 70 73 29 33 87 38 53 
54 102 88 28 33 75 43 45 34 33 26 46 59 99 48 24 43 72 38 81 81 39 37 70 27 44 48 17 80 58 78 84 85 69 57 59 92 67 57 69 86 62 70 0 54 54 88 66 79 31 
29 79 35 33 27 55 14 29 51 73 56 34 77 73 34 58 45 66 17 29 32 23 55 50 32 64 9 54 39 9 26 35 41 72 53 19 41 61 18 31 31 24 73 54 0 79 68 15 52 29 
95 74 101 48 53 55 76 89 87 25 80 46 9 74 47 77 93 40 71 93 111 56 90 52 71 15 70 38 78 75 91 90 84 29 35 94 99 39 92 70 104 98 29 54 79 0 61 94 63 51 
96 14 66 62 61 14 76 94 108 78 107 44 53 13 42 107 107 21 74 59 92 57 112 19 86 55 63 74 38 59 60 53 41 33 32 87 59 23 86 39 75 92 33 88 68 61 0 79 16 62 
25 89 31 48 41 67 23 30 55 87 62 49 93 83 49 65 46 80 28 29 17 38 59 63 41 79 24 68 46 21 26 37 47 87 68 13 40 75 13 41 23 15 87 66 15 94 79 0 63 44 
80 27 51 51 49 8 61 79 95 75 95 33 56 22 31 95 93 26 60 43 76 44 99 10 73 53 48 66 22 43 45 38 26 38 28 71 45 25 70 23 59 76 38 79 52 63 16 63 0 50 
44 75 60 4 3 48 25 39 47 44 45 17 52 71 20 45 48 51 20 52 61 8 51 43 25 37 21 25 49 29 50 54 54 52 35 42 62 45 40 38 59 47 53 31 29 51 62 44 50 0 
0 1000
2925 3747
3955 4221
4484 5001
2818 2958
1829 2497
779 1748
4184 5048
1620 1840
2318 2947
344 1239
2150 2425
3447 4023
1345 1867
4604 4714
2488 3107
2764 2813
3323 4192
207 560
3668 4629
1013 1337
4057 4186
3207 4017
3512 4033
1515 2161
3810 4790
3568 4266
150 726
1776 2577
2409 2911
4555 5353
921 1356
661 1213
1227 2146
532 655
4774 5369
2645 2967
1999 2134
4400 4492
1945 2408
3640 4370
4302 4486
1177 1939
2226 2776
411 750
4677 5425
2033 2893
59 933
3024 3846
2546 3061
57.70740798904808 9.440179660618774 7.572009093074284 67.18811316134997 61.64575237618904 29.948433384896745 55.84140017735829 64.52029311411628 89.8309244806512 98.3406219087891 97.30460815537221 52.51793056702206 75.10391260784743 9.181313165173366 50.052344256202105 99.7400564753655 80.17517334878268 43.36491780454356 58.99008769958165 13.58141853095537 25.472745159190126 55.87395003006404 93.27557082037814 33.78634791301144 74.71499844276465 76.07076083694022 46.901804518493776 87.04380351509468 15.814042239909732 37.4517567895605 16.908342925521993 10.529229537131346 10.223025506398752 54.177616924805186 51.60271056303416 46.565716790091386 2.741349663200765 45.1703716572403 47.37658757116602 26.5942804709418 12.410441175585618 45.74886224802373 54.21553759853444 94.49685345278044 42.36527473929416 83.19083610770964 22.157632389057348 35.31124955849657 23.488351351014757 64.08288531638135 
3.638514033338369 99.08427180602304 28.238149440957816 49.53104087894028 46.17032337706913 81.11146553967777 24.21951910288097 8.529000614649341 8.722601432900278 74.92631026826956 16.614530432799512 60.57382724439374 97.85856234213415 92.75533232658785 61.204209491459494 19.631797644586612 2.415283750075403 93.68947475068491 28.39367284305354 34.06330049725018 0.7969041185063808 46.69060201113194 5.657865734081168 77.31424293141181 24.786318041725053 82.24285887407541 34.91875270510938 57.71885387694007 55.58457074523384 35.31209242897091 32.36729943169324 41.1616550229461 53.78894725298555 98.80820248294751 80.29610158574985 8.833690123371596 36.82531217153326 88.50455231910013 10.773638360538119 54.09386502092178 18.358343870644166 4.134098272696496 99.55698303564058 42.54323774894138 27.68757254581049 95.04582185404341 92.62693444303372 14.279740290564503 76.38159151065491 47.44904190722218 