50
0 63 25 45 35 31 37 72 39 63 26 33 53 50 43 66 53 40 11 23 53 35 30 33 37 52 38 47 56 12 29 50 45 24 8 59 30 25 25 20 2 72 38 60 27 15 52 74 13 37 
63 0 88 87 75 34 29 31 51 47 40 90 51 56 46 98 82 98 58 59 32 57 42 90 88 46 93 24 18 50 34 13 54 44 70 86 74 46 76 48 61 29 64 65 69 75 89 38 72 96 
25 88 0 42 38 56 61 94 59 85 51 25 70 68 64 64 56 21 31 41 75 49 51 25 30 73 31 72 80 38 54 75 64 48 19 62 39 48 31 43 27 95 49 73 38 18 51 96 18 18 
45 87 42 0 13 67 58 78 83 104 65 66 46 94 86 22 17 29 38 68 60 30 45 66 13 94 73 82 71 50 56 74 89 65 48 21 74 67 67 43 47 80 24 41 71 52 9 77 34 30 
35 75 38 13 0 55 46 68 71 92 53 61 38 82 74 32 19 32 27 58 49 19 32 61 16 82 67 70 60 39 43 62 77 53 39 25 65 55 58 30 37 70 14 36 61 44 18 67 26 32 
31 34 56 67 55 0 21 53 24 38 6 56 51 33 23 84 69 70 30 25 39 43 27 56 64 29 59 16 34 19 15 24 29 10 37 74 40 12 42 24 29 53 50 63 35 41 72 58 42 67 
37 29 61 58 46 21 0 35 45 55 25 69 31 54 43 71 55 70 30 42 19 29 13 69 59 48 73 28 19 26 8 16 50 28 45 59 57 31 57 19 36 36 36 44 53 51 61 39 44 67 
72 31 94 78 68 53 35 0 76 77 59 104 33 83 72 82 68 98 63 77 20 49 43 104 84 74 108 51 19 61 44 31 80 63 80 70 92 65 92 52 71 3 54 44 88 86 77 7 76 97 
39 51 59 83 71 24 45 76 0 26 21 48 74 11 7 103 88 77 45 17 63 63 49 48 76 14 48 27 57 33 38 45 6 19 40 93 27 17 33 44 37 75 70 86 24 41 89 81 52 74 
63 47 85 104 92 38 55 77 26 0 39 74 86 19 20 122 107 103 67 43 71 81 65 73 100 12 73 28 60 54 52 47 22 39 66 112 52 39 59 62 61 75 88 99 50 67 110 84 76 100 
26 40 51 65 53 6 25 59 21 39 0 50 53 31 22 83 68 66 27 19 44 43 28 50 61 29 53 21 40 15 18 30 27 4 32 74 34 6 36 24 24 58 49 65 30 36 71 63 38 63 
33 90 25 66 61 56 69 104 48 74 50 0 86 55 55 89 80 45 44 33 86 67 63 0 55 62 6 69 87 43 60 79 51 46 25 85 22 45 15 53 34 104 69 92 24 19 75 107 36 42 
53 51 70 46 38 51 31 33 74 86 53 86 0 84 73 50 35 69 42 68 19 21 26 86 53 79 92 58 32 47 36 41 80 56 61 37 81 58 78 34 53 35 23 14 76 68 44 31 53 68 
50 56 68 94 82 33 54 83 11 19 31 55 84 0 11 114 99 88 56 27 72 74 60 55 87 11 54 32 64 44 48 51 5 30 51 104 33 28 41 55 48 82 81 96 32 51 100 89 62 85 
43 46 64 86 74 23 43 72 7 20 22 55 73 11 0 105 90 82 48 23 61 65 50 55 80 9 55 22 54 36 38 41 8 21 46 95 34 19 40 45 41 71 71 86 31 47 92 78 56 79 
66 98 64 22 32 84 71 82 103 122 83 89 50 114 105 0 16 49 58 89 68 43 59 89 34 113 95 98 81 70 71 86 109 84 70 13 96 86 89 60 68 85 35 39 92 74 14 79 56 50 
53 82 56 17 19 69 55 68 88 107 68 80 35 99 90 16 0 46 44 75 52 26 43 79 29 97 86 82 65 55 55 70 94 69 58 6 83 71 77 44 55 70 19 26 80 63 11 65 45 46 
40 98 21 29 32 70 70 98 77 103 66 45 69 88 82 49 46 0 41 60 79 49 57 45 17 91 51 86 87 51 64 85 83 64 37 50 59 64 51 51 42 100 46 68 58 38 38 98 28 3 
11 58 31 38 27 30 30 63 45 67 27 44 42 56 48 58 44 41 0 31 44 24 20 44 33 56 49 46 48 12 23 45 51 27 19 50 41 28 36 11 12 64 28 49 37 25 45 65 14 38 
23 59 41 68 58 25 42 77 17 43 19 33 68 27 23 89 75 60 31 0 61 53 42 33 60 32 35 36 59 22 34 49 23 15 23 81 15 13 18 34 21 77 59 78 11 24 75 82 35 57 
53 32 75 60 49 39 19 20 63 71 44 86 19 72 61 68 52 79 44 61 0 31 23 86 65 65 90 43 14 43 27 24 68 47 61 55 76 50 75 33 52 21 36 33 71 68 60 21 57 77 
35 57 49 30 19 43 29 49 63 81 43 67 21 74 65 43 26 49 24 53 31 0 16 67 34 72 72 56 41 32 29 44 70 45 42 31 65 47 60 20 35 51 7 25 60 48 32 49 32 48 
30 42 51 45 32 27 13 43 49 65 28 63 26 60 50 59 43 57 20 42 23 16 0 63 46 56 68 39 29 21 12 29 55 31 38 48 56 33 53 9 29 44 24 36 51 45 48 45 33 55 
33 90 25 66 61 56 69 104 48 73 50 0 86 55 55 89 79 45 44 33 86 67 63 0 55 62 6 69 87 43 60 79 51 46 25 85 22 45 15 53 34 104 69 92 24 18 75 107 36 42 
37 88 30 13 16 64 59 84 76 100 61 55 53 87 80 34 29 17 33 60 65 34 46 55 0 89 61 80 74 45 55 75 82 60 38 33 64 61 56 41 40 85 30 51 61 42 21 83 25 18 
52 46 73 94 82 29 48 74 14 12 29 62 79 11 9 113 97 91 56 32 65 72 56 62 89 0 62 23 56 44 44 43 12 29 54 103 41 27 47 53 49 73 78 91 38 55 100 81 64 88 
38 93 31 73 67 59 73 108 48 73 53 6 92 54 55 95 86 51 49 35 90 72 68 6 61 62 0 71 91 47 64 82 51 49 31 91 21 47 17 58 38 108 75 97 25 24 82 112 42 48 
47 24 72 82 70 16 28 51 27 28 21 69 58 32 22 98 82 86 46 36 43 56 39 69 80 23 71 0 33 35 27 20 30 24 53 87 51 25 54 39 45 50 63 72 47 57 87 58 59 84 
56 18 80 71 60 34 19 19 57 60 40 87 32 64 54 81 65 87 48 59 14 41 29 87 74 56 91 33 0 44 27 13 61 44 64 68 74 46 74 37 54 18 48 46 69 70 73 25 62 85 
12 50 38 50 39 19 26 61 33 54 15 43 47 44 36 70 55 51 12 22 43 32 21 43 45 44 47 35 44 0 18 38 39 15 20 61 34 16 32 13 11 61 37 56 29 26 57 64 23 48 
29 34 54 56 43 15 8 44 38 52 18 60 36 48 38 71 55 64 23 34 27 29 12 60 55 44 64 27 27 18 0 21 44 21 37 60 49 23 48 13 28 44 36 48 44 43 60 48 37 62 
50 13 75 74 62 24 16 31 45 47 30 79 41 51 41 86 70 85 45 49 24 44 29 79 75 43 82 20 13 38 21 0 49 34 57 74 64 36 65 34 48 30 51 55 59 63 76 37 58 83 
45 54 64 89 77 29 50 80 6 22 27 51 80 5 8 109 94 83 51 23 68 70 55 51 82 12 51 30 61 39 44 49 0 25 46 100 30 23 37 50 43 79 76 91 28 46 95 86 57 80 
24 44 48 65 53 10 28 63 19 39 4 46 56 30 21 84 69 64 27 15 47 45 31 46 60 29 49 24 44 15 21 34 25 0 29 75 30 2 32 25 22 62 51 67 26 33 71 67 37 61 
8 70 19 48 39 37 45 80 40 66 32 25 61 51 46 70 58 37 19 23 61 42 38 25 38 54 31 53 64 20 37 57 46 29 0 64 26 29 19 28 9 81 45 67 23 7 56 83 14 34 
59 86 62 21 25 74 59 70 93 112 74 85 37 104 95 13 6 50 50 81 55 31 48 85 33 103 91 87 68 61 60 74 100 75 64 0 89 77 83 50 61 72 24 27 86 69 13 67 50 51 
30 74 39 74 65 40 57 92 27 52 34 22 81 33 34 96 83 59 41 15 76 65 56 22 64 41 21 51 74 34 49 64 30 30 26 89 0 28 8 47 29 92 69 89 5 22 82 97 40 56 
25 46 48 67 55 12 31 65 17 39 6 45 58 28 19 86 71 64 28 13 50 47 33 45 61 27 47 25 46 16 23 36 23 2 29 77 28 0 30 27 22 64 53 69 23 32 73 70 37 62 
25 76 31 67 58 42 57 92 33 59 36 15 78 41 40 89 77 51 36 18 75 60 53 15 56 47 17 54 74 32 48 65 37 32 19 83 8 30 0 44 25 92 64 85 9 15 75 96 33 48 
20 48 43 43 30 24 19 52 44 62 24 53 34 55 45 60 44 51 11 34 33 20 9 53 41 53 58 39 37 13 13 34 50 25 28 50 47 27 44 0 20 53 26 43 42 35 48 54 25 49 
2 61 27 47 37 29 36 71 37 61 24 34 53 48 41 68 55 42 12 21 52 35 29 34 40 49 38 45 54 11 28 48 43 22 9 61 29 22 25 20 0 71 39 61 25 15 54 74 15 39 
72 29 95 80 70 53 36 3 75 75 58 104 35 82 71 85 70 100 64 77 21 51 44 104 85 73 108 50 18 61 44 30 79 62 81 72 92 64 92 53 71 0 56 47 87 87 79 10 77 98 
38 64 49 24 14 50 36 54 70 88 49 69 23 81 71 35 19 46 28 59 36 7 24 69 30 78 75 63 48 37 36 51 76 51 45 24 69 53 64 26 39 56 0 23 65 51 25 53 33 45 
60 65 73 41 36 63 44 44 86 99 65 92 14 96 86 39 26 68 49 78 33 25 36 92 51 91 97 72 46 56 48 55 91 67 67 27 89 69 85 43 61 47 23 0 85 74 37 40 56 67 
27 69 38 71 61 35 53 88 24 50 30 24 76 32 31 92 80 58 37 11 71 60 51 24 61 38 25 47 69 29 44 59 28 26 23 86 5 23 9 42 25 87 65 85 0 21 79 92 37 55 
15 75 18 52 44 41 51 86 41 67 36 19 68 51 47 74 63 38 25 24 68 48 45 18 42 55 24 57 70 26 43 63 46 33 7 69 22 32 15 35 15 87 51 74 21 0 60 89 19 35 
52 89 51 9 18 72 61 77 89 110 71 75 44 100 92 14 11 38 45 75 60 32 48 75 21 100 82 87 73 57 60 76 95 71 56 13 82 73 75 48 54 79 25 37 79 60 0 75 42 39 
74 38 96 77 67 58 39 7 81 84 63 107 31 89 78 79 65 98 65 82 21 49 45 107 83 81 112 58 25 64 48 37 86 67 83 67 97 70 96 54 74 10 53 40 92 89 75 0 78 97 
13 72 18 34 26 42 44 76 52 76 38 36 53 62 56 56 45 28 14 35 57 32 33 36 25 64 42 59 62 23 37 58 57 37 14 50 40 37 33 25 15 77 33 56 37 19 42 78 0 25 
37 96 18 30 32 67 67 97 74 100 63 42 68 85 79 50 46 3 38 57 77 48 55 42 18 88 48 84 85 48 62 83 80 61 34 51 56 62 48 49 39 98 45 67 55 35 39 97 25 0 
0 1000
3797 4005
1537 2253
1445 1452
1606 2209
395 533
333 354
1762 1871
2012 2113
995 1468
3415 4398
2270 3107
1856 2537
2611 3334
2697 2809
516 858
4299 5129
2117 2547
2224 2912
1938 2562
4116 4226
3060 3335
1242 2114
2363 2877
1102 2019
1303 1585
764 889
3458 3815
640 1303
1908 2127
3240 3956
2922 3352
2776 3386
3132 3983
1382 2324
4006 4572
2057 2911
3323 3965
200 502
4207 4712
3010 3614
602 638
2526 2909
4338 4978
125 973
240 254
3904 3947
3706 3960
3560 4531
861 1327
60.48332543416689 2.286792070990107 84.9896460714159 88.25433808434248 76.55689525176187 29.75326439581776 31.548766581973375 11.945464227534952 27.977938082105304 2.0984888735459784 34.43500809404355 75.36054564754276 44.706637294746585 20.540386736230666 21.86636668568961 94.17373943426102 79.56044978353735 99.54858844244497 58.9862174147323 44.88586795390882 28.29189418640582 58.016744066632675 44.630488082442184 75.35028694632054 90.19888677303275 13.641444397886549 73.92956597105552 13.524366021496604 16.788390489580962 48.91173642080117 36.08020252686154 15.694340945669838 24.254884643603525 36.6944489594548 65.68015334420456 81.70885978693929 53.79265896820027 36.949674138809584 60.9634567322953 49.51990181539584 58.388377640805714 9.562954331420691 64.22697568135295 55.48825280955994 51.907979438412056 68.26461611539615 88.69949812623983 15.2158576005467 71.92552679178327 96.94842073374397 
39.80703691819723 62.78845792591491 33.26958748043288 75.13962095451609 70.6998998486288 42.28635374670991 62.97727154597032 92.51806182158498 18.533871603530816 16.082063293493242 38.49602868136254 9.92237562728796 90.5833494285724 10.245998209142126 20.806976396164423 96.81674484578015 89.42808731575086 48.09023732141443 50.72432110911764 22.633460395912596 81.67448200705553 74.4410051702114 64.83360175195268 10.104914611011463 62.62660694023702 18.164968331454357 3.809396134810783 41.109457754149425 74.14394157181306 43.82973465271706 55.93088706007515 61.47418890924664 13.581131552670556 35.099849319097466 33.26296038235949 94.87097652668206 10.063205321374602 32.652368879933846 14.42593739231116 56.731073931701005 39.01691519084244 91.00461763074075 77.99885893264286 99.52698991037218 14.575623482249856 27.117051801491776 84.0334796962553 98.69208897224891 45.4849214940795 46.411958892406744 