50
0 92 54 82 34 77 21 69 83 68 60 31 88 101 81 46 20 55 91 14 43 26 72 96 41 69 64 48 28 30 26 19 79 44 60 46 64 89 81 32 31 55 75 33 70 49 33 60 72 64 
92 0 71 60 58 15 73 32 17 48 59 95 63 28 15 52 106 61 30 80 88 76 38 14 59 25 39 49 64 112 74 83 24 59 58 54 65 12 12 70 65 39 46 83 23 55 97 42 20 35 
54 71 0 98 43 59 53 68 72 80 80 34 104 64 69 59 74 10 53 53 21 28 76 67 60 47 70 29 46 84 30 36 74 19 14 24 11 61 65 24 30 38 85 75 51 67 35 67 53 37 
82 60 98 0 59 55 62 34 44 19 22 103 6 87 47 41 85 90 85 68 105 84 25 74 43 62 29 70 60 85 81 86 37 79 91 75 100 69 52 82 74 62 16 53 58 34 105 31 57 69 
34 58 43 59 0 43 17 37 49 41 39 45 65 69 47 18 50 37 60 22 46 25 42 63 18 36 34 20 7 57 22 29 46 24 40 22 48 55 47 23 15 22 48 36 36 25 47 31 38 32 
77 15 59 55 43 0 59 23 14 40 49 81 59 33 10 39 92 49 30 65 75 61 31 22 45 13 30 35 49 98 60 69 20 46 47 40 55 15 6 56 50 24 40 70 9 43 83 31 6 22 
21 73 53 62 17 59 0 48 62 47 40 43 68 85 61 25 34 50 77 7 49 27 50 79 19 52 43 35 10 40 25 26 58 36 54 36 60 71 62 29 23 39 54 22 52 28 45 39 54 49 
69 32 68 34 37 23 48 0 16 17 27 81 39 56 17 24 80 59 52 55 79 60 9 44 30 28 8 40 41 84 58 66 11 51 59 45 68 37 21 57 49 30 18 53 25 24 83 10 23 36 
83 17 72 44 49 14 62 16 0 31 43 91 47 44 4 39 95 62 43 69 86 70 22 30 46 26 24 46 54 100 69 77 7 57 61 51 69 25 9 66 59 35 29 70 22 40 93 27 19 36 
68 48 80 19 41 40 47 17 31 0 12 86 25 73 33 23 75 72 69 54 87 66 10 60 27 45 11 51 43 77 64 69 24 61 72 56 81 54 38 64 56 43 7 44 41 18 88 13 40 51 
60 59 80 22 39 49 40 27 43 12 0 82 28 82 44 21 64 73 78 46 85 63 22 70 22 52 19 53 39 66 60 64 36 61 75 57 83 64 48 62 53 47 19 33 49 14 84 18 48 56 
31 95 34 103 45 81 43 81 91 86 82 0 110 95 88 63 49 41 85 39 15 21 87 95 60 70 80 46 43 58 23 18 90 36 46 42 46 88 86 25 32 57 93 63 73 69 2 76 75 61 
88 63 104 6 65 59 68 39 47 25 28 110 0 90 50 47 91 96 89 74 111 90 30 77 49 67 35 76 66 91 87 92 40 85 97 81 105 72 55 88 80 67 20 59 63 41 111 37 61 74 
101 28 64 87 69 33 85 56 44 73 82 95 90 0 40 70 118 55 10 91 84 79 64 14 76 34 63 53 75 126 78 87 51 59 50 55 55 18 35 73 70 46 72 101 35 75 96 64 34 37 
81 15 69 47 47 10 61 17 4 33 44 88 50 40 0 38 94 59 39 68 83 68 24 27 45 22 25 43 52 99 66 74 10 54 57 48 65 22 5 63 56 32 32 70 18 40 90 27 15 32 
46 52 59 41 18 39 25 24 39 23 21 63 47 70 38 0 56 52 64 32 64 43 26 61 7 37 19 32 20 61 40 46 34 40 54 36 63 53 40 41 33 28 30 32 35 8 65 14 36 38 
20 106 74 85 50 92 34 80 95 75 64 49 91 118 94 56 0 75 109 28 62 46 81 112 50 85 74 66 43 10 45 39 91 63 80 65 84 105 95 51 50 72 82 32 86 57 50 70 88 81 
55 61 10 90 37 49 50 59 62 72 73 41 96 55 59 52 75 0 45 51 29 29 68 57 54 37 62 20 41 85 30 38 64 14 5 16 11 52 55 24 27 29 76 72 41 60 42 59 44 27 
91 30 53 85 60 30 77 52 43 69 78 85 89 10 39 64 109 45 0 82 74 69 61 18 69 27 59 43 67 117 68 78 49 50 40 46 45 18 34 63 61 38 70 94 29 69 86 59 29 28 
14 80 53 68 22 65 7 55 69 54 46 39 74 91 68 32 28 51 82 0 47 26 58 85 27 58 50 40 16 35 24 22 65 38 56 39 62 77 68 29 25 44 61 24 58 35 41 46 60 54 
43 88 21 105 46 75 49 79 86 87 85 15 111 84 83 64 62 29 74 47 0 22 86 86 63 63 79 40 46 72 25 25 87 30 34 35 32 80 81 23 31 51 93 71 66 71 15 75 69 53 
26 76 28 84 25 61 27 60 70 66 63 21 90 79 68 43 46 29 69 26 22 0 66 77 41 51 59 27 24 56 2 9 69 19 34 23 38 70 66 6 11 37 73 49 53 49 23 55 56 43 
72 38 76 25 42 31 50 9 22 10 22 87 30 64 24 26 81 68 61 58 86 66 0 51 31 38 7 48 45 84 64 71 14 58 68 53 77 45 28 63 55 39 9 52 34 23 89 12 32 45 
96 14 67 74 63 22 79 44 30 60 70 95 77 14 27 61 112 57 18 85 86 77 51 0 67 27 51 50 69 119 76 85 37 59 53 54 59 8 23 71 67 41 59 92 27 65 96 53 25 34 
41 59 60 43 18 45 19 30 46 27 22 60 49 76 45 7 50 54 69 27 63 41 31 67 0 42 24 35 17 54 38 43 41 41 57 38 65 60 47 40 32 33 34 25 41 9 62 20 42 43 
69 25 47 62 36 13 52 28 26 45 52 70 67 34 22 37 85 37 27 58 63 51 38 27 42 0 34 24 42 92 49 58 30 34 35 28 43 20 19 45 40 14 47 67 4 42 71 34 7 10 
64 39 70 29 34 30 43 8 24 11 19 80 35 63 25 19 74 62 59 50 79 59 7 51 24 34 0 41 38 78 57 63 17 51 62 46 71 45 29 56 48 33 15 46 30 17 81 4 30 40 
48 49 29 70 20 35 35 40 46 51 53 46 76 53 43 32 66 20 43 40 40 27 48 50 35 24 41 0 26 75 26 35 46 11 22 5 30 43 40 22 18 11 56 56 26 40 48 39 29 16 
28 64 46 60 7 49 10 41 54 43 39 43 66 75 52 20 43 41 67 16 46 24 45 69 17 42 38 26 0 50 21 26 51 28 45 27 52 62 53 24 16 29 50 30 43 26 45 34 44 39 
30 112 84 85 57 98 40 84 100 77 66 58 91 126 99 61 10 85 117 35 72 56 84 119 54 92 78 75 50 0 55 48 95 72 89 74 94 111 101 61 59 79 84 33 92 61 59 74 94 89 
26 74 30 81 22 60 25 58 69 64 60 23 87 78 66 40 45 30 68 24 25 2 64 76 38 49 57 26 21 55 0 9 67 19 35 23 39 69 65 6 9 36 70 47 51 47 25 53 54 42 
19 83 36 86 29 69 26 66 77 69 64 18 92 87 74 46 39 38 78 22 25 9 71 85 43 58 63 35 26 48 9 0 75 28 43 32 46 78 73 15 18 45 76 46 60 52 19 59 63 51 
79 24 74 37 46 20 58 11 7 24 36 90 40 51 10 34 91 64 49 65 87 69 14 37 41 30 17 46 51 95 67 75 0 57 63 52 72 32 15 65 58 36 22 64 25 35 92 21 23 39 
44 59 19 79 24 46 36 51 57 61 61 36 85 59 54 40 63 14 50 38 30 19 58 59 41 34 51 11 28 72 19 28 57 0 18 6 24 52 51 13 14 22 66 58 37 47 38 48 40 25 
60 58 14 91 40 47 54 59 61 72 75 46 97 50 57 54 80 5 40 56 34 34 68 53 57 35 62 22 45 89 35 43 63 18 0 19 9 48 53 29 31 29 76 75 39 62 47 60 42 25 
46 54 24 75 22 40 36 45 51 56 57 42 81 55 48 36 65 16 46 39 35 23 53 54 38 28 46 5 27 74 23 32 52 6 19 0 27 47 46 18 15 16 61 57 31 44 43 44 34 20 
64 65 11 100 48 55 60 68 69 81 83 46 105 55 65 63 84 11 45 62 32 38 77 59 65 43 71 30 52 94 39 46 72 24 9 27 0 55 61 33 37 38 85 82 47 70 46 68 50 33 
89 12 61 69 55 15 71 37 25 54 64 88 72 18 22 53 105 52 18 77 80 70 45 8 60 20 45 43 62 111 69 78 32 52 48 47 55 0 17 64 60 34 54 85 19 58 90 46 18 27 
81 12 65 52 47 6 62 21 9 38 48 86 55 35 5 40 95 55 34 68 81 66 28 23 47 19 29 40 53 101 65 73 15 51 53 46 61 17 0 61 55 30 37 72 15 43 88 30 12 28 
32 70 24 82 23 56 29 57 66 64 62 25 88 73 63 41 51 24 63 29 23 6 63 71 40 45 56 22 24 61 6 15 65 13 29 18 33 64 61 0 8 32 70 51 48 48 27 52 50 37 
31 65 30 74 15 50 23 49 59 56 53 32 80 70 56 33 50 27 61 25 31 11 55 67 32 40 48 18 16 59 9 18 58 14 31 15 37 60 55 8 0 26 62 45 42 40 34 44 45 33 
55 39 38 62 22 24 39 30 35 43 47 57 67 46 32 28 72 29 38 44 51 37 39 41 33 14 33 11 29 79 36 45 36 22 29 16 38 34 30 32 26 0 47 56 16 35 59 31 18 10 
75 46 85 16 48 40 54 18 29 7 19 93 20 72 32 30 82 76 70 61 93 73 9 59 34 47 15 56 50 84 70 76 22 66 76 61 85 54 37 70 62 47 0 52 43 26 95 18 41 54 
33 83 75 53 36 70 22 53 70 44 33 63 59 101 70 32 32 72 94 24 71 49 52 92 25 67 46 56 30 33 47 46 64 58 75 57 82 85 72 51 45 56 52 0 66 29 64 43 67 67 
70 23 51 58 36 9 52 25 22 41 49 73 63 35 18 35 86 41 29 58 66 53 34 27 41 4 30 26 43 92 51 60 25 37 39 31 47 19 15 48 42 16 43 66 0 40 74 30 3 14 
49 55 67 34 25 43 28 24 40 18 14 69 41 75 40 8 57 60 69 35 71 49 23 65 9 42 17 40 26 61 47 52 35 47 62 44 70 58 43 48 40 35 26 29 40 0 71 14 40 45 
33 97 35 105 47 83 45 83 93 88 84 2 111 96 90 65 50 42 86 41 15 23 89 96 62 71 81 48 45 59 25 19 92 38 47 43 46 90 88 27 34 59 95 64 74 71 0 78 77 63 
60 42 67 31 31 31 39 10 27 13 18 76 37 64 27 14 70 59 59 46 75 55 12 53 20 34 4 39 34 74 53 59 21 48 60 44 68 46 30 52 44 31 18 43 30 14 78 0 30 39 
72 20 53 57 38 6 54 23 19 40 48 75 61 34 15 36 88 44 29 60 69 56 32 25 42 7 30 29 44 94 54 63 23 40 42 34 50 18 12 50 45 18 41 67 3 40 77 30 0 17 
64 35 37 69 32 22 49 36 36 51 56 61 74 37 32 38 81 27 28 54 53 43 45 34 43 10 40 16 39 89 42 51 39 25 25 20 33 27 28 37 33 10 54 67 14 45 63 39 17 0 
0 1000
247 885
3519 3881
3776 3899
2122 3090
1129 1352
673 1210
4416 5177
3903 4490
3046 3740
888 1512
1596 2154
3679 4495
782 1278
4073 4287
2877 3303
4290 4596
2342 2539
4644 4902
2537 3057
3135 3158
2677 3274
1768 2471
591 1050
2604 3479
1495 1917
4823 5524
1065 1847
979 1921
1320 2234
2476 2822
2497 2738
2949 3073
1950 2589
4539 4799
2231 3008
4752 5377
3281 3919
2818 2844
78 677
1884 2595
1727 2403
3397 4018
402 502
2422 3335
3005 3237
2062 2906
4025 4741
4108 4797
1222 1774
34.19170834464048 65.23193499979534 85.41014319334275 6.06872225183176 45.189976547254886 61.08677055451507 32.77736652754596 38.893237345020246 49.50281902374656 21.867712699867493 14.78025922447771 64.25508274260758 2.6465031215816004 93.02263563154206 52.70204648631436 32.837109732577915 15.715546716620777 82.08821004443966 91.00984855997673 32.52219758790408 76.95670357072552 57.91371990934001 30.304288373805456 79.29565099148752 29.249342153567113 66.36089580960075 32.57235453192075 64.2443262845698 40.59273355654736 5.779603635204234 56.20861801501271 52.37979544791143 42.593836770505554 68.36856512212735 85.36883416400478 66.78134670566848 92.68506381721905 74.75511434372906 57.89412253681998 61.248659524542326 55.705197535837584 60.95354035615431 21.446832710165566 10.429806842848944 62.943770257200896 25.79243590146185 65.15667987025526 32.83659907179596 62.047840855038075 70.55777107016743 
12.54154819143265 99.04613514836045 31.032734737834556 89.32887257670691 44.89893781205048 85.02284759493396 33.75889288253768 81.12990825656178 93.7013377496811 79.04732557164192 69.12400467496617 3.8332123820487674 94.54095970455666 94.15872022962176 91.22625122280748 58.404527187198894 4.7624641423150145 40.40846171272133 84.13054419847214 26.53182555821727 11.784556085503073 23.715537735528635 84.02166329264311 97.49986839225198 52.91202608062158 73.61423462947701 76.92385371160117 50.18423485161513 40.16134889886742 3.853678798382454 25.440491850113734 16.929195227981563 91.23703503794543 40.007091639757405 44.57706041580604 45.445992934367794 39.61437976500082 91.4104283923499 90.09619592666883 28.824009834524457 34.81498372122076 60.65616455119278 86.38477424844304 36.056492784875395 76.32208782673051 61.06705394041452 2.2908714502601124 72.78980803825236 79.10831022623654 64.62260469032469 