50
0 47 54 61 70 29 85 67 29 54 89 74 38 27 41 67 48 89 37 38 61 55 20 78 100 25 29 25 90 35 64 69 37 36 60 76 86 54 34 51 29 11 45 67 37 69 25 70 26 19 
47 0 13 31 33 45 41 22 57 11 48 38 47 60 52 23 3 43 65 39 49 21 33 38 61 34 38 51 49 16 42 40 20 57 44 42 45 59 43 70 55 53 18 22 64 28 48 25 24 46 
54 13 0 18 41 58 44 27 68 3 54 25 60 71 48 30 11 35 64 52 39 33 37 25 49 46 51 52 54 19 31 26 19 56 33 51 51 52 41 66 66 62 32 28 63 36 48 30 35 48 
61 31 18 0 59 72 59 44 81 21 69 13 75 83 42 47 29 38 61 68 23 52 42 20 40 60 65 51 70 29 13 9 25 51 18 69 67 41 37 58 79 71 49 45 59 53 48 46 48 50 
70 33 41 59 0 53 19 17 66 39 19 61 49 72 84 12 34 49 96 41 80 15 62 56 75 48 48 81 20 48 72 66 52 89 75 10 16 91 75 102 64 71 25 15 95 6 78 16 44 75 
29 45 58 72 53 0 71 58 13 56 72 82 9 18 66 55 48 88 66 13 80 40 39 83 106 12 7 53 74 43 79 80 48 64 77 57 69 78 57 79 10 24 32 56 66 55 51 60 24 46 
85 41 44 59 19 71 0 18 84 42 11 57 67 89 92 18 41 36 106 59 82 31 73 49 64 64 65 92 11 57 72 64 60 98 76 22 10 96 83 110 82 87 40 18 105 16 88 15 59 86 
67 22 27 44 17 58 18 0 71 24 27 44 56 75 73 5 22 33 87 47 65 19 55 39 59 49 51 74 27 38 56 50 41 79 60 26 24 79 65 91 68 71 25 2 86 11 70 3 42 68 
29 57 68 81 66 13 84 71 0 67 85 92 19 6 69 68 59 100 65 25 86 53 44 94 117 23 19 54 86 52 87 90 56 65 84 69 82 82 62 80 3 20 45 69 66 68 53 73 34 47 
54 11 3 21 39 56 42 24 67 0 51 27 57 70 50 27 9 35 66 50 41 30 37 27 50 44 49 53 52 19 33 29 20 57 36 48 48 55 42 68 65 61 29 25 65 33 49 27 33 49 
89 48 54 69 19 72 11 27 85 51 0 68 67 91 100 25 49 47 113 60 92 34 80 60 75 67 67 99 1 64 82 75 68 105 86 17 3 106 91 118 82 91 44 26 112 20 95 24 63 93 
74 38 25 13 61 82 57 44 92 27 68 0 85 94 54 49 36 29 73 77 32 57 55 9 27 70 75 64 68 41 20 10 37 63 27 71 66 52 50 69 90 83 56 46 72 55 61 46 59 63 
38 47 60 75 49 9 67 56 19 57 67 85 0 25 73 52 49 87 74 8 85 37 46 84 107 17 11 61 68 47 83 84 52 72 82 51 64 85 65 87 16 33 31 54 74 52 59 57 28 54 
27 60 71 83 72 18 89 75 6 70 91 94 25 0 67 73 62 104 62 31 86 58 44 96 120 27 24 52 92 54 88 91 58 63 85 75 87 81 61 77 8 17 50 74 63 73 52 77 37 46 
41 52 48 42 84 66 92 73 69 50 100 54 73 67 0 75 51 79 19 70 27 71 28 62 79 56 62 17 101 37 36 45 32 10 29 93 97 13 10 18 69 51 63 74 18 80 16 76 48 22 
67 23 30 47 12 55 18 5 68 27 25 49 52 73 75 0 24 38 88 44 69 15 55 43 63 47 49 74 25 39 60 54 43 81 63 22 22 81 66 93 66 70 23 3 87 6 71 5 41 68 
48 3 11 29 34 48 41 22 59 9 49 36 49 62 51 24 0 42 65 41 47 23 33 35 59 36 41 51 50 16 40 37 19 57 42 44 46 57 42 69 57 54 21 23 64 29 48 25 26 46 
89 43 35 38 49 88 36 33 100 35 47 29 87 104 79 38 42 0 97 79 60 52 72 19 28 77 81 86 47 54 49 39 54 88 55 56 46 79 73 96 98 96 56 36 96 42 83 33 67 83 
37 65 64 61 96 66 106 87 65 66 113 73 74 62 19 88 65 97 0 73 46 81 34 81 98 59 64 15 114 49 55 64 46 10 49 104 110 28 24 16 66 46 73 88 2 93 18 90 54 22 
38 39 52 68 41 13 59 47 25 50 60 77 8 31 70 44 41 79 73 0 79 29 42 76 99 14 10 59 61 40 77 76 46 70 76 44 57 81 61 85 23 35 23 46 73 44 57 49 22 51 
61 49 39 23 80 80 82 65 86 41 92 32 85 86 27 69 47 60 46 79 0 70 43 41 54 68 74 42 92 39 12 21 33 37 6 90 89 21 28 39 85 71 65 67 45 75 40 68 57 44 
55 21 33 52 15 40 31 19 53 30 34 57 37 58 71 15 23 52 81 29 70 0 47 53 75 33 34 67 35 34 64 60 39 75 65 23 31 79 61 89 50 56 9 17 80 15 63 20 29 60 
20 33 37 42 62 39 73 55 44 37 80 55 46 44 28 55 33 72 34 42 43 47 0 59 81 28 34 20 81 18 45 49 18 28 41 70 76 40 19 43 43 29 39 55 33 60 16 58 21 13 
78 38 25 20 56 83 49 39 94 27 60 9 84 96 62 43 35 19 81 76 41 53 59 0 23 71 76 71 60 43 29 19 41 71 36 65 58 60 57 78 92 86 55 41 79 49 67 40 60 69 
100 61 49 40 75 106 64 59 117 50 75 27 107 120 79 63 59 28 98 99 54 75 81 23 0 94 99 91 74 66 43 34 63 89 50 83 74 74 76 92 115 109 77 61 97 68 87 59 83 89 
25 34 46 60 48 12 64 49 23 44 67 70 17 27 56 47 36 77 59 14 68 33 28 71 94 0 6 45 68 31 67 68 36 56 65 53 64 68 47 71 21 24 24 48 59 48 43 51 11 37 
29 38 51 65 48 7 65 51 19 49 67 75 11 24 62 49 41 81 64 10 74 34 34 76 99 6 0 50 68 36 73 74 42 61 71 52 64 74 53 76 17 25 26 50 64 49 48 53 17 43 
25 51 52 51 81 53 92 74 54 53 99 64 61 52 17 74 51 86 15 59 42 67 20 71 91 45 50 0 100 35 49 57 33 11 43 90 96 30 15 26 54 35 58 74 14 79 4 77 40 8 
90 49 54 70 20 74 11 27 86 52 1 68 68 92 101 25 50 47 114 61 92 35 81 60 74 68 68 100 0 65 82 75 68 106 86 18 5 106 92 119 84 92 45 27 113 21 96 24 64 93 
35 16 19 29 48 43 57 38 52 19 64 41 47 54 37 39 16 54 49 40 39 34 18 43 66 31 36 35 65 0 37 38 6 41 35 57 61 45 27 55 50 43 28 38 48 44 32 41 19 30 
64 42 31 13 72 79 72 56 87 33 82 20 83 88 36 60 40 49 55 77 12 64 45 29 43 67 73 49 82 37 0 10 31 46 7 82 80 32 34 50 86 74 60 58 54 66 46 59 56 50 
69 40 26 9 66 80 64 50 90 29 75 10 84 91 45 54 37 39 64 76 21 60 49 19 34 68 74 57 75 38 10 0 33 54 17 76 73 42 42 59 88 78 58 52 63 60 53 52 57 56 
37 20 19 25 52 48 60 41 56 20 68 37 52 58 32 43 19 54 46 46 33 39 18 41 63 36 42 33 68 6 31 33 0 38 30 61 64 40 23 51 55 46 33 42 45 48 30 44 24 29 
36 57 56 51 89 64 98 79 65 57 105 63 72 63 10 81 57 88 10 70 37 75 28 71 89 56 61 11 106 41 46 54 38 0 39 97 102 21 15 15 65 47 67 80 8 85 13 82 49 19 
60 44 33 18 75 77 76 60 84 36 86 27 82 85 29 63 42 55 49 76 6 65 41 36 50 65 71 43 86 35 7 17 30 39 0 84 84 25 28 43 83 70 61 61 47 69 40 62 54 44 
76 42 51 69 10 57 22 26 69 48 17 71 51 75 93 22 44 56 104 44 90 23 70 65 83 53 52 90 18 57 82 76 61 97 84 0 15 101 84 111 67 77 32 24 103 16 86 25 51 83 
86 45 51 67 16 69 10 24 82 48 3 66 64 87 97 22 46 46 110 57 89 31 76 58 74 64 64 96 5 61 80 73 64 102 84 15 0 103 88 115 79 87 40 23 109 17 92 21 60 89 
54 59 52 41 91 78 96 79 82 55 106 52 85 81 13 81 57 79 28 81 21 79 40 60 74 68 74 30 106 45 32 42 40 21 25 101 103 0 21 18 81 64 72 80 27 87 29 82 59 35 
34 43 41 37 75 57 83 65 62 42 91 50 65 61 10 66 42 73 24 61 28 61 19 57 76 47 53 15 92 27 34 42 23 15 28 84 88 21 0 27 61 45 54 65 23 71 12 68 39 16 
51 70 66 58 102 79 110 91 80 68 118 69 87 77 18 93 69 96 16 85 39 89 43 78 92 71 76 26 119 55 50 59 51 15 43 111 115 18 27 0 80 61 81 92 15 99 28 94 64 34 
29 55 66 79 64 10 82 68 3 65 82 90 16 8 69 66 57 98 66 23 85 50 43 92 115 21 17 54 84 50 86 88 55 65 83 67 79 81 61 80 0 20 43 67 66 66 53 70 32 47 
11 53 62 71 71 24 87 71 20 61 91 83 33 17 51 70 54 96 46 35 71 56 29 86 109 24 25 35 92 43 74 78 46 47 70 77 87 64 45 61 20 0 47 70 46 72 35 74 29 29 
45 18 32 49 25 32 40 25 45 29 44 56 31 50 63 23 21 56 73 23 65 9 39 55 77 24 26 58 45 28 60 58 33 67 61 32 40 72 54 81 43 47 0 24 72 24 55 27 20 51 
67 22 28 45 15 56 18 2 69 25 26 46 54 74 74 3 23 36 88 46 67 17 55 41 61 48 50 74 27 38 58 52 42 80 61 24 23 80 65 92 67 70 24 0 87 9 70 3 41 68 
37 64 63 59 95 66 105 86 66 65 112 72 74 63 18 87 64 96 2 73 45 80 33 79 97 59 64 14 113 48 54 63 45 8 47 103 109 27 23 15 66 46 72 87 0 92 17 89 54 21 
69 28 36 53 6 55 16 11 68 33 20 55 52 73 80 6 29 42 93 44 75 15 60 49 68 48 49 79 21 44 66 60 48 85 69 16 17 87 71 99 66 72 24 9 92 0 75 9 43 72 
25 48 48 48 78 51 88 70 53 49 95 61 59 52 16 71 48 83 18 57 40 63 16 67 87 43 48 4 96 32 46 53 30 13 40 86 92 29 12 28 53 35 55 70 17 75 0 73 37 6 
70 25 30 46 16 60 15 3 73 27 24 46 57 77 76 5 25 33 90 49 68 20 58 40 59 51 53 77 24 41 59 52 44 82 62 25 21 82 68 94 70 74 27 3 89 9 73 0 44 71 
26 24 35 48 44 24 59 42 34 33 63 59 28 37 48 41 26 67 54 22 57 29 21 60 83 11 17 40 64 19 56 57 24 49 54 51 60 59 39 64 32 29 20 41 54 43 37 44 0 32 
19 46 48 50 75 46 86 68 47 49 93 63 54 46 22 68 46 83 22 51 44 60 13 69 89 37 43 8 93 30 50 56 29 19 44 83 89 35 16 34 47 29 51 68 21 72 6 71 32 0 
0 1000
4743 5115
2121 3077
2180 2682
1624 2067
3034 4017
4233 4298
2310 2724
416 695
3309 3314
4138 5033
669 966
90 663
3405 3954
2728 3032
4457 5198
2402 3195
3893 4556
1214 1642
1057 1623
4959 5662
531 661
2519 2543
1378 1707
1534 2031
1976 2741
1744 2012
3254 4146
255 825
2943 3181
3994 4587
715 1659
5032 5314
808 1175
1471 1484
3678 3855
960 1008
3208 3396
4319 5251
3536 4432
2591 2800
152 536
2279 3125
2860 3401
4607 5064
3762 4107
1872 2682
4800 5734
4064 4087
5089 5999
89.4010676465037 42.41606625064905 37.95955488588003 39.30037668046458 22.673207852534606 75.84886549204043 5.807446920881132 22.152255006645582 88.4187225127597 37.49636489731215 3.5132388994443153 26.859484552150604 70.01822033548927 94.02981286994535 80.91059867107421 23.411858982651722 41.525159297912055 3.256101736739403 99.85056655457996 63.29875329026011 56.37984885328893 37.01167724290811 74.4950972904941 19.280815966090316 2.7519155650180704 69.94064215133 70.66313241911783 89.58016270756653 2.3192905498027105 56.569958873140436 45.63476685871477 36.221045413128685 56.92662241409282 90.10877825491936 52.51335554560919 19.296603378360167 6.823501934266385 76.89133427839394 75.97989105135238 95.01042527731478 85.85412436427153 93.13065073682316 45.97754429065797 22.888391567007282 98.3721930026422 21.72147120238873 85.85455564047253 19.598911688547773 64.01535135668773 86.0144069295671 
54.13861602285566 49.50455408764483 36.817975471286445 18.487109736795848 75.33742468930087 80.17011171062354 66.9139208858398 58.478209624053655 83.11117364741126 39.637864906473 77.76154282738852 14.339021989683232 86.99506951605306 80.62988331739437 14.507164840372955 63.051805185153086 47.123555235253136 30.833609159180774 18.73059646511782 81.90495023212443 2.977886276942543 70.07983370873214 41.47620957224344 19.832039446227522 3.250393364840365 69.53007714773231 75.66038762290934 29.044496821547348 77.35013346050165 42.03239185605916 7.153549748796484 10.380858674776272 36.35976468564889 17.683173928561157 6.932591982552772 84.5549829615015 76.85521710166637 1.903209104852921 22.713670841854196 3.1592105945616122 82.86410892325854 64.12376037634573 67.43947453155843 60.506967648901735 18.216057609355218 68.98186226182145 29.777858389588165 59.987901440859225 59.69557867538896 35.79614463787334 