50
0 71 93 13 40 14 74 59 56 12 83 92 53 41 13 98 94 110 31 72 16 77 108 63 57 22 28 52 59 55 23 76 43 101 58 90 75 84 12 62 50 61 18 57 32 38 61 47 75 79 
71 0 75 69 85 84 49 51 19 83 109 87 42 78 63 69 63 69 41 107 55 37 73 60 48 93 83 49 17 54 54 81 31 63 13 53 49 40 81 12 31 18 67 14 80 77 12 24 29 81 
93 75 0 81 69 95 27 35 63 99 56 17 45 61 80 14 17 32 72 66 85 39 24 30 38 108 79 42 63 38 71 27 66 25 73 27 27 38 93 67 56 61 76 74 72 64 80 74 46 24 
13 69 81 0 28 16 65 48 53 18 70 79 44 28 7 87 83 101 28 59 19 69 98 51 47 28 17 42 55 44 16 63 39 91 57 81 65 76 13 59 44 56 5 55 20 25 61 46 68 66 
40 85 69 28 0 33 63 46 67 38 44 62 48 9 33 79 77 96 48 32 46 72 91 44 46 44 14 43 69 41 36 45 55 86 74 79 62 78 33 74 55 69 25 73 8 8 80 65 73 49 
14 84 95 16 33 0 80 64 68 5 77 92 60 38 21 102 99 116 42 64 30 85 113 66 62 13 20 58 70 59 32 75 54 107 71 97 80 92 3 74 60 72 21 69 26 34 74 60 84 78 
74 49 27 65 63 80 0 17 36 82 68 39 22 53 62 25 20 36 48 71 64 14 34 20 18 93 68 23 36 22 51 37 41 26 46 17 1 17 78 40 31 34 59 47 62 55 53 47 20 35 
59 51 35 48 46 64 17 0 34 66 58 40 11 37 46 39 35 52 37 59 50 27 49 9 3 76 51 7 35 5 37 31 32 43 44 34 17 32 61 40 24 34 43 45 45 38 52 42 29 31 
56 19 63 53 67 68 36 34 0 68 91 73 24 59 47 60 55 65 25 89 41 29 67 43 31 78 65 31 3 37 36 65 14 57 10 46 37 35 65 7 12 5 49 11 62 58 18 13 23 65 
12 83 99 18 38 5 82 66 68 0 81 95 62 42 22 105 101 118 42 68 28 87 116 69 65 11 24 60 70 62 33 79 54 109 70 99 82 93 6 74 60 72 23 69 31 38 73 59 85 82 
83 109 56 70 44 77 68 58 91 81 0 40 67 42 74 70 71 88 82 16 86 81 81 50 61 86 57 60 92 54 73 31 84 81 100 79 67 85 76 98 79 91 67 100 51 46 108 95 86 34 
92 87 17 79 62 92 39 40 73 95 40 0 51 55 79 31 34 49 76 52 87 52 41 32 44 104 74 46 73 40 72 17 72 42 83 44 38 53 90 78 64 71 74 84 66 58 91 82 59 13 
53 42 45 44 48 60 22 11 24 62 67 51 0 39 40 46 41 57 27 66 42 26 56 19 7 72 51 7 25 13 30 41 21 48 33 37 22 32 57 30 13 24 39 34 45 40 41 31 25 42 
41 78 61 28 9 38 53 37 59 42 42 55 39 0 32 70 68 87 42 33 43 63 82 34 37 49 19 34 61 31 32 38 48 77 66 69 53 69 36 66 47 61 24 66 12 4 73 58 64 41 
13 63 80 7 33 21 62 46 47 22 74 79 40 32 0 85 81 98 21 64 13 65 95 50 44 33 24 39 49 42 11 64 33 88 50 78 62 72 18 53 39 50 8 49 25 28 54 39 63 66 
98 69 14 87 79 102 25 39 60 105 70 31 46 70 85 0 6 18 73 79 88 32 12 36 41 115 88 46 59 43 75 40 66 11 69 17 25 29 100 62 55 57 81 70 81 73 76 72 39 37 
94 63 17 83 77 99 20 35 55 101 71 34 41 68 81 6 0 19 68 79 83 26 15 33 37 111 85 41 53 39 71 40 60 10 63 11 20 24 96 57 50 51 78 65 78 70 70 66 34 37 
110 69 32 101 96 116 36 52 65 118 88 49 57 87 98 18 19 0 83 97 99 36 9 52 54 129 103 59 63 57 87 58 74 10 72 20 36 30 114 65 64 61 95 74 97 89 78 78 42 55 
31 41 72 28 48 42 48 37 25 42 82 76 27 42 21 73 68 83 0 75 16 48 82 44 33 53 43 30 28 35 13 63 12 74 29 63 49 55 40 31 20 30 26 27 41 40 33 18 44 64 
72 107 66 59 32 64 71 59 89 68 16 52 66 33 64 79 79 97 75 0 76 84 90 52 61 72 44 59 90 54 65 39 80 89 97 85 71 89 63 96 77 90 56 97 40 36 104 90 88 42 
16 55 85 19 46 30 64 50 41 28 86 87 42 43 13 88 83 99 16 76 0 64 98 56 47 38 36 43 44 47 14 72 28 90 42 79 64 71 27 46 36 45 20 41 38 40 45 31 61 74 
77 37 39 69 72 85 14 27 29 87 81 52 26 63 65 32 26 36 48 84 64 0 37 32 26 97 76 30 28 32 54 51 38 28 37 17 14 7 82 31 28 26 64 39 70 64 44 42 8 49 
108 73 24 98 91 113 34 49 67 116 81 41 56 82 95 12 15 9 82 90 98 37 0 48 51 126 99 56 65 54 85 51 74 10 74 21 34 33 111 68 64 63 92 76 92 84 81 79 44 48 
63 60 30 51 44 66 20 9 43 69 50 32 19 34 50 36 33 52 44 52 56 32 48 0 12 78 51 14 43 8 42 22 41 43 53 35 19 37 64 49 32 42 46 53 44 37 61 50 36 22 
57 48 38 47 46 62 18 3 31 65 61 44 7 37 44 41 37 54 33 61 47 26 51 12 0 75 51 5 31 7 34 34 29 44 41 35 18 32 60 37 20 31 41 41 45 38 49 38 28 34 
22 93 108 28 44 13 93 76 78 11 86 104 72 49 33 115 111 129 53 72 38 97 126 78 75 0 30 70 81 72 43 87 65 119 81 109 93 104 15 84 71 83 33 79 38 46 83 69 95 90 
28 83 79 17 14 20 68 51 65 24 57 74 51 19 24 88 85 103 43 44 36 76 99 51 51 30 0 47 67 46 30 57 52 94 71 85 68 82 19 72 55 68 17 70 7 16 76 60 76 60 
52 49 42 42 43 58 23 7 31 60 60 46 7 34 39 46 41 59 30 59 43 30 56 14 5 70 47 0 31 6 30 35 26 49 40 39 23 36 55 37 19 31 37 41 41 34 48 36 31 36 
59 17 63 55 69 70 36 35 3 70 92 73 25 61 49 59 53 63 28 90 44 28 65 43 31 81 67 31 0 38 39 65 16 56 10 44 36 33 67 6 14 2 52 12 64 60 18 15 21 65 
55 54 38 44 41 59 22 5 37 62 54 40 13 31 42 43 39 57 35 54 47 32 54 8 7 72 46 6 38 0 34 29 33 47 46 39 22 38 57 43 26 37 39 47 40 33 54 43 34 30 
23 54 71 16 36 32 51 37 36 33 73 72 30 32 11 75 71 87 13 65 14 54 85 42 34 43 30 30 39 34 0 58 23 78 41 67 52 61 29 43 28 40 13 40 29 29 46 30 52 60 
76 81 27 63 45 75 37 31 65 79 31 17 41 38 64 40 40 58 63 39 72 51 51 22 34 87 57 35 65 29 58 0 61 50 74 47 36 53 73 71 54 64 57 75 49 41 82 71 56 4 
43 31 66 39 55 54 41 32 14 54 84 72 21 48 33 66 60 74 12 80 28 38 74 41 29 65 52 26 16 33 23 61 0 65 19 54 41 44 51 20 10 18 36 18 49 47 25 10 33 62 
101 63 25 91 86 107 26 43 57 109 81 42 48 77 88 11 10 10 74 89 90 28 10 43 44 119 94 49 56 47 78 50 65 0 65 11 26 23 104 58 55 53 86 67 87 79 72 70 35 47 
58 13 73 57 74 71 46 44 10 70 100 83 33 66 50 69 63 72 29 97 42 37 74 53 41 81 71 40 10 46 41 74 19 65 0 54 46 42 68 7 21 12 54 2 68 65 8 11 30 75 
90 53 27 81 79 97 17 34 46 99 79 44 37 69 78 17 11 20 63 85 79 17 21 35 35 109 85 39 44 39 67 47 54 11 54 0 17 13 94 47 44 42 76 56 79 71 61 58 24 45 
75 49 27 65 62 80 1 17 37 82 67 38 22 53 62 25 20 36 49 71 64 14 34 19 18 93 68 23 36 22 52 36 41 26 46 17 0 18 78 40 31 34 59 48 62 55 54 48 21 34 
84 40 38 76 78 92 17 32 35 93 85 53 32 69 72 29 24 30 55 89 71 7 33 37 32 104 82 36 33 38 61 53 44 23 42 13 18 0 89 35 35 31 71 44 77 70 49 48 12 51 
12 81 93 13 33 3 78 61 65 6 76 90 57 36 18 100 96 114 40 63 27 82 111 64 60 15 19 55 67 57 29 73 51 104 68 94 78 89 0 71 57 69 18 66 25 32 71 57 81 76 
62 12 67 59 74 74 40 40 7 74 98 78 30 66 53 62 57 65 31 96 46 31 68 49 37 84 72 37 6 43 43 71 20 58 7 47 40 35 71 0 19 6 56 9 69 65 14 16 23 70 
50 31 56 44 55 60 31 24 12 60 79 64 13 47 39 55 50 64 20 77 36 28 64 32 20 71 55 19 14 26 28 54 10 55 21 44 31 35 57 19 0 14 40 21 51 47 29 18 25 55 
61 18 61 56 69 72 34 34 5 72 91 71 24 61 50 57 51 61 30 90 45 26 63 42 31 83 68 31 2 37 40 64 18 53 12 42 34 31 69 6 14 0 53 14 64 61 20 17 19 64 
18 67 76 5 25 21 59 43 49 23 67 74 39 24 8 81 78 95 26 56 20 64 92 46 41 33 17 37 52 39 13 57 36 86 54 76 59 71 18 56 40 53 0 53 18 21 59 44 63 60 
57 14 74 55 73 69 47 45 11 69 100 84 34 66 49 70 65 74 27 97 41 39 76 53 41 79 70 41 12 47 40 75 18 67 2 56 48 44 66 9 21 14 53 0 67 65 7 10 32 75 
32 80 72 20 8 26 62 45 62 31 51 66 45 12 25 81 78 97 41 40 38 70 92 44 45 38 7 41 64 40 29 49 49 87 68 79 62 77 25 69 51 64 18 67 0 8 74 59 71 53 
38 77 64 25 8 34 55 38 58 38 46 58 40 4 28 73 70 89 40 36 40 64 84 37 38 46 16 34 60 33 29 41 47 79 65 71 55 70 32 65 47 61 21 65 8 0 72 57 65 45 
61 12 80 61 80 74 53 52 18 73 108 91 41 73 54 76 70 78 33 104 45 44 81 61 49 83 76 48 18 54 46 82 25 72 8 61 54 49 71 14 29 20 59 7 74 72 0 15 37 83 
47 24 74 46 65 60 47 42 13 59 95 82 31 58 39 72 66 78 18 90 31 42 79 50 38 69 60 36 15 43 30 71 10 70 11 58 48 48 57 16 18 17 44 10 59 57 15 0 36 72 
75 29 46 68 73 84 20 29 23 85 86 59 25 64 63 39 34 42 44 88 61 8 44 36 28 95 76 31 21 34 52 56 33 35 30 24 21 12 81 23 25 19 63 32 71 65 37 36 0 55 
79 81 24 66 49 78 35 31 65 82 34 13 42 41 66 37 37 55 64 42 74 49 48 22 34 90 60 36 65 30 60 4 62 47 75 45 34 51 76 70 55 64 60 75 53 45 83 72 55 0 
0 1000
965 1512
2160 2422
2483 2888
3004 3873
4026 4297
2319 3116
227 811
3383 4231
3457 3600
1220 2091
2693 2738
735 795
4793 5022
1097 1621
1765 2430
3757 4726
2094 2959
1899 1941
591 606
2384 3007
4240 5138
4654 4965
4388 4465
3302 3498
3929 4847
1948 2069
123 691
3170 4090
4881 5364
4118 4803
494 1263
1567 1833
3588 3889
368 966
1304 2210
3255 3273
2234 3204
2890 3378
854 1323
2776 2965
4929 5650
1617 2279
4499 5131
1429 1583
3095 3885
3667 4408
1838 2453
4285 5196
2586 3497
69.47693365310299 0.6723497576575088 34.035472484981376 69.95061609895008 83.8722515754728 83.16568808876525 25.579445405439593 39.90880076642047 18.498334467997235 81.62816954273727 90.02975165692965 50.738476076424064 35.875804394087275 75.11287803564646 63.24739208466216 20.147867714738855 18.98482878868849 1.9569021269244757 41.99133256066484 96.67199395927896 53.657298630908144 13.409487187591473 10.039179125948339 45.20929021481807 38.70952524776985 90.9810330213581 83.50594720501445 41.71818240380368 16.33181041388456 45.12001613314448 54.204365970840875 59.10382848266511 31.629206310883383 9.244347955201903 13.422855337374584 12.033123184853977 25.985213275697795 8.436184915907452 80.33834574639097 11.555500599135815 29.21296801552098 15.490203350003629 67.38518014110116 14.516452403102754 79.91548321498021 75.39875572627535 9.194978542107169 24.112972744341555 10.904296964701388 55.97964212122225 
5.689090681105801 24.175419820449452 91.60797346003228 18.95423955443809 43.16948626894968 9.85634304271028 65.82831165906602 56.82570981216294 30.046732807070175 5.364863880835524 86.31152203485122 95.4856545365064 46.700279741615866 46.661059254331114 17.185019621063823 90.14190107653795 84.5995655146228 93.08048328974647 20.329299777116905 72.0488628826488 8.824327751059336 59.00379572163309 96.13298405264135 63.805246421354575 53.55969680093443 0.06103786456467253 29.586768035022192 50.05291854467766 31.434614692052577 55.52813901128055 23.09367470579864 80.60658323090988 25.62398461813098 86.56342303909409 21.867838744064827 75.5390434951191 66.21464622174756 63.54570783489726 10.808770740022478 28.432698320975668 35.54261992464335 33.52669572285223 23.744878795718094 20.039598001868995 36.10263683542224 42.87292558618112 15.04786185799718 18.388989011811685 51.827350271143935 83.08852437432411 