50
0 16 9 48 73 105 61 46 24 29 102 51 57 20 74 50 24 40 55 25 75 70 30 82 22 97 26 63 100 88 24 58 41 5 85 60 66 32 56 71 23 78 74 29 43 58 70 16 7 71 
16 0 8 60 89 121 68 55 34 39 117 67 64 26 86 66 35 45 69 34 91 86 46 96 28 113 13 79 116 105 36 74 57 20 101 73 80 48 71 78 38 93 91 34 55 70 85 28 23 87 
9 8 0 54 81 113 63 49 29 32 109 60 59 23 79 58 30 41 62 30 83 78 39 90 23 105 20 72 108 97 29 67 49 12 93 66 73 41 63 73 30 85 83 30 48 63 78 21 15 79 
48 60 54 0 66 93 96 79 26 66 99 23 91 35 92 60 25 81 14 26 72 70 34 39 66 91 60 46 93 73 58 33 24 49 70 73 76 30 66 105 48 77 60 72 68 79 36 55 43 72 
73 89 81 66 0 31 68 58 74 61 33 44 66 80 43 27 71 72 55 75 7 11 45 61 71 25 99 21 28 18 57 35 44 70 15 30 24 46 25 73 52 13 12 71 45 41 42 63 66 11 
105 121 113 93 31 0 90 84 105 90 19 70 90 111 59 57 102 100 80 105 30 36 76 77 101 12 130 47 9 20 88 60 74 101 23 55 47 77 53 93 83 30 34 100 73 64 61 94 98 35 
61 68 63 96 68 90 0 17 82 32 77 84 5 81 33 45 81 24 94 83 63 58 62 115 41 78 82 76 82 85 40 83 75 57 82 38 44 66 43 10 48 61 77 34 28 27 96 46 60 58 
46 55 49 79 58 84 17 0 65 17 74 68 13 65 34 32 64 16 77 66 55 49 45 100 27 74 68 62 77 76 23 68 59 41 73 30 37 50 33 27 31 54 66 22 14 21 81 30 43 50 
24 34 29 26 74 105 82 65 0 50 106 39 78 9 88 59 3 63 37 1 78 75 30 64 46 100 34 58 102 86 42 49 32 28 82 70 75 28 65 92 35 82 72 53 59 72 57 37 23 76 
29 39 32 66 61 90 32 17 50 0 83 59 28 49 48 34 49 15 67 51 60 54 34 92 12 81 52 60 84 79 8 62 49 24 75 38 45 39 38 42 19 61 67 10 18 32 75 14 27 55 
102 117 109 99 33 19 77 74 106 83 0 76 77 111 44 51 103 90 87 107 28 32 76 89 94 10 128 53 10 32 82 67 77 97 33 45 37 78 46 78 79 24 40 92 65 53 71 89 95 30 
51 67 60 23 44 70 84 68 39 59 76 0 80 47 74 43 36 75 11 39 50 49 25 33 63 68 71 24 70 50 51 11 11 51 47 55 56 21 48 93 41 55 37 67 55 63 19 52 45 50 
57 64 59 91 66 90 5 13 78 28 77 80 0 76 34 42 76 20 90 78 62 57 58 112 36 79 77 73 82 84 35 80 71 52 81 36 43 62 42 15 44 61 75 29 25 26 93 41 55 57 
20 26 23 35 80 111 81 65 9 49 111 47 76 0 90 62 11 61 46 8 84 80 35 73 43 105 26 65 108 93 42 57 39 25 89 73 79 34 68 91 37 87 78 50 60 74 65 35 21 81 
74 86 79 92 43 59 33 34 88 48 44 74 34 90 0 32 85 49 85 89 37 32 59 100 59 47 99 58 50 58 51 69 69 69 56 19 19 63 26 34 53 33 54 55 31 16 80 58 69 32 
50 66 58 60 27 57 45 32 59 34 51 43 42 62 32 0 56 45 54 59 26 21 29 72 45 48 77 31 51 45 31 39 37 46 41 13 17 32 6 52 28 28 34 44 19 20 52 38 44 22 
24 35 30 25 71 102 81 64 3 49 103 36 76 11 85 56 0 62 35 4 75 72 28 62 45 97 36 56 99 83 41 46 29 27 79 68 73 25 62 91 33 79 69 52 57 70 54 36 22 73 
40 45 41 81 72 100 24 16 63 15 90 75 20 61 49 45 62 0 83 64 70 64 50 107 18 89 58 73 93 90 24 77 65 36 87 45 53 55 47 33 34 70 79 11 27 37 90 27 40 65 
55 69 62 14 55 80 94 77 37 67 87 11 90 46 85 54 35 83 0 38 61 60 33 28 69 78 71 34 80 59 59 20 19 55 56 67 68 28 59 103 49 66 47 74 65 74 21 58 49 62 
25 34 30 26 75 105 83 66 1 51 107 39 78 8 89 59 4 64 38 0 79 76 31 65 46 100 34 59 103 87 43 50 32 28 83 71 76 29 66 93 36 83 72 53 59 73 57 37 24 77 
75 91 83 72 7 30 63 55 78 60 28 50 62 84 37 26 75 70 61 79 0 6 48 68 71 22 101 27 25 22 57 41 49 71 19 26 19 50 23 69 53 6 18 70 43 37 49 64 68 6 
70 86 78 70 11 36 58 49 75 54 32 49 57 80 32 21 72 64 60 76 6 0 44 70 65 27 96 28 31 27 52 41 47 66 25 20 14 46 17 63 48 8 22 64 37 31 50 58 64 2 
30 46 39 34 45 76 62 45 30 34 76 25 58 35 59 29 28 50 33 31 48 44 0 58 38 70 55 33 73 59 26 30 15 28 55 41 45 5 35 71 16 52 45 42 34 45 42 27 23 46 
82 96 90 39 61 77 115 100 64 92 89 33 112 73 100 72 62 107 28 65 68 70 58 0 96 80 98 43 80 58 84 32 43 82 56 83 81 54 75 124 74 74 50 100 87 92 20 84 76 71 
22 28 23 66 71 101 41 27 46 12 94 63 36 43 59 45 45 18 69 46 71 65 38 96 0 92 41 67 95 88 14 67 52 18 85 49 57 42 49 50 23 72 76 7 30 44 80 11 23 66 
97 113 105 91 25 12 78 74 100 81 10 68 79 105 47 48 97 89 78 100 22 27 70 80 92 0 123 44 4 22 79 58 70 93 24 44 36 71 43 81 75 20 31 91 63 53 62 86 91 26 
26 13 20 60 99 130 82 68 34 52 128 71 77 26 99 77 36 58 71 34 101 96 55 98 41 123 0 87 126 114 48 80 62 31 110 85 92 55 82 91 49 104 99 47 68 83 90 41 33 98 
63 79 72 46 21 47 76 62 58 60 53 24 73 65 58 31 56 73 34 59 27 28 33 43 67 44 87 0 46 28 54 14 27 61 24 41 38 32 33 83 45 33 13 69 49 50 23 57 56 29 
100 116 108 93 28 9 82 77 102 84 10 70 82 108 50 51 99 93 80 103 25 31 73 80 95 4 126 46 0 23 82 60 72 96 25 48 40 74 47 85 78 23 33 94 67 57 63 89 94 29 
88 105 97 73 18 20 85 76 86 79 32 50 84 93 58 45 83 90 59 87 22 27 59 58 88 22 114 28 23 0 75 40 54 85 4 48 41 59 43 90 68 25 14 89 63 58 41 80 82 28 
24 36 29 58 57 88 40 23 42 8 82 51 35 42 51 31 41 24 59 43 57 52 26 84 14 79 48 54 82 75 0 54 41 19 71 38 45 31 36 50 10 59 62 16 20 35 68 8 20 53 
58 74 67 33 35 60 83 68 49 62 67 11 80 57 69 39 46 77 20 50 41 41 30 32 67 58 80 14 60 40 54 0 18 57 36 51 50 26 43 91 45 47 27 71 55 60 13 56 52 43 
41 57 49 24 44 74 75 59 32 49 77 11 71 39 69 37 29 65 19 32 49 47 15 43 52 70 62 27 72 54 41 18 0 40 51 50 52 10 43 85 31 54 40 57 47 56 29 41 35 49 
5 20 12 49 70 101 57 41 28 24 97 51 52 25 69 46 27 36 55 28 71 66 28 82 18 93 31 61 96 85 19 57 40 0 82 55 62 31 52 66 18 74 71 25 38 53 69 11 6 67 
85 101 93 70 15 23 82 73 82 75 33 47 81 89 56 41 79 87 56 83 19 25 55 56 85 24 110 24 25 4 71 36 51 82 0 45 39 55 40 88 64 24 11 85 60 55 39 76 78 25 
60 73 66 73 30 55 38 30 70 38 45 55 36 73 19 13 68 45 67 71 26 20 41 83 49 44 85 41 48 48 38 51 50 55 45 0 8 45 8 44 37 25 40 47 19 11 63 45 54 20 
66 80 73 76 24 47 44 37 75 45 37 56 43 79 19 17 73 53 68 76 19 14 45 81 57 36 92 38 40 41 45 50 52 62 39 8 0 48 10 49 44 17 35 55 27 18 61 52 60 14 
32 48 41 30 46 77 66 50 28 39 78 21 62 34 63 32 25 55 28 29 50 46 5 54 42 71 55 32 74 59 31 26 10 31 55 45 48 0 38 76 21 54 44 47 39 50 38 31 25 48 
56 71 63 66 25 53 43 33 65 38 46 48 42 68 26 6 62 47 59 66 23 17 35 75 49 43 82 33 47 43 36 43 43 52 40 8 10 38 0 50 34 23 34 48 21 17 55 43 50 17 
71 78 73 105 73 93 10 27 92 42 78 93 15 91 34 52 91 33 103 93 69 63 71 124 50 81 91 83 85 90 50 91 85 66 88 44 49 76 50 0 58 66 84 44 38 33 104 56 70 63 
23 38 30 48 52 83 48 31 35 19 79 41 44 37 53 28 33 34 49 36 53 48 16 74 23 75 49 45 78 68 10 45 31 18 64 37 44 21 34 58 0 55 54 26 23 37 58 12 17 49 
78 93 85 77 13 30 61 54 82 61 24 55 61 87 33 28 79 70 66 83 6 8 52 74 72 20 104 33 23 25 59 47 54 74 24 25 17 54 23 66 55 0 24 71 43 35 55 66 71 6 
74 91 83 60 12 34 77 66 72 67 40 37 75 78 54 34 69 79 47 72 18 22 45 50 76 31 99 13 33 14 62 27 40 71 11 40 35 44 34 84 54 24 0 77 53 50 31 67 67 23 
29 34 30 72 71 100 34 22 53 10 92 67 29 50 55 44 52 11 74 53 70 64 42 100 7 91 47 69 94 89 16 71 57 25 85 47 55 47 48 44 26 71 77 0 28 41 84 17 30 65 
43 55 48 68 45 73 28 14 59 18 65 55 25 60 31 19 57 27 65 59 43 37 34 87 30 63 68 49 67 63 20 55 47 38 60 19 27 39 21 38 23 43 53 28 0 15 68 27 39 38 
58 70 63 79 41 64 27 21 72 32 53 63 26 74 16 20 70 37 74 73 37 31 45 92 44 53 83 50 57 58 35 60 56 53 55 11 18 50 17 33 37 35 50 41 15 0 72 43 54 31 
70 85 78 36 42 61 96 81 57 75 71 19 93 65 80 52 54 90 21 57 49 50 42 20 80 62 90 23 63 41 68 13 29 69 39 63 61 38 55 104 58 55 31 84 68 72 0 69 63 51 
16 28 21 55 63 94 46 30 37 14 89 52 41 35 58 38 36 27 58 37 64 58 27 84 11 86 41 57 89 80 8 56 41 11 76 45 52 31 43 56 12 66 67 17 27 43 69 0 14 60 
7 23 15 43 66 98 60 43 23 27 95 45 55 21 69 44 22 40 49 24 68 64 23 76 23 91 33 56 94 82 20 52 35 6 78 54 60 25 50 70 17 71 67 30 39 54 63 14 0 65 
71 87 79 72 11 35 58 50 76 55 30 50 57 81 32 22 73 65 62 77 6 2 46 71 66 26 98 29 29 28 53 43 49 67 25 20 14 48 17 63 49 6 23 65 38 31 51 60 65 0 
0 1000
2704 3663
4960 5266
284 480
520 1407
1768 2230
4379 4843
2096 2557
393 768
2761 3005
997 1853
1505 1920
1888 2591
3325 3602
1259 1789
1061 1184
4740 5622
1344 2065
3887 4204
3618 4535
3219 3845
2452 3156
911 1847
3996 4133
2642 3333
604 625
808 1556
4205 4800
2961 3306
142 153
4879 5480
1613 2442
4108 4607
4815 5667
3477 4314
3771 4400
2230 3223
1180 1953
2336 2576
1378 1544
2665 3134
2213 2297
2004 2808
3122 3473
707 1400
4666 4672
3923 4359
2849 3270
4515 5244
2501 2912
79.8986360097161 86.80763123391864 82.27728641270862 99.6501415432908 35.12443321793456 15.162983185859568 18.885305831801126 34.07318144054203 97.21006003739625 50.56171998915621 3.863925371272403 78.50018553629964 23.610782380909956 98.35117537869006 9.757356090636227 40.41433460733417 95.01070987665149 42.01253521893202 89.64874098773936 98.04871304402921 28.872166345453355 29.64067126886949 68.94648678062832 92.01487253543571 59.53463929075296 13.139499057238691 99.93310631485397 55.735650567587435 11.985468127210574 34.51429845914997 56.72164508745779 69.78417668342837 76.18429134128955 74.80234110300451 36.59457501180077 27.75988184105428 24.458572811145018 72.65177746370901 34.30872401020508 9.296265335324971 61.9451607756866 23.311495687017658 44.167334696073326 52.82581823933571 38.74902381344596 24.817133659620673 75.30716907968372 63.87119169086334 77.01128766021283 28.089875319029357 
82.9618899653306 97.75449987649785 91.12293253905925 39.62431693538018 25.00914488862367 0.8006098359166991 90.61621182051933 82.9520145330532 65.8819783224208 84.03888429557279 15.565403808451439 31.72742425033187 90.27909183571595 74.32243448032327 59.40935098606541 51.510342437293986 63.899943630600255 96.8209764549368 29.249205832267233 66.03152269699656 28.005279910437466 34.02312999382596 54.86350119749238 1.7705254421380712 91.74400432085507 12.449304149844288 99.7785864484613 24.651772817367156 9.099913453626119 7.017577640461637 78.23730708095545 25.360072926930176 42.05021373508059 82.30559679761188 10.205328899102673 54.126934067281375 46.89241841694529 51.662777979416965 50.06174401323806 93.71012633623148 69.24158064946714 29.658853897410808 17.818668139076856 93.92931650091771 70.21813379025221 64.39983083826071 13.26974210939773 81.33370689880131 76.56364771118628 33.77169384898736 