50
0 55 62 95 69 85 86 84 52 35 78 72 60 33 45 53 49 46 98 50 79 28 44 63 41 44 36 24 31 6 45 48 102 89 24 52 81 85 44 54 32 64 28 61 76 71 47 92 4 86 
55 0 45 65 45 37 52 30 54 45 47 61 10 23 76 30 63 36 43 27 56 31 14 17 26 13 52 34 70 52 13 66 49 44 62 67 28 52 77 64 64 23 40 7 43 34 8 52 51 51 
62 45 0 32 8 40 27 56 19 29 18 16 55 41 52 15 96 75 66 68 17 58 36 32 26 36 31 41 55 65 52 36 81 39 50 35 46 25 53 29 47 68 68 50 19 21 42 36 60 26 
95 65 32 0 26 38 13 60 48 61 18 30 73 70 80 43 124 100 64 91 16 86 62 48 55 61 63 72 86 97 76 64 83 30 82 61 50 13 81 56 78 87 97 67 22 31 65 21 92 14 
69 45 8 26 0 35 19 52 27 36 11 18 54 45 59 18 100 77 61 70 12 62 38 30 30 38 39 46 63 71 53 44 77 32 58 42 42 17 60 36 55 68 72 49 11 16 43 29 67 19 
85 37 40 38 35 0 26 22 59 61 28 52 41 53 90 36 100 73 27 63 39 67 42 22 45 42 66 61 90 85 50 75 45 9 83 74 13 27 91 70 82 54 77 36 24 19 42 19 82 25 
86 52 27 13 19 26 0 48 45 55 8 31 60 59 78 33 112 88 53 79 16 75 50 35 46 50 58 63 82 88 63 62 71 19 77 60 37 2 79 54 74 73 86 54 10 18 53 11 84 1 
84 30 56 60 52 22 48 0 72 69 48 70 28 52 100 46 87 60 14 49 59 60 41 26 49 40 75 62 96 82 42 87 25 31 88 87 10 49 100 83 89 36 69 25 44 36 37 41 81 46 
52 54 19 48 27 59 45 72 0 18 37 21 64 42 33 26 94 76 83 72 32 57 42 46 29 42 16 36 38 56 57 17 97 58 35 16 63 43 34 11 30 77 66 60 38 40 49 55 51 45 
35 45 29 61 36 61 55 69 18 0 47 37 55 27 31 25 76 61 82 58 46 40 32 43 20 32 6 19 28 39 44 22 92 63 22 23 62 53 32 23 21 66 49 52 46 44 38 63 34 55 
78 47 18 18 11 28 8 48 37 47 0 25 56 52 70 25 106 82 55 74 11 68 44 31 38 43 49 55 73 80 58 54 72 23 68 52 37 7 71 47 65 70 79 50 5 14 48 18 76 8 
72 61 16 30 18 52 31 70 21 37 25 0 71 55 50 31 110 90 79 84 16 72 52 48 41 52 37 53 58 76 67 35 95 48 55 32 60 29 52 26 50 84 82 66 28 35 58 43 71 32 
60 10 55 73 54 41 60 28 64 55 56 71 0 30 85 40 60 33 41 22 65 33 23 25 36 23 61 42 78 57 15 76 42 49 70 77 30 60 86 74 73 14 41 6 51 42 17 58 56 58 
33 23 41 70 45 53 59 52 42 27 52 55 30 0 56 27 55 35 65 31 57 17 11 31 15 12 33 12 48 32 17 49 72 58 40 51 48 58 56 50 43 39 28 29 49 42 15 63 29 58 
45 76 52 80 59 90 78 100 33 31 70 50 85 56 0 54 94 86 112 86 65 65 63 74 51 63 25 45 15 51 73 16 123 90 21 19 92 76 1 24 14 95 70 83 70 71 69 88 46 78 
53 30 15 43 18 36 33 46 26 25 25 31 40 27 54 0 82 60 58 53 30 44 21 20 13 21 30 30 54 55 37 41 71 38 47 41 38 32 55 37 46 54 55 36 23 19 27 39 51 32 
49 63 96 124 100 100 112 87 94 76 106 110 60 55 94 82 0 27 99 38 112 38 62 79 70 63 80 58 79 43 50 95 94 107 73 97 90 112 93 99 80 52 28 64 102 94 59 114 47 111 
46 36 75 100 77 73 88 60 76 61 82 90 33 35 86 60 27 0 72 11 89 21 39 53 49 39 66 42 74 40 24 82 69 80 66 84 63 87 85 84 72 26 18 37 78 69 34 88 43 86 
98 43 66 64 61 27 53 14 83 82 55 79 41 65 112 58 99 72 0 61 66 73 54 39 62 54 87 76 109 96 55 99 19 34 102 98 20 54 113 94 102 47 82 38 51 45 51 44 94 52 
50 27 68 91 70 63 79 49 72 58 74 84 22 31 86 53 38 11 61 0 81 22 32 44 44 32 64 41 75 45 16 80 59 70 67 82 52 79 86 81 72 16 24 27 69 60 26 78 47 78 
79 56 17 16 12 39 16 59 32 46 11 16 65 57 65 30 112 89 66 81 0 74 50 40 42 50 47 58 70 82 65 49 83 33 66 46 48 14 66 40 62 79 84 60 15 24 55 27 77 16 
28 31 58 86 62 67 75 60 57 40 68 72 33 17 65 44 38 21 73 22 74 0 25 44 32 26 45 21 53 24 18 61 76 73 45 63 59 75 64 63 50 36 11 36 65 57 25 78 25 74 
44 14 36 62 38 42 50 41 42 32 44 52 23 11 63 21 62 39 54 32 50 25 0 20 13 0 38 22 56 43 15 53 62 47 48 54 37 50 63 52 51 35 36 21 40 32 7 53 41 49 
63 17 32 48 30 22 35 26 46 43 31 48 25 31 74 20 79 53 39 44 40 44 20 0 24 19 49 40 71 62 29 61 50 28 63 61 19 35 74 57 64 39 55 20 26 17 20 35 60 34 
41 26 26 55 30 45 46 49 29 20 38 41 36 15 51 13 70 49 62 44 42 32 13 24 0 13 26 18 47 42 28 40 72 48 39 41 43 45 52 39 40 48 42 33 35 30 20 51 39 45 
44 13 36 61 38 42 50 40 42 32 43 52 23 12 63 21 63 39 54 32 50 26 0 19 13 0 38 22 57 43 16 53 62 47 49 54 36 49 63 52 51 34 37 20 40 32 6 52 41 49 
36 52 31 63 39 66 58 75 16 6 49 37 61 33 25 30 80 66 87 64 47 45 38 49 26 38 0 24 24 41 50 16 98 67 19 18 68 56 26 18 16 72 53 58 49 48 44 67 36 58 
24 34 41 72 46 61 63 62 36 19 55 53 42 12 45 30 58 42 76 41 58 21 22 40 18 22 24 0 36 25 28 40 83 65 28 42 58 62 45 42 32 50 30 41 52 47 26 69 21 62 
31 70 55 86 63 90 82 96 38 28 73 58 78 48 15 54 79 74 109 75 70 53 56 71 47 57 24 36 0 37 64 25 118 91 8 29 90 80 14 33 8 86 57 77 73 72 62 91 32 82 
6 52 65 97 71 85 88 82 56 39 80 76 57 32 51 55 43 40 96 45 82 24 43 62 42 43 41 25 37 0 41 54 99 89 30 57 80 87 51 59 38 60 22 58 77 72 45 93 5 87 
45 13 52 76 53 50 63 42 57 44 58 67 15 17 73 37 50 24 55 16 65 18 15 29 28 16 50 28 64 41 0 66 58 57 56 67 42 63 73 66 60 22 27 17 54 45 10 64 41 62 
48 66 36 64 44 75 62 87 17 22 54 35 76 49 16 41 95 82 99 80 49 61 53 61 40 53 16 40 25 54 66 0 111 75 25 4 79 60 17 9 18 87 68 73 55 56 59 72 48 62 
102 49 81 83 77 45 71 25 97 92 72 95 42 72 123 71 94 69 19 59 83 76 62 50 72 62 98 83 118 99 58 111 0 52 110 111 35 72 124 108 112 43 82 42 68 61 57 62 99 70 
89 44 39 30 32 9 19 31 58 63 23 48 49 58 90 38 107 80 34 70 33 73 47 28 48 47 67 65 91 89 57 75 52 0 85 73 21 21 91 68 83 62 83 44 20 19 48 10 86 18 
24 62 50 82 58 83 77 88 35 22 68 55 70 40 21 47 73 66 102 67 66 45 48 63 39 49 19 28 8 30 56 25 110 85 0 29 82 75 20 33 8 78 49 68 68 66 54 85 26 77 
52 67 35 61 42 74 60 87 16 23 52 32 77 51 19 41 97 84 98 82 46 63 54 61 41 54 18 42 29 57 67 4 111 73 29 0 78 58 20 6 22 88 71 73 53 55 60 70 52 60 
81 28 46 50 42 13 37 10 63 62 37 60 30 48 92 38 90 63 20 52 48 59 37 19 43 36 68 58 90 80 42 79 35 21 82 78 0 38 93 74 83 42 69 26 33 25 35 31 77 36 
85 52 25 13 17 27 2 49 43 53 7 29 60 58 76 32 112 87 54 79 14 75 50 35 45 49 56 62 80 87 63 60 72 21 75 58 38 0 77 52 72 74 85 54 10 18 53 14 83 3 
44 77 53 81 60 91 79 100 34 32 71 52 86 56 1 55 93 85 113 86 66 64 63 74 52 63 26 45 14 51 73 17 124 91 20 20 93 77 0 26 14 95 69 83 71 72 69 89 46 79 
54 64 29 56 36 70 54 83 11 23 47 26 74 50 24 37 99 84 94 81 40 63 52 57 39 52 18 42 33 59 66 9 108 68 33 6 74 52 26 0 26 86 72 71 48 51 58 65 54 55 
32 64 47 78 55 82 74 89 30 21 65 50 73 43 14 46 80 72 102 72 62 50 51 64 40 51 16 32 8 38 60 18 112 83 8 22 83 72 14 26 0 82 56 71 65 64 56 83 33 73 
64 23 68 87 68 54 73 36 77 66 70 84 14 39 95 54 52 26 47 16 79 36 35 39 48 34 72 50 86 60 22 87 43 62 78 88 42 74 95 86 82 0 40 20 65 56 28 71 60 72 
28 40 68 97 72 77 86 69 66 49 79 82 41 28 70 55 28 18 82 24 84 11 36 55 42 37 53 30 57 22 27 68 82 83 49 71 69 85 69 72 56 40 0 44 76 68 35 89 25 85 
61 7 50 67 49 36 54 25 60 52 50 66 6 29 83 36 64 37 38 27 60 36 21 20 33 20 58 41 77 58 17 73 42 44 68 73 26 54 83 71 71 20 44 0 46 36 15 52 57 53 
76 43 19 22 11 24 10 44 38 46 5 28 51 49 70 23 102 78 51 69 15 65 40 26 35 40 49 52 73 77 54 55 68 20 68 53 33 10 71 48 65 65 76 46 0 10 44 18 74 10 
71 34 21 31 16 19 18 36 40 44 14 35 42 42 71 19 94 69 45 60 24 57 32 17 30 32 48 47 72 72 45 56 61 19 66 55 25 18 72 51 64 56 68 36 10 0 35 21 68 17 
47 8 42 65 43 42 53 37 49 38 48 58 17 15 69 27 59 34 51 26 55 25 7 20 20 6 44 26 62 45 10 59 57 48 54 60 35 53 69 58 56 28 35 15 44 35 0 55 43 52 
92 52 36 21 29 19 11 41 55 63 18 43 58 63 88 39 114 88 44 78 27 78 53 35 51 52 67 69 91 93 64 72 62 10 85 70 31 14 89 65 83 71 89 52 18 21 55 0 90 11 
4 51 60 92 67 82 84 81 51 34 76 71 56 29 46 51 47 43 94 47 77 25 41 60 39 41 36 21 32 5 41 48 99 86 26 52 77 83 46 54 33 60 25 57 74 68 43 90 0 83 
86 51 26 14 19 25 1 46 45 55 8 32 58 58 78 32 111 86 52 78 16 74 49 34 45 49 58 62 82 87 62 62 70 18 77 60 36 3 79 55 73 72 85 53 10 17 52 11 83 0 
0 1000
1000 1358
2001 2891
835 1457
3887 4294
4571 4758
787 1011
3654 4120
4150 4288
692 941
4804 5713
2249 2855
565 902
4424 4520
2704 2760
2501 2667
2132 2536
3032 3123
3431 4300
4679 4826
1167 1902
1283 2265
3765 4104
1714 2427
1767 2623
4366 4852
1909 2484
3562 4133
3303 4196
4249 4920
1543 2127
259 967
1415 1647
4596 4644
1823 2336
929 1900
158 1007
1117 1372
346 710
2918 3770
3121 3846
2403 2730
4057 4578
2789 3585
2611 3224
1625 1907
3193 3608
479 1032
4313 4984
3843 4461
7.036767808151978 58.04394560500972 64.33569391396574 95.49028088001864 71.73095526901665 92.03752944425698 90.7392769954596 86.82773500203491 47.270611396992464 35.74587149073517 82.34496838513323 66.5959365289647 59.148865819193965 38.80330213048106 16.286025725467113 59.28454910053078 2.6137452940104167 28.538901394597914 99.72512879242166 39.05738816903261 79.7282655287156 27.205397730252102 50.13376242217977 69.69344782528275 48.27176480219633 50.58591271197206 33.06739182974411 30.95648214567901 9.514128226935759 7.265659963251947 45.19039550784084 32.08174174967456 96.54414067378261 96.19378299823089 13.882861274751622 35.10619139753077 86.20513113304929 89.03048912834126 15.027632424033143 40.66461126700487 17.583106846796824 54.284663085506466 18.307956199219333 62.32743236238952 81.14724035653168 77.6387490897053 51.31693357216632 98.58827921438242 10.049400891296633 90.31897339020769 
55.720465652644414 36.07420492951623 80.48730308293648 89.05287545835567 78.98511101487048 51.05673778117878 76.6881090520726 29.245059710165357 89.26150719145652 75.70435081249813 76.8231652562522 96.37147985583225 26.14711397199133 48.4147992365044 99.83468643223601 66.34969414321249 7.042227899876973 15.096414168863493 24.736530117810005 17.320961307050975 87.71667415408885 36.21324341692726 47.14622976926699 48.844997516949874 60.03680149814474 47.12852377786347 81.29322568592553 57.14380536257123 86.19575308618026 49.37954316531909 32.56922360161315 96.91585375619695 6.129250768128125 58.573835718130994 79.09288940609822 98.93571246129302 39.651750016740884 77.91717586596411 99.43332704303775 98.04978236735028 85.77105196122015 12.880831895346144 30.048975611737838 30.665365813559454 72.47233248313913 63.63569022464157 40.74130581259955 68.3787052663186 53.81174703867302 75.52438306890654 