50
0 65 5 64 11 22 72 73 63 9 56 62 53 92 78 52 55 59 15 89 66 84 23 18 84 64 85 38 41 85 59 86 82 85 72 80 44 40 50 66 30 26 18 32 47 80 47 28 49 44 
65 0 67 20 59 71 47 70 38 59 35 40 39 54 29 99 13 35 77 27 2 26 66 60 36 24 66 42 45 25 30 20 33 50 12 42 87 75 98 46 59 42 49 46 29 15 18 39 28 71 
5 67 0 67 10 17 76 77 66 9 60 66 57 96 78 55 56 62 11 89 67 85 19 15 87 64 90 42 39 86 62 87 85 89 73 83 48 45 54 70 35 29 18 30 47 82 49 31 49 49 
64 20 67 0 61 76 27 50 18 60 17 21 22 36 49 88 27 16 78 44 22 45 72 65 21 43 46 31 56 43 12 30 19 31 32 23 75 63 86 26 48 39 51 55 43 28 25 36 42 57 
11 59 10 61 0 16 73 77 63 3 56 63 54 92 69 63 48 59 18 80 59 75 15 8 82 54 88 39 29 76 58 79 79 85 64 79 54 49 61 67 37 24 10 21 37 73 41 26 39 52 
22 71 17 76 16 0 89 93 79 18 72 79 70 108 76 71 59 74 15 90 71 84 6 11 97 62 104 55 33 86 73 91 94 101 74 95 64 62 69 83 51 40 25 27 46 85 54 42 48 65 
72 47 76 27 73 89 0 26 12 71 18 11 19 21 76 78 53 16 87 70 49 72 87 79 25 69 19 35 78 69 19 53 25 15 59 13 66 54 77 7 46 49 65 74 66 53 48 47 66 46 
73 70 77 50 77 93 26 0 32 75 35 30 32 40 98 60 73 35 86 95 72 96 92 85 51 90 20 41 91 93 39 79 51 37 82 39 51 41 59 24 42 56 72 85 83 78 65 56 83 33 
63 38 66 18 63 79 12 32 0 61 7 3 10 29 66 75 42 4 77 62 40 63 76 68 25 59 30 25 66 61 8 47 24 23 49 17 63 50 74 9 39 39 54 63 55 46 36 37 55 43 
9 59 9 60 3 18 71 75 61 0 54 61 52 90 70 60 48 57 18 81 59 76 18 11 81 55 86 37 32 77 56 79 78 84 64 77 51 46 58 65 34 22 10 23 39 73 40 24 41 49 
56 35 60 17 56 72 18 35 7 54 0 7 5 36 63 72 38 3 71 61 37 61 69 62 30 55 36 19 60 59 5 47 28 29 47 24 59 47 70 13 34 32 48 56 49 45 31 30 49 40 
62 40 66 21 63 79 11 30 3 61 7 0 9 30 69 73 44 6 77 65 42 66 76 68 27 61 29 24 67 63 10 50 27 23 52 19 61 48 71 6 38 39 54 64 56 49 38 37 56 41 
53 39 57 22 54 70 19 32 10 52 5 9 0 39 67 67 41 7 68 66 41 66 68 60 34 58 35 16 61 64 11 52 33 32 51 27 54 42 65 13 30 30 46 56 51 50 33 29 51 35 
92 54 96 36 92 108 21 40 29 90 36 30 39 0 81 98 64 33 106 71 56 74 105 97 20 78 23 54 92 71 35 52 22 7 64 14 86 74 96 27 67 68 83 90 79 55 61 66 78 66 
78 29 78 49 69 76 76 98 66 70 63 69 67 81 0 121 28 64 86 18 27 11 70 67 62 14 95 67 43 15 59 33 59 77 17 70 109 99 119 75 81 61 60 50 31 28 37 59 29 95 
52 99 55 88 63 71 78 60 75 60 72 73 67 98 121 0 94 74 57 126 101 124 74 70 100 108 80 57 91 123 77 117 99 92 109 91 13 25 2 72 41 60 66 82 93 113 84 63 94 32 
55 13 56 27 48 59 53 73 42 48 38 44 41 64 28 94 0 39 66 34 12 30 54 48 46 17 72 39 32 30 34 32 43 58 17 50 82 71 92 51 54 34 38 34 17 26 10 32 15 67 
59 35 62 16 59 74 16 35 4 57 3 6 7 33 64 74 39 0 73 61 37 61 72 64 28 55 34 22 62 59 5 46 26 27 47 21 61 49 72 12 37 34 50 58 51 45 32 32 51 42 
15 77 11 78 18 15 87 86 77 18 71 77 68 106 86 57 66 73 0 99 77 94 20 20 98 72 100 52 45 95 73 97 96 100 82 94 52 51 56 80 44 40 28 37 55 92 59 42 57 56 
89 27 89 44 80 90 70 95 62 81 61 65 66 71 18 126 34 61 99 0 26 7 84 80 51 28 87 69 58 4 56 18 49 68 17 61 114 102 125 71 86 67 71 64 44 17 43 65 42 98 
66 2 67 22 59 71 49 72 40 59 37 42 41 56 27 101 12 37 77 26 0 25 66 60 38 22 68 44 44 23 32 20 35 51 10 44 88 77 99 48 60 43 49 46 28 14 19 40 27 72 
84 26 85 45 75 84 72 96 63 76 61 66 66 74 11 124 30 61 94 7 25 0 78 74 55 22 90 68 52 4 57 23 52 71 15 64 112 100 122 72 84 64 67 58 38 20 40 62 36 96 
23 66 19 72 15 6 87 92 76 18 69 76 68 105 70 74 54 72 20 84 66 78 0 8 93 56 102 53 27 80 70 86 90 98 69 92 67 64 73 81 51 38 22 21 40 80 49 39 42 66 
18 60 15 65 8 11 79 85 68 11 62 68 60 97 67 70 48 64 20 80 60 74 8 0 86 53 95 46 25 76 63 80 83 91 64 84 62 57 68 73 44 30 14 17 36 74 43 32 38 60 
84 36 87 21 82 97 25 51 25 81 30 27 34 20 62 100 46 28 98 51 38 55 93 86 0 59 38 48 77 51 26 33 3 17 45 12 88 75 99 29 64 59 72 76 63 35 46 56 62 68 
64 24 64 43 54 62 69 90 59 55 55 61 58 78 14 108 17 55 72 28 22 22 56 53 59 0 88 55 30 24 51 36 56 73 17 65 96 86 106 67 68 47 46 36 17 30 26 45 15 83 
85 66 90 46 88 104 19 20 30 86 36 29 35 23 95 80 72 34 100 87 68 90 102 95 38 88 0 49 96 87 38 70 40 21 77 27 70 59 79 23 57 65 81 92 85 71 67 64 85 51 
38 42 42 31 39 55 35 41 25 37 19 24 16 54 67 57 39 22 52 69 44 68 53 46 48 55 49 0 50 67 23 60 47 48 53 42 45 33 56 28 17 16 32 44 44 56 29 15 45 29 
41 45 39 56 29 33 78 91 66 32 60 67 61 92 43 91 32 62 45 58 44 52 27 25 77 30 96 50 0 54 59 63 74 86 44 79 81 73 89 73 57 36 25 9 16 57 32 36 17 73 
85 25 86 43 76 86 69 93 61 77 59 63 64 71 15 123 30 59 95 4 23 4 80 76 51 24 87 67 54 0 54 19 49 68 14 61 111 99 121 69 83 64 67 59 40 16 40 62 38 95 
59 30 62 12 58 73 19 39 8 56 5 10 11 35 59 77 34 5 73 56 32 57 70 63 26 51 38 23 59 54 0 42 24 28 42 21 64 52 75 16 39 34 49 56 47 40 29 32 47 45 
86 20 87 30 79 91 53 79 47 79 47 50 52 52 33 117 32 46 97 18 20 23 86 80 33 36 70 60 63 19 42 0 31 50 19 43 104 92 115 55 77 62 69 66 47 6 39 59 46 87 
82 33 85 19 79 94 25 51 24 78 28 27 33 22 59 99 43 26 96 49 35 52 90 83 3 56 40 47 74 49 24 31 0 19 42 13 87 74 98 29 63 56 70 74 60 33 43 54 59 67 
85 50 89 31 85 101 15 37 23 84 29 23 32 7 77 92 58 27 100 68 51 71 98 91 17 73 21 48 86 68 28 50 19 0 60 8 81 68 91 21 61 61 77 84 73 51 55 59 73 61 
72 12 73 32 64 74 59 82 49 64 47 52 51 64 17 109 17 47 82 17 10 15 69 64 45 17 77 53 44 14 42 19 42 60 0 52 97 86 108 58 69 50 54 48 29 13 26 48 27 81 
80 42 83 23 79 95 13 39 17 77 24 19 27 14 70 91 50 21 94 61 44 64 92 84 12 65 27 42 79 61 21 43 13 8 52 0 78 66 89 19 57 55 70 77 65 45 47 53 65 59 
44 87 48 75 54 64 66 51 63 51 59 61 54 86 109 13 82 61 52 114 88 112 67 62 88 96 70 45 81 111 64 104 87 81 97 78 0 13 11 60 28 49 56 72 82 101 72 51 83 20 
40 75 45 63 49 62 54 41 50 46 47 48 42 74 99 25 71 49 51 102 77 100 64 57 75 86 59 33 73 99 52 92 74 68 86 66 13 0 24 48 17 39 49 65 72 89 61 41 74 8 
50 98 54 86 61 69 77 59 74 58 70 71 65 96 119 2 92 72 56 125 99 122 73 68 99 106 79 56 89 121 75 115 98 91 108 89 11 24 0 71 39 59 64 80 91 111 82 61 93 31 
66 46 70 26 67 83 7 24 9 65 13 6 13 27 75 72 51 12 80 71 48 72 81 73 29 67 23 28 73 69 16 55 29 21 58 19 60 48 71 0 40 43 59 69 63 54 44 42 63 40 
30 59 35 48 37 51 46 42 39 34 34 38 30 67 81 41 54 37 44 86 60 84 51 44 64 68 57 17 57 83 39 77 63 61 69 57 28 17 39 40 0 22 34 49 55 73 44 23 56 16 
26 42 29 39 24 40 49 56 39 22 32 39 30 68 61 60 34 34 40 67 43 64 38 30 59 47 65 16 36 64 34 62 56 61 50 55 49 39 59 43 22 0 16 29 33 57 24 3 35 38 
18 49 18 51 10 25 65 72 54 10 48 54 46 83 60 66 38 50 28 71 49 67 22 14 72 46 81 32 25 67 49 69 70 77 54 70 56 49 64 59 34 16 0 16 29 63 31 18 31 50 
32 46 30 55 21 27 74 85 63 23 56 64 56 90 50 82 34 58 37 64 46 58 21 17 76 36 92 44 9 59 56 66 74 84 48 77 72 65 80 69 49 29 16 0 20 60 31 29 22 65 
47 29 47 43 37 46 66 83 55 39 49 56 51 79 31 93 17 51 55 44 28 38 40 36 63 17 85 44 16 40 47 47 60 73 29 65 82 72 91 63 55 33 29 20 0 41 18 32 2 71 
80 15 82 28 73 85 53 78 46 73 45 49 50 55 28 113 26 45 92 17 14 20 80 74 35 30 71 56 57 16 40 6 33 51 13 45 101 89 111 54 73 57 63 60 41 0 33 54 39 83 
47 18 49 25 41 54 48 65 36 40 31 38 33 61 37 84 10 32 59 43 19 40 49 43 46 26 67 29 32 40 29 39 43 55 26 47 72 61 82 44 44 24 31 31 18 33 0 22 18 58 
28 39 31 36 26 42 47 56 37 24 30 37 29 66 59 63 32 32 42 65 40 62 39 32 56 45 64 15 36 62 32 59 54 59 48 53 51 41 61 42 23 3 18 29 32 54 22 0 33 39 
49 28 49 42 39 48 66 83 55 41 49 56 51 78 29 94 15 51 57 42 27 36 42 38 62 15 85 45 17 38 47 46 59 73 27 65 83 74 93 63 56 35 31 22 2 39 18 33 0 72 
44 71 49 57 52 65 46 33 43 49 40 41 35 66 95 32 67 42 56 98 72 96 66 60 68 83 51 29 73 95 45 87 67 61 81 59 20 8 31 40 16 38 50 65 71 83 58 39 72 0 
0 1000
4656 5238
56 427
4150 4830
2192 2427
1829 2034
4408 4535
4224 4289
2986 3214
4018 4670
4343 5036
844 858
1161 1620
2466 2541
1617 2041
2611 3064
4573 5358
3683 3783
690 870
201 804
4641 4983
3298 3456
2703 3134
2788 3780
3760 3843
1939 2694
367 614
1314 1693
2859 3550
2330 3059
1520 1600
1382 1492
1246 2171
3588 4385
1060 1441
2072 2424
3504 3555
3140 4113
4909 5627
1712 2105
4498 4522
4787 4802
778 929
3856 4814
3944 4167
990 1057
2010 2689
3091 4042
542 1540
903 1088
86.36946606871032 22.513685919158412 88.80191969685046 22.60848925454251 81.18618075558675 93.46243539801688 22.6510251259188 38.689814751931614 28.450179748763915 80.8213289517736 33.876828874920136 30.085183605420784 38.08660104789416 2.232095877129281 20.565933810347627 98.95418265963201 34.2314780334005 31.40830917581955 99.22947276034942 4.417398633780934 22.425423451771575 10.62031588573723 87.83910933025089 82.56500954257774 4.063475580303755 32.67698971710171 19.033406169472755 52.515211816220564 62.63361213412977 8.499726613012836 29.893667623727616 2.1208372018297172 5.919654196693336 8.134329550895936 19.16844161901694 11.3993598941454 88.1013576481286 76.3257913952459 97.86618412612779 29.27619839678104 67.9032043852712 60.9744479430955 71.21292789990945 67.38477504185484 47.911449684694674 8.239701430973788 40.60124108842794 58.36383486320136 45.99777106663446 68.57707042523865 
44.156362726405405 30.881404845737904 40.22657537659371 51.0850334871258 34.12804601814358 23.806224344400917 78.15854549239991 98.93065847155965 68.12471651539725 37.14882655797689 64.13572724366581 70.44583387501012 67.08116873991159 81.33592150283727 2.1688123810679305 94.47628601785273 26.365741166620072 64.90685059885855 37.4508960668117 10.615611474105968 28.937646552842857 7.33188794377666 20.894389074273167 26.50561667039546 61.66998506873818 9.610280362241753 96.77207518750201 60.6855365101726 11.325001288177216 10.760136187000413 60.45725952867499 28.954820581954266 59.281597955073 78.27531086012591 19.55552990453753 71.2054629747385 87.82899333233539 83.37606402793173 93.03344533685997 76.70820005827132 68.22883365677342 47.4587590433355 34.74667526279494 18.94240906360417 16.868314182361168 26.797956785492527 33.86077990950922 46.88687231970559 16.277060517974284 84.37063890325805 