50
0 50 54 71 79 52 86 74 74 94 54 35 78 53 41 41 72 52 20 38 17 67 41 33 85 58 14 50 20 46 56 75 20 36 41 46 75 36 28 44 24 36 29 89 88 21 22 55 79 39 
50 0 8 52 36 73 36 27 26 80 58 62 42 59 64 46 66 51 40 38 40 31 54 24 73 46 57 86 33 90 94 71 63 55 82 10 70 82 22 88 63 32 24 39 73 46 44 97 77 47 
54 8 0 45 28 71 32 20 20 73 53 70 33 55 63 43 60 46 46 46 46 23 62 31 66 40 62 86 36 91 93 65 69 63 83 9 63 84 27 89 64 40 30 35 66 47 51 98 71 55 
71 52 45 0 35 49 58 45 45 28 27 100 25 29 49 31 19 23 75 83 73 25 97 68 21 13 84 72 53 84 78 24 90 96 76 43 21 84 57 84 64 78 64 63 22 51 80 87 30 91 
79 36 28 35 0 79 24 14 14 57 57 98 11 59 74 53 54 50 74 74 73 14 90 60 53 39 89 98 59 107 106 59 95 91 99 34 56 103 54 106 83 69 58 28 52 66 79 112 65 83 
52 73 71 49 79 0 98 83 83 59 23 87 72 21 11 28 36 29 69 84 65 65 91 72 50 40 65 23 47 38 29 36 69 87 30 63 39 42 60 38 31 81 67 102 54 33 72 39 37 88 
86 36 32 58 24 98 0 15 14 81 77 96 34 79 91 70 77 70 75 70 75 34 86 59 77 60 93 115 67 122 123 82 99 89 114 40 80 116 58 120 95 65 59 4 76 78 79 128 88 79 
74 27 20 45 14 83 15 0 1 69 62 89 23 64 77 56 64 55 66 64 66 20 80 51 65 46 83 101 55 108 108 69 89 82 100 28 66 103 47 107 82 59 50 19 64 65 71 114 75 73 
74 26 20 45 14 83 14 1 0 70 63 89 24 65 77 56 64 56 66 64 66 21 80 50 65 46 82 101 55 108 108 69 89 82 100 28 66 103 47 107 82 58 50 19 64 65 71 114 75 73 
94 80 73 28 57 59 81 69 70 0 42 126 47 43 63 53 24 42 102 111 99 51 124 96 10 38 108 82 78 97 87 23 114 123 89 71 21 100 84 97 83 106 91 85 7 73 107 97 23 119 
54 58 53 27 57 23 77 62 63 42 0 88 49 2 23 14 18 7 65 78 62 44 89 64 32 18 68 45 41 58 51 21 74 86 49 47 22 58 51 58 41 73 59 81 36 33 70 60 25 84 
35 62 70 100 98 87 96 89 89 126 88 0 101 87 76 74 105 85 25 27 27 89 14 38 117 88 22 83 48 74 88 108 20 9 72 64 108 62 45 72 58 31 40 98 119 56 20 84 113 20 
78 42 33 25 11 72 34 23 24 47 49 101 0 51 68 47 45 43 76 79 74 11 94 64 43 31 89 92 58 103 99 49 96 95 94 37 46 100 56 102 79 73 61 39 42 63 81 107 55 87 
53 59 55 29 59 21 79 64 65 43 2 87 51 0 21 14 20 9 65 78 62 46 89 64 34 20 67 43 41 56 49 22 73 86 48 48 23 57 52 56 39 74 59 83 37 32 70 58 26 84 
41 64 63 49 74 11 91 77 77 63 23 76 68 21 0 22 40 26 57 73 54 61 80 62 54 38 54 24 37 36 31 41 59 76 27 55 43 36 50 35 21 70 57 96 58 22 61 39 43 77 
41 46 43 31 53 28 70 56 56 53 14 74 47 14 22 0 31 11 51 64 48 39 75 50 44 19 55 46 27 55 53 34 61 72 47 35 34 53 37 55 33 59 45 74 46 20 56 60 39 70 
72 66 60 19 54 36 77 64 64 24 18 105 45 20 40 31 0 20 81 93 78 44 104 77 14 21 86 59 57 74 65 5 92 102 66 56 4 76 65 74 59 87 73 82 18 50 86 75 11 99 
52 51 46 23 50 29 70 55 56 42 7 85 43 9 26 11 20 0 61 73 58 37 85 58 33 11 66 50 37 62 57 24 72 82 53 40 24 61 46 61 42 68 53 74 36 31 66 65 29 79 
20 40 46 75 74 69 75 66 66 102 65 25 76 65 57 51 81 61 0 17 4 65 23 17 93 64 19 70 24 66 77 85 24 21 62 40 85 56 20 65 43 16 16 77 95 35 5 76 90 20 
38 38 46 83 74 84 70 64 64 111 78 27 79 78 73 64 93 73 17 0 21 68 16 16 103 73 34 87 37 83 94 97 37 19 79 43 96 73 27 82 61 6 20 72 104 51 17 93 102 9 
17 40 46 73 73 65 75 66 66 99 62 27 74 62 54 48 78 58 4 21 0 63 27 18 90 61 18 67 21 63 73 82 23 24 58 39 82 53 19 61 40 20 16 78 92 32 8 72 87 24 
67 31 23 25 14 65 34 20 21 51 44 89 11 46 61 39 44 37 65 68 63 0 83 53 46 26 78 85 47 94 92 49 85 84 85 26 46 90 45 93 69 62 50 39 45 53 70 99 55 76 
41 54 62 97 90 91 86 80 80 124 89 14 94 89 80 75 104 85 23 16 27 83 0 31 116 86 31 90 47 83 96 109 31 6 81 58 108 72 41 82 64 22 34 88 117 58 19 93 114 8 
33 24 31 68 60 72 59 51 50 96 64 38 64 64 62 50 77 58 17 16 18 53 31 0 87 58 35 79 25 78 86 82 41 31 72 27 81 69 13 77 53 10 5 61 88 40 21 87 88 24 
85 73 66 21 53 50 77 65 65 10 32 117 43 34 54 44 14 33 93 103 90 46 116 87 0 29 99 73 69 88 78 14 105 114 80 63 12 90 75 88 73 97 83 82 4 64 98 89 16 110 
58 46 40 13 39 40 60 46 46 38 18 88 31 20 38 19 21 11 64 73 61 26 86 58 29 0 72 61 41 73 68 26 78 85 64 35 24 72 46 72 52 68 53 64 31 38 69 76 32 81 
14 57 62 84 89 65 93 83 82 108 68 22 89 67 54 55 86 66 19 34 18 78 31 35 99 72 0 61 32 53 66 89 6 25 50 55 90 42 35 51 35 34 33 95 102 36 17 63 93 31 
50 86 86 72 98 23 115 101 101 82 45 83 92 43 24 46 59 50 70 87 67 85 90 79 73 61 61 0 55 17 8 59 63 85 12 77 61 25 69 18 27 85 74 119 77 40 72 16 59 89 
20 33 36 53 59 47 67 55 55 78 41 48 58 41 37 27 57 37 24 37 21 47 47 25 69 41 32 55 0 57 62 61 38 45 50 27 61 49 14 55 30 33 20 71 71 15 29 64 66 43 
46 90 91 84 107 38 122 108 108 97 58 74 103 56 36 55 74 62 66 83 63 94 83 78 88 73 53 17 57 0 17 74 54 78 9 82 77 11 70 1 26 82 73 125 92 44 67 10 75 84 
56 94 93 78 106 29 123 108 108 87 51 88 99 49 31 53 65 57 77 94 73 92 96 86 78 68 66 8 62 17 0 64 68 91 16 85 67 27 76 18 34 92 81 127 82 48 79 11 64 95 
75 71 65 24 59 36 82 69 69 23 21 108 49 22 41 34 5 24 85 97 82 49 109 82 14 26 89 59 61 74 64 0 95 106 66 61 3 77 70 74 61 92 77 87 18 53 90 74 6 103 
20 63 69 90 95 69 99 89 89 114 74 20 96 73 59 61 92 72 24 37 23 85 31 41 105 78 6 63 38 54 68 95 0 25 52 61 95 42 41 52 39 39 39 101 108 41 21 63 99 33 
36 55 63 96 91 87 89 82 82 123 86 9 95 86 76 72 102 82 21 19 24 84 6 31 114 85 25 85 45 78 91 106 25 0 75 58 106 67 40 76 59 23 33 90 116 55 16 88 111 11 
41 82 83 76 99 30 114 100 100 89 49 72 94 48 27 47 66 53 62 79 58 85 81 72 80 64 50 12 50 9 16 66 52 75 0 74 69 13 63 8 20 77 68 118 84 36 63 15 67 80 
46 10 9 43 34 63 40 28 28 71 47 64 37 48 55 35 56 40 40 43 39 26 58 27 63 35 55 77 27 82 85 61 61 58 74 0 60 75 20 81 55 37 25 44 64 38 45 89 67 51 
75 70 63 21 56 39 80 66 66 21 22 108 46 23 43 34 4 24 85 96 82 46 108 81 12 24 90 61 61 77 67 3 95 106 69 60 0 79 69 76 62 91 76 84 15 54 90 77 9 103 
36 82 84 84 103 42 116 103 103 100 58 62 100 57 36 53 76 61 56 73 53 90 72 69 90 72 42 25 49 11 27 77 42 67 13 75 79 0 61 10 21 72 65 119 94 38 57 21 78 73 
28 22 27 57 54 60 58 47 47 84 51 45 56 52 50 37 65 46 20 27 19 45 41 13 75 46 35 69 14 70 76 70 41 40 63 20 69 61 0 68 43 22 8 61 77 29 25 78 75 34 
44 88 89 84 106 38 120 107 107 97 58 72 102 56 35 55 74 61 65 82 61 93 82 77 88 72 51 18 55 1 18 74 52 76 8 81 76 10 68 0 25 81 72 124 92 42 66 11 75 82 
24 63 64 64 83 31 95 82 82 83 41 58 79 39 21 33 59 42 43 61 40 69 64 53 73 52 35 27 30 26 34 61 39 59 20 55 62 21 43 25 0 58 48 99 77 17 46 34 64 62 
36 32 40 78 69 81 65 59 58 106 73 31 73 74 70 59 87 68 16 6 20 62 22 10 97 68 34 85 33 82 92 92 39 23 77 37 91 72 22 81 58 0 15 67 99 47 18 91 97 14 
29 24 30 64 58 67 59 50 50 91 59 40 61 59 57 45 73 53 16 20 16 50 34 5 83 53 33 74 20 73 81 77 39 33 68 25 76 65 8 72 48 15 0 62 84 35 21 82 83 27 
89 39 35 63 28 102 4 19 19 85 81 98 39 83 96 74 82 74 77 72 78 39 88 61 82 64 95 119 71 125 127 87 101 90 118 44 84 119 61 124 99 67 62 0 80 82 82 132 93 80 
88 73 66 22 52 54 76 64 64 7 36 119 42 37 58 46 18 36 95 104 92 45 117 88 4 31 102 77 71 92 82 18 108 116 84 64 15 94 77 92 77 99 84 80 0 67 100 93 20 112 
21 46 47 51 66 33 78 65 65 73 33 56 63 32 22 20 50 31 35 51 32 53 58 40 64 38 36 40 15 44 48 53 41 55 36 38 54 38 29 42 17 47 35 82 67 0 39 51 58 55 
22 44 51 80 79 72 79 71 71 107 70 20 81 70 61 56 86 66 5 17 8 70 19 21 98 69 17 72 29 67 79 90 21 16 63 45 90 57 25 66 46 18 21 82 100 39 0 77 95 17 
55 97 98 87 112 39 128 114 114 97 60 84 107 58 39 60 75 65 76 93 72 99 93 87 89 76 63 16 64 10 11 74 63 88 15 89 77 21 78 11 34 91 82 132 93 51 77 0 74 93 
79 77 71 30 65 37 88 75 75 23 25 113 55 26 43 39 11 29 90 102 87 55 114 88 16 32 93 59 66 75 64 6 99 111 67 67 9 78 75 75 64 97 83 93 20 58 95 74 0 109 
39 47 55 91 83 88 79 73 73 119 84 20 87 84 77 70 99 79 20 9 24 76 8 24 110 81 31 89 43 84 95 103 33 11 80 51 103 73 34 82 62 14 27 80 112 55 17 93 109 0 
0 1000
2657 3540
1691 1708
4429 5318
3868 4435
1193 1677
5062 5718
2713 3545
2228 2582
2842 2918
637 1346
4768 5611
4072 4956
1936 2375
5507 5679
989 1772
137 302
2400 2533
2302 2819
1413 1424
4186 4686
3319 4207
805 842
871 1348
3984 4194
5260 6199
3158 3187
3462 3655
2990 3684
4670 4877
1551 2361
195 1061
4567 5235
3629 4487
2059 2817
3063 3906
154 684
4895 5441
1324 2054
316 797
2477 2740
4252 5069
5154 5224
5328 5636
559 1385
440 1230
2574 2864
1072 1983
3763 4687
1838 2340
58.12559825049062 80.25021452754396 75.07030963048771 32.77150618690031 65.40944252228897 11.137800554007127 89.30773180480016 77.2100900272493 77.7889261234579 8.357047733513634 22.897769562112757 89.31413649651724 54.878056780510406 21.946066814443544 21.76623903590992 35.72231428337661 15.232088851989179 29.612026879399078 77.83849710574835 94.64063900044975 74.02514581400384 57.762206137270965 98.24777917310504 83.59041370453065 12.438488477484523 35.47404629910888 67.95450842392054 7.908485111522234 58.59408076256333 15.569237840227812 2.048773404471016 9.993683174570055 69.07529810316925 93.06461210552145 17.641092114561964 69.8043672446672 12.335395896081657 26.825533283468715 71.49372783367936 17.006549848034204 34.65710556317846 91.50965852298414 78.29669704111508 93.47492871319568 13.440455460855183 44.14680314603696 80.35120614416697 5.688406496981713 3.9052500228928033 97.11394679192126 
17.614578007990534 62.73915949028345 69.21268532381308 83.43205773190776 95.95289776062938 38.949393731893245 97.4953615507306 89.29012414906619 89.08573330502809 97.8078788363373 58.38662752476371 1.0910980758216726 95.64762294997453 56.56159381674304 35.87491970888069 52.34944293538777 75.04077162220702 61.11134687516117 23.22748100476598 27.525875786540844 23.677957391692917 84.67422779424817 11.689380829929219 38.92395587281783 89.14903141759865 71.00216907438909 7.210908008445472 16.198832996283453 37.54918529009599 0.8605714084838456 11.433082425155117 74.90559472248827 0.8100210502120508 8.996633162581858 9.173465395302106 62.06979597265448 77.50411961157275 0.019046337780048717 42.214307098372615 1.1478788885060154 19.19439654882018 32.37027313771584 39.025722089059364 99.10610793660652 92.87138670009344 33.73471094202295 18.55780097541625 0.6880623808922404 75.09017215218414 19.12435989778949 