50
0 105 55 87 111 42 108 88 98 105 20 25 110 83 90 81 7 92 56 56 102 45 97 20 45 15 59 71 70 14 82 58 99 79 112 93 105 35 85 55 96 61 111 73 60 96 89 78 29 64 
105 0 89 104 48 70 66 23 20 29 90 87 38 49 26 34 103 62 73 50 18 69 86 86 69 91 100 42 41 92 70 67 74 32 69 108 66 85 99 57 40 47 28 43 58 33 98 93 79 82 
55 89 0 34 70 65 61 66 73 74 60 32 75 46 89 55 48 46 16 51 77 27 44 52 28 48 11 47 74 54 34 22 49 58 64 39 57 22 30 68 61 64 80 47 32 65 34 23 38 12 
87 104 34 0 69 97 53 82 85 81 93 66 77 55 111 71 80 45 42 78 88 58 25 85 58 82 29 66 100 87 34 46 38 75 53 6 49 56 5 98 67 91 86 64 55 73 7 13 71 29 
111 48 70 69 0 91 19 37 31 20 102 86 11 28 69 35 106 26 58 63 31 66 45 96 66 98 78 42 72 101 38 54 32 40 21 71 22 79 65 82 15 70 22 39 51 20 62 62 82 59 
42 70 65 97 91 0 96 58 68 79 22 38 86 67 50 56 44 81 55 28 72 40 96 23 39 30 75 49 30 28 77 53 92 52 100 103 93 46 93 14 75 24 83 52 48 72 95 85 29 68 
108 66 61 53 19 96 0 50 47 37 103 83 30 29 83 44 103 17 52 68 48 64 28 96 64 97 66 47 82 101 27 50 14 49 4 54 4 74 49 89 27 78 40 44 50 33 45 47 81 49 
88 23 66 82 37 58 50 0 10 21 74 67 30 28 33 11 85 42 50 33 15 48 66 69 47 73 77 20 35 75 48 44 55 9 54 86 50 64 77 47 23 35 25 20 35 17 76 70 60 59 
98 20 73 85 31 68 47 10 0 12 85 76 22 30 38 18 95 42 57 43 5 57 66 80 56 83 83 28 44 86 51 51 54 19 50 89 47 73 80 57 20 45 15 27 43 13 79 74 69 64 
105 29 74 81 20 79 37 21 12 0 94 82 10 29 50 24 101 37 59 52 11 62 60 88 62 91 83 34 56 94 47 54 47 27 40 84 38 77 76 68 14 56 6 32 47 10 74 71 76 64 
20 90 60 93 102 22 103 74 85 94 0 27 100 76 72 70 23 87 55 42 89 40 98 8 40 12 66 61 52 8 80 55 97 67 107 99 100 38 90 36 87 43 99 63 53 86 93 82 23 66 
25 87 32 66 86 38 83 67 76 82 27 0 86 58 77 58 20 66 31 38 81 20 73 20 20 16 39 48 57 21 57 33 74 57 86 71 79 10 62 46 72 47 88 50 35 73 66 55 10 40 
110 38 75 77 11 86 30 30 22 10 100 86 0 29 60 31 106 33 61 59 21 66 55 94 66 96 83 39 65 99 45 56 41 34 32 80 32 80 73 76 14 64 11 37 51 14 70 69 81 64 
83 49 46 55 28 67 29 28 30 29 76 58 29 0 59 18 78 16 32 39 34 38 38 69 38 70 55 19 55 74 21 27 29 23 33 59 27 52 50 60 15 50 35 15 23 19 49 44 55 35 
90 26 89 111 69 50 83 33 38 50 72 77 60 59 0 41 90 75 73 39 39 64 98 70 63 76 99 45 21 76 79 67 88 37 87 116 83 78 106 37 56 30 51 47 58 50 106 98 67 84 
81 34 55 71 35 56 44 11 18 24 70 58 31 18 41 0 77 33 39 28 23 39 56 64 38 67 66 10 38 69 38 33 47 5 48 75 43 55 66 47 20 35 30 9 25 16 66 59 52 48 
7 103 48 80 106 44 103 85 95 101 23 20 106 78 90 77 0 86 50 54 99 40 91 21 40 14 52 68 70 16 76 53 93 76 106 86 99 28 78 55 92 60 107 69 55 92 82 71 25 58 
92 62 46 45 26 81 17 42 42 37 87 66 33 16 75 33 86 0 36 54 45 47 24 80 48 80 52 34 70 84 13 34 13 39 20 47 13 58 40 75 23 65 42 31 34 29 38 36 65 34 
56 73 16 42 58 55 52 50 57 59 55 31 61 32 73 39 50 36 0 37 62 16 43 47 16 46 27 31 59 51 26 6 43 41 56 48 49 22 38 56 47 50 66 30 15 50 40 30 32 13 
56 50 51 78 63 28 68 33 43 52 42 38 59 39 39 28 54 54 37 0 47 25 72 37 24 41 62 21 23 43 52 32 66 25 72 84 66 39 74 21 47 13 57 25 24 45 75 66 29 50 
102 18 77 88 31 72 48 15 5 11 89 81 21 34 39 23 99 45 62 47 0 61 69 84 61 88 87 33 47 90 54 56 57 23 51 92 49 77 84 61 23 49 12 32 48 16 82 78 74 68 
45 69 27 58 66 40 64 48 57 62 40 20 66 38 64 39 40 47 16 25 61 0 58 33 1 33 38 29 47 37 40 14 57 39 68 63 61 16 53 41 52 37 68 30 15 53 56 45 18 29 
97 86 44 25 45 96 28 66 66 60 98 73 55 38 98 56 91 24 43 72 69 58 0 90 58 88 45 55 91 93 20 44 14 61 28 26 24 63 22 93 46 84 65 52 49 53 18 23 75 33 
20 86 52 85 96 23 96 69 80 88 8 20 94 69 70 64 21 80 47 37 84 33 90 0 32 7 59 55 50 6 73 47 89 61 100 91 93 30 82 35 81 41 93 57 46 80 85 74 15 58 
45 69 28 58 66 39 64 47 56 62 40 20 66 38 63 38 40 48 16 24 61 1 58 32 0 33 38 29 47 37 40 15 57 38 68 64 61 17 54 41 52 36 68 30 15 53 56 46 17 29 
15 91 48 82 98 30 97 73 83 91 12 16 96 70 76 67 14 80 46 41 88 33 88 7 33 0 55 57 56 5 72 47 89 65 100 88 93 27 79 41 83 46 97 60 47 83 82 71 15 56 
59 100 11 29 78 75 66 77 83 83 66 39 83 55 99 66 52 52 27 62 87 38 45 59 38 55 0 58 84 60 40 33 53 68 69 34 63 29 27 78 70 74 89 57 42 74 32 22 46 19 
71 42 47 66 42 49 47 20 28 34 61 48 39 19 45 10 68 34 31 21 33 29 55 55 29 57 58 0 37 60 35 25 47 11 51 71 45 45 61 42 27 31 40 3 16 25 61 54 43 41 
70 41 74 100 72 30 82 35 44 56 52 57 65 55 21 38 70 70 59 23 47 47 91 50 47 56 84 37 0 56 71 54 83 33 86 105 81 61 95 16 57 11 59 40 45 52 96 87 48 72 
14 92 54 87 101 28 101 75 86 94 8 21 99 74 76 69 16 84 51 43 90 37 93 6 37 5 60 60 56 0 77 51 93 67 104 93 98 32 84 40 86 47 99 63 51 85 87 76 19 61 
82 70 34 34 38 77 27 48 51 47 80 57 45 21 79 38 76 13 26 52 54 40 20 73 40 72 40 35 71 77 0 26 17 43 30 38 24 48 29 74 33 64 53 32 29 39 28 24 57 22 
58 67 22 46 54 53 50 44 51 54 55 33 56 27 67 33 53 34 6 32 56 14 44 47 15 47 33 25 54 51 26 0 42 35 54 52 47 25 42 52 42 45 60 24 9 44 43 34 32 18 
99 74 49 38 32 92 14 55 54 47 97 74 41 29 88 47 93 13 43 66 57 57 14 89 57 89 53 47 83 93 17 42 0 52 16 39 11 65 34 88 34 78 51 44 45 41 31 33 74 37 
79 32 58 75 40 52 49 9 19 27 67 57 34 23 37 5 76 39 41 25 23 39 61 61 38 65 68 11 33 67 43 35 52 0 53 80 48 55 70 42 24 31 32 11 26 20 70 63 51 51 
112 69 64 53 21 100 4 54 50 40 107 86 32 33 87 48 106 20 56 72 51 68 28 100 68 100 69 51 86 104 30 54 16 53 0 54 7 78 50 93 30 82 43 48 54 37 46 49 85 52 
93 108 39 6 71 103 54 86 89 84 99 71 80 59 116 75 86 47 48 84 92 63 26 91 64 88 34 71 105 93 38 52 39 80 54 0 50 61 10 104 70 97 89 69 60 76 10 18 77 35 
105 66 57 49 22 93 4 50 47 38 100 79 32 27 83 43 99 13 49 66 49 61 24 93 61 93 63 45 81 98 24 47 11 48 7 50 0 71 45 87 27 76 42 42 47 34 42 43 78 45 
35 85 22 56 79 46 74 64 73 77 38 10 80 52 78 55 28 58 22 39 77 16 63 30 17 27 29 45 61 32 48 25 65 55 78 61 71 0 52 51 66 50 84 46 30 68 56 45 17 30 
85 99 30 5 65 93 49 77 80 76 90 62 73 50 106 66 78 40 38 74 84 53 22 82 54 79 27 61 95 84 29 42 34 70 50 10 45 52 0 94 62 87 82 59 50 68 5 8 67 25 
55 57 68 98 82 14 89 47 57 68 36 46 76 60 37 47 55 75 56 21 61 41 93 35 41 41 78 42 16 40 74 52 88 42 93 104 87 51 94 0 66 12 72 45 45 63 95 85 36 69 
96 40 61 67 15 75 27 23 20 14 87 72 14 15 56 20 92 23 47 47 23 52 46 81 52 83 70 27 57 86 33 42 34 24 30 70 27 66 62 66 0 55 20 24 37 7 60 57 68 50 
61 47 64 91 70 24 78 35 45 56 43 47 64 50 30 35 60 65 50 13 49 37 84 41 36 46 74 31 11 47 64 45 78 31 82 97 76 50 87 12 55 0 60 34 37 51 88 78 37 62 
111 28 80 86 22 83 40 25 15 6 99 88 11 35 51 30 107 42 66 57 12 68 65 93 68 97 89 40 59 99 53 60 51 32 43 89 42 84 82 72 20 60 0 38 54 16 79 77 82 70 
73 43 47 64 39 52 44 20 27 32 63 50 37 15 47 9 69 31 30 25 32 30 52 57 30 60 57 3 40 63 32 24 44 11 48 69 42 46 59 45 24 34 38 0 16 23 59 52 45 39 
60 58 32 55 51 48 50 35 43 47 53 35 51 23 58 25 55 34 15 24 48 15 49 46 15 47 42 16 45 51 29 9 45 26 54 60 47 30 50 45 37 37 54 16 0 38 51 42 32 27 
96 33 65 73 20 72 33 17 13 10 86 73 14 19 50 16 92 29 50 45 16 53 53 80 53 83 74 25 52 85 39 44 41 20 37 76 34 68 68 63 7 51 16 23 38 0 66 63 68 55 
89 98 34 7 62 95 45 76 79 74 93 66 70 49 106 66 82 38 40 75 82 56 18 85 56 82 32 61 96 87 28 43 31 70 46 10 42 56 5 95 60 88 79 59 51 66 0 11 70 27 
78 93 23 13 62 85 47 70 74 71 82 55 69 44 98 59 71 36 30 66 78 45 23 74 46 71 22 54 87 76 24 34 33 63 49 18 43 45 8 85 57 78 77 52 42 63 11 0 59 17 
29 79 38 71 82 29 81 60 69 76 23 10 81 55 67 52 25 65 32 29 74 18 75 15 17 15 46 43 48 19 57 32 74 51 85 77 78 17 67 36 68 37 82 45 32 68 70 59 0 43 
64 82 12 29 59 68 49 59 64 64 66 40 64 35 84 48 58 34 13 50 68 29 33 58 29 56 19 41 72 61 22 18 37 51 52 35 45 30 25 69 50 62 70 39 27 55 27 17 43 0 
0 1000
780 1204
3171 4078
3364 3717
2151 2871
294 805
4723 4770
201 965
2770 3399
2678 2762
2895 3669
4600 5102
5038 5502
3874 4250
846 1431
4206 5062
41 704
4401 4625
3191 3604
981 1452
3036 3440
1282 1713
1164 2147
1410 2061
4329 4632
4866 5865
590 1188
3531 4522
1970 2537
3740 4408
3916 4376
1735 2363
1083 1624
390 1061
4514 5450
1520 2128
467 1397
3638 4492
2416 2869
4018 4911
716 1164
1690 2506
4168 4724
3850 4110
2540 2802
2249 2891
2068 2372
1815 1919
3269 3595
3429 4069
98.7551716605556 0.37581476227369626 88.15875424775004 91.97404582790283 23.046119550107225 56.840395960884116 39.480471428356 22.654495370269213 15.222946893652745 14.570545835845705 79.1175954524571 85.4807275804152 16.003663198688134 43.345103930726104 9.319388894132864 33.09191167116282 99.2114589821737 48.622627977524466 72.48758727083602 47.53929011644292 10.76237431173177 69.4725643534918 66.98950592583041 78.85726819682951 68.96666405667922 85.24088241207714 97.82428418340642 42.157870264853706 29.43707716117053 84.41146179746309 60.71932905081486 66.55830706449855 53.875269621343456 31.72850657224512 39.280947925211876 93.07859139964768 43.021927005149685 85.52034155201294 88.02750913102709 44.03087894078948 28.518707030201483 39.47688092906307 8.558774900128352 42.14864381056965 58.09854445608461 23.9911869897914 84.54364224213597 84.64827651952871 76.50794509951292 78.6700992418496 
94.66117528353102 56.937676660718076 40.91458021077848 7.551437061675015 14.137424942761056 98.31476435080629 4.3121930797480275 51.19731502582423 44.06790971151416 31.924666277014136 99.75603975036493 73.01870313965743 22.358790953287656 32.871726474555906 81.54272008696408 47.6298265546354 87.63111842130871 18.100463254739374 45.123815050324225 72.13414491087063 42.57120695917849 60.63584387184544 2.750081959523887 91.93472877240151 61.029706435954054 89.30384465511163 36.08516556106294 51.356286600972226 85.58928041420145 94.32988509262238 21.554322277142635 46.48823042035374 6.013784010550848 52.69589462153987 0.25879933369330477 1.9644602813338574 6.017107454267167 62.79681532841428 10.642297682131508 93.17918097697753 28.61052245830581 82.23597963946435 30.34563400775827 48.13064089399337 50.62289067030813 33.926780278256544 7.001984915758586 18.155971295563745 76.66519749769958 33.64397511948385 