50
0 48 96 10 58 84 34 46 26 9 35 42 60 64 2 68 74 48 58 73 50 32 49 68 30 56 41 51 32 70 74 80 63 87 95 46 44 102 15 69 90 42 55 78 113 83 62 76 91 92 
48 0 53 48 11 38 37 49 22 42 13 62 63 25 47 23 63 44 70 27 44 23 22 20 39 13 32 28 39 60 33 37 80 46 47 3 4 72 49 22 44 35 57 37 81 49 19 50 44 73 
96 53 0 99 48 18 70 71 72 93 65 89 74 62 96 30 59 63 87 27 62 64 47 36 93 41 60 49 72 60 22 17 97 10 21 54 56 35 101 42 15 61 71 19 39 23 35 37 23 53 
10 48 99 0 58 85 41 54 27 6 34 51 69 60 8 69 82 56 67 74 57 36 53 68 22 58 47 56 40 78 77 82 73 90 95 46 44 108 6 68 92 49 64 80 118 88 64 82 92 99 
58 11 48 58 0 31 47 58 32 52 24 72 71 19 57 19 68 53 79 21 52 33 28 12 46 15 41 35 49 66 30 32 89 42 38 14 15 71 58 11 37 43 65 34 80 48 18 52 35 76 
84 38 18 85 31 0 62 66 58 79 51 84 73 44 83 16 63 59 85 11 58 53 38 19 77 28 52 41 64 62 15 9 95 16 13 39 42 48 87 24 7 54 69 15 54 29 22 40 12 61 
34 37 70 41 47 62 0 15 27 36 30 25 30 62 35 47 41 15 34 53 16 15 24 51 51 37 10 21 3 37 49 55 43 60 74 34 34 69 46 56 68 9 24 51 80 52 41 44 72 59 
46 49 71 54 58 66 15 0 42 49 44 18 16 74 47 54 29 7 21 59 9 29 31 59 66 45 17 25 15 25 52 59 31 61 79 46 46 63 59 66 72 15 10 53 74 50 47 39 77 48 
26 22 72 27 32 58 27 42 0 21 8 49 58 40 25 43 65 40 61 48 41 14 29 42 26 31 28 33 28 61 50 56 70 64 69 19 17 84 29 43 65 30 52 54 94 63 37 59 65 80 
9 42 93 6 52 79 36 49 21 0 29 48 64 56 7 63 77 51 64 68 52 30 47 62 21 52 41 49 34 72 71 76 70 84 89 40 38 101 10 63 86 43 59 74 112 81 58 76 86 94 
35 13 65 34 24 51 30 44 8 29 0 54 59 33 33 35 64 41 64 40 42 15 25 34 29 24 29 30 31 60 44 49 74 57 61 12 10 79 36 35 57 31 53 48 90 58 30 56 57 77 
42 62 89 51 72 84 25 18 49 48 54 0 24 86 43 70 43 26 17 76 27 39 47 75 68 61 32 42 23 39 70 77 22 79 97 59 58 80 57 81 90 30 22 71 91 69 64 57 95 63 
60 63 74 69 71 73 30 16 58 64 59 24 0 88 62 63 20 18 13 68 19 44 42 70 81 57 31 36 31 17 59 65 23 65 86 60 60 59 74 77 79 28 6 59 69 52 57 38 85 40 
64 25 62 60 19 44 62 74 40 56 33 86 88 0 62 36 87 69 95 36 69 47 46 28 43 34 57 53 63 84 48 48 105 58 47 28 28 89 59 20 49 60 82 51 97 66 37 71 43 94 
2 47 96 8 57 83 35 47 25 7 33 43 62 62 0 67 75 49 59 72 50 32 49 67 28 56 42 51 33 71 74 80 65 87 94 45 43 102 14 68 90 42 56 77 113 83 61 77 90 93 
68 23 30 69 19 16 47 54 43 63 35 70 63 36 67 0 56 47 73 6 46 38 24 9 62 12 38 28 49 54 12 14 84 23 27 24 26 53 71 17 22 40 58 15 61 30 7 37 25 60 
74 63 59 82 68 63 41 29 65 77 64 43 20 87 75 56 0 26 33 60 25 51 41 64 90 53 37 35 42 4 48 54 41 51 74 61 62 39 87 73 67 35 21 48 49 37 52 23 74 20 
48 44 63 56 53 59 15 7 40 51 41 26 18 69 49 47 26 0 27 52 2 27 25 53 65 39 13 19 17 22 44 51 37 54 72 42 42 57 61 60 65 10 12 46 68 43 41 32 70 44 
58 70 87 67 79 85 34 21 61 64 64 17 13 95 59 73 33 27 0 79 28 49 51 80 83 66 38 46 34 30 70 77 11 77 98 67 67 72 73 87 90 35 16 71 81 65 67 51 96 52 
73 27 27 74 21 11 53 59 48 68 40 76 68 36 72 6 60 52 79 0 51 43 29 9 66 17 44 33 55 58 13 12 89 22 22 28 31 53 76 16 17 46 63 15 60 31 12 39 19 62 
50 44 62 57 52 58 16 9 41 52 42 27 19 69 50 46 25 2 28 51 0 27 24 52 66 38 13 18 18 21 43 50 38 52 71 41 42 55 62 59 63 10 13 45 66 42 40 30 69 43 
32 23 64 36 33 53 15 29 14 30 15 39 44 47 32 38 51 27 49 43 27 0 17 39 40 26 14 20 16 47 42 48 59 55 65 20 19 72 40 43 60 17 38 46 82 52 31 47 62 66 
49 22 47 53 28 38 24 31 29 47 25 47 42 46 49 24 41 25 51 29 24 17 0 29 54 14 15 7 26 38 26 32 62 38 50 19 21 55 57 35 44 17 37 29 66 34 17 31 48 53 
68 20 36 68 12 19 51 59 42 62 34 75 70 28 67 9 64 53 80 9 52 39 29 0 58 14 43 34 53 62 20 20 90 30 27 22 24 61 69 9 24 45 64 23 69 39 13 45 23 69 
30 39 93 22 46 77 51 66 26 21 29 68 81 43 28 62 90 65 83 66 66 40 54 58 0 52 54 58 50 86 72 76 90 85 85 39 37 109 18 56 83 56 75 76 119 87 58 85 81 105 
56 13 41 58 15 28 37 45 31 52 24 61 57 34 56 12 53 39 66 17 38 26 14 14 52 0 29 20 39 51 20 24 76 33 39 13 15 58 60 21 34 31 51 24 68 36 6 38 36 61 
41 32 60 47 41 52 10 17 28 41 29 32 31 57 42 38 37 13 38 44 13 14 15 43 54 29 0 11 12 33 39 46 48 50 65 29 29 61 52 49 59 3 25 41 72 43 32 35 63 52 
51 28 49 56 35 41 21 25 33 49 30 42 36 53 51 28 35 19 46 33 18 20 7 34 58 20 11 0 24 32 28 35 56 39 54 26 27 52 59 41 48 13 30 30 63 33 22 27 52 47 
32 39 72 40 49 64 3 15 28 34 31 23 31 63 33 49 42 17 34 55 18 16 26 53 50 39 12 24 0 38 51 58 43 62 76 36 35 72 45 58 70 12 25 54 83 55 43 46 74 61 
70 60 60 78 66 62 37 25 61 72 60 39 17 84 71 54 4 22 30 58 21 47 38 62 86 51 33 32 38 0 47 53 38 51 74 58 59 42 83 70 66 30 17 47 52 37 50 23 74 24 
74 33 22 77 30 15 49 52 50 71 44 70 59 48 74 12 48 44 70 13 43 42 26 20 72 20 39 28 51 47 0 7 81 13 28 33 35 41 79 28 20 40 54 4 50 19 14 27 26 50 
80 37 17 82 32 9 55 59 56 76 49 77 65 48 80 14 54 51 77 12 50 48 32 20 76 24 46 35 58 53 7 0 87 10 21 38 40 42 84 28 13 47 61 6 49 21 18 32 20 53 
63 80 97 73 89 95 43 31 70 70 74 22 23 105 65 84 41 37 11 89 38 59 62 90 90 76 48 56 43 38 81 87 0 88 108 77 77 80 79 97 101 46 27 82 89 75 78 61 107 59 
87 46 10 90 42 16 60 61 64 84 57 79 65 58 87 23 51 54 77 22 52 55 38 30 85 33 50 39 62 51 13 10 88 0 25 46 49 32 93 38 17 51 61 10 39 15 27 28 26 47 
95 47 21 95 38 13 74 79 69 89 61 97 86 47 94 27 74 72 98 22 71 65 50 27 85 39 65 54 76 74 28 21 108 25 0 49 51 55 96 29 8 67 82 27 60 39 34 52 4 71 
46 3 54 46 14 39 34 46 19 40 12 59 60 28 45 24 61 42 67 28 41 20 19 22 39 13 29 26 36 58 33 38 77 46 49 0 2 71 47 24 46 32 54 37 81 48 19 49 46 72 
44 4 56 44 15 42 34 46 17 38 10 58 60 28 43 26 62 42 67 31 42 19 21 24 37 15 29 27 35 59 35 40 77 49 51 2 0 73 45 26 48 32 54 39 83 50 21 50 48 73 
102 72 35 108 71 48 69 63 84 101 79 80 59 89 102 53 39 57 72 53 55 72 55 61 109 58 61 52 72 42 41 42 80 32 55 71 73 0 111 69 48 60 59 37 11 23 53 26 57 23 
15 49 101 6 58 87 46 59 29 10 36 57 74 59 14 71 87 61 73 76 62 40 57 69 18 60 52 59 45 83 79 84 79 93 96 47 45 111 0 69 93 53 69 83 122 91 66 86 93 104 
69 22 42 68 11 24 56 66 43 63 35 81 77 20 68 17 73 60 87 16 59 43 35 9 56 21 49 41 58 70 28 28 97 38 29 24 26 69 69 0 29 52 72 32 77 47 21 54 25 77 
90 44 15 92 37 7 68 72 65 86 57 90 79 49 90 22 67 65 90 17 63 60 44 24 83 34 59 48 70 66 20 13 101 17 8 46 48 48 93 29 0 60 74 19 53 32 29 44 9 64 
42 35 61 49 43 54 9 15 30 43 31 30 28 60 42 40 35 10 35 46 10 17 17 45 56 31 3 13 12 30 40 47 46 51 67 32 32 60 53 52 60 0 22 43 71 43 34 35 65 51 
55 57 71 64 65 69 24 10 52 59 53 22 6 82 56 58 21 12 16 63 13 38 37 64 75 51 25 30 25 17 54 61 27 61 82 54 54 59 69 72 74 22 0 55 69 49 52 36 80 41 
78 37 19 80 34 15 51 53 54 74 48 71 59 51 77 15 48 46 71 15 45 46 29 23 76 24 41 30 54 47 4 6 82 10 27 37 39 37 83 32 19 43 55 0 46 16 18 26 27 47 
113 81 39 118 80 54 80 74 94 112 90 91 69 97 113 61 49 68 81 60 66 82 66 69 119 68 72 63 83 52 50 49 89 39 60 81 83 11 122 77 53 71 69 46 0 32 62 37 62 31 
83 49 23 88 48 29 52 50 63 81 58 69 52 66 83 30 37 43 65 31 42 52 34 39 87 36 43 33 55 37 19 21 75 15 39 48 50 23 91 47 32 43 49 16 32 0 30 14 40 32 
62 19 35 64 18 22 41 47 37 58 30 64 57 37 61 7 52 41 67 12 40 31 17 13 58 6 32 22 43 50 14 18 78 27 34 19 21 53 66 21 29 34 52 18 62 30 0 34 31 58 
76 50 37 82 52 40 44 39 59 76 56 57 38 71 77 37 23 32 51 39 30 47 31 45 85 38 35 27 46 23 27 32 61 28 52 49 50 26 86 54 44 35 36 26 37 14 34 0 52 23 
91 44 23 92 35 12 72 77 65 86 57 95 85 43 90 25 74 70 96 19 69 62 48 23 81 36 63 52 74 74 26 20 107 26 4 46 48 57 93 25 9 65 80 27 62 40 31 52 0 72 
92 73 53 99 76 61 59 48 80 94 77 63 40 94 93 60 20 44 52 62 43 66 53 69 105 61 52 47 61 24 50 53 59 47 71 72 73 23 104 77 64 51 41 47 31 32 58 23 72 0 
0 1000
3530 4036
978 1375
195 550
1937 2363
2058 2857
3251 3324
57 981
4395 5138
176 457
2694 3458
1491 1869
3451 3761
2253 2636
692 1374
4669 5443
4544 5372
3357 4201
1793 2730
4755 5621
603 1006
3906 4586
1114 1931
1240 1495
1379 1699
3159 3581
3796 4527
2181 3176
3267 3946
3468 3886
4161 4566
4239 5231
2454 2722
916 1562
4052 4314
3025 3945
3081 3127
492 874
4915 5302
343 443
4321 5245
1707 2659
4573 5110
2601 3454
836 874
1606 1816
3720 3956
2794 2923
2910 3587
3617 4016
75.94258088759752 74.28362521831961 41.20828497026538 85.47843632413277 77.34931827716596 56.86254461099025 49.00188621927584 34.48734873250386 75.8149028780785 81.91163441018628 76.06154236104949 34.15140871846578 18.68987427662009 95.95310178406167 77.5618152942044 60.33801214887114 12.093666054648967 35.50285596910453 18.309869775430588 61.36624933007436 35.02580575743848 61.938114329715624 53.09274282305121 69.02335870535148 99.98678512905713 62.66984374568513 47.74941116134408 46.98045929904856 49.58331162417203 15.665182952974499 49.14663571781438 50.48935272228524 12.574949478393027 41.24737460212775 61.771791552104084 72.51776046037918 73.6108606744318 8.9680078337943 91.06594214869152 77.5761769960861 55.99774686966145 45.4256398557172 24.598087604864183 45.89234769829529 2.561112976510649 30.477325725512184 59.22552293396033 24.88649501631692 64.55510676459653 1.6360506992450063 
3.1237621328753518 51.05009411519639 92.91676662862479 4.607493572700538 61.59181555882341 84.88840887437875 23.669742523905214 22.511615271368136 29.549287370495747 9.760788166703026 37.713547152222006 4.176959423002213 22.221123564024715 63.80790624493634 4.274893893581567 69.37666655292162 41.19693812760396 29.871409520808356 9.188445218028551 74.85867435050011 31.426888392546292 31.906559724404215 46.985400153951694 70.67298535402608 21.21681299287327 57.79232099507606 33.28311794565608 44.61451931476961 21.20122628308233 38.62034385121147 72.2145315828265 79.03471968773383 0.28535880282587467 83.07569533730678 96.70878675697928 48.664526308393796 46.90992874158324 80.30323705053932 5.04630125820621 72.33548425864507 91.34145423547454 32.04820389443515 23.91597993629042 74.67119660990726 89.06346630153531 72.79124102766511 62.86614388285755 60.08730614989475 93.73388931371393 58.18622082904918 