50
0 81 87 43 35 61 87 39 53 68 27 35 73 20 110 46 73 13 70 94 73 73 62 69 68 68 13 3 60 74 33 55 85 69 63 89 74 45 52 74 71 67 42 104 52 64 41 47 79 21 
81 0 9 56 46 40 12 42 52 65 86 84 47 69 34 57 80 76 82 78 48 42 56 61 57 21 92 78 42 67 48 49 22 69 56 88 29 49 39 65 62 76 81 40 45 37 40 39 34 97 
87 9 0 64 53 49 5 48 61 65 91 88 45 74 25 66 80 82 82 75 46 50 65 60 56 23 98 85 43 66 54 58 28 68 64 86 28 53 48 64 61 77 84 33 54 38 46 47 42 103 
43 56 64 0 27 21 66 33 10 82 65 70 76 47 90 4 93 48 92 106 76 31 19 80 77 55 56 40 62 87 32 12 49 85 20 108 66 52 16 86 83 87 72 92 12 62 32 19 39 65 
35 46 53 27 0 34 53 8 33 55 46 48 51 27 77 31 67 32 65 79 51 45 42 54 51 36 46 32 36 61 6 32 51 58 43 81 45 26 23 60 56 60 49 73 27 38 8 16 48 53 
61 40 49 21 34 0 52 37 13 83 79 81 72 60 74 21 97 63 96 104 73 12 16 81 77 47 74 58 60 88 39 10 29 87 16 109 59 56 11 87 83 91 82 80 9 59 35 18 18 82 
87 12 5 66 53 52 0 48 64 61 89 86 41 73 24 68 76 81 78 70 42 54 68 56 52 20 98 85 40 62 54 61 33 64 68 82 24 51 50 60 57 73 82 28 56 35 46 49 46 102 
39 42 48 33 8 37 48 0 38 49 46 46 43 28 71 37 61 34 60 72 43 48 48 47 44 30 50 38 29 54 6 37 50 51 48 74 37 19 27 53 49 55 46 66 32 30 2 19 49 55 
53 52 61 10 33 13 64 38 0 87 74 78 78 55 86 8 99 58 98 110 79 22 10 85 81 56 65 50 65 92 39 3 43 90 11 113 67 58 15 91 87 93 80 90 8 65 37 20 31 74 
68 65 65 82 55 83 61 49 87 0 51 42 20 49 73 86 15 56 17 26 19 92 96 5 8 44 72 69 25 6 50 85 85 4 96 26 37 30 74 6 5 13 35 56 80 28 50 67 91 69 
27 86 91 65 46 79 89 46 74 51 0 10 63 20 109 69 52 17 48 75 62 91 84 54 54 69 24 29 53 56 42 75 97 51 85 67 71 39 68 57 56 46 18 99 71 58 49 62 94 18 
35 84 88 70 48 81 86 46 78 42 10 0 56 23 105 73 42 24 38 66 55 93 88 45 46 65 33 37 48 47 42 78 96 42 89 57 65 35 71 48 47 36 8 93 74 53 49 63 96 28 
73 47 45 76 51 72 41 43 78 20 63 56 0 54 53 79 35 62 37 32 1 79 86 16 13 27 80 73 14 21 47 76 68 24 87 41 18 29 64 19 16 33 50 37 71 14 44 58 76 80 
20 69 74 47 27 60 73 28 55 49 20 23 54 0 95 51 55 8 52 74 54 71 65 49 48 53 26 20 42 54 22 56 77 50 66 70 57 26 49 55 52 48 26 87 52 46 30 42 75 29 
110 34 25 90 77 74 24 71 86 73 109 105 53 95 0 91 86 103 90 74 54 73 89 68 65 42 120 108 57 72 77 83 50 76 89 89 39 70 73 70 68 85 100 20 79 52 69 72 64 123 
46 57 66 4 31 21 68 37 8 86 69 73 79 51 91 0 97 52 96 109 79 30 15 84 81 58 58 43 65 91 36 11 50 89 17 111 69 56 18 90 86 91 76 94 12 66 36 22 38 68 
73 80 80 93 67 97 76 61 99 15 52 42 35 55 86 97 0 61 5 25 34 106 108 19 23 59 75 74 39 14 61 98 99 11 109 16 52 41 87 16 19 7 34 69 93 43 63 80 105 70 
13 76 82 48 32 63 81 34 58 56 17 24 62 8 103 52 61 0 57 81 62 75 67 57 56 61 18 14 50 61 29 58 83 57 68 76 65 34 53 62 59 54 29 95 55 54 36 47 80 21 
70 82 82 92 65 96 78 60 98 17 48 38 37 52 90 96 5 57 0 30 36 106 107 22 25 61 71 71 40 18 60 97 100 14 108 19 54 41 86 20 21 5 30 73 92 44 62 79 105 66 
94 78 75 106 79 104 70 72 110 26 75 66 32 74 74 109 25 81 30 0 32 112 118 26 29 60 97 94 44 20 75 108 100 25 118 16 49 54 96 20 23 30 58 55 102 45 73 89 108 93 
73 48 46 76 51 73 42 43 79 19 62 55 1 54 54 79 34 62 36 32 0 80 87 14 11 28 79 72 14 20 47 76 69 23 87 40 19 28 65 18 15 32 49 38 71 14 44 58 77 79 
73 42 50 31 45 12 54 48 22 92 91 93 79 71 73 30 106 75 106 112 80 0 19 89 85 53 85 70 68 97 50 19 25 96 17 118 65 66 22 95 91 101 93 82 20 66 45 29 10 94 
62 56 65 19 42 16 68 48 10 96 84 88 86 65 89 15 108 67 107 118 87 19 0 93 90 62 74 59 73 101 48 10 43 99 2 122 74 67 22 99 96 102 90 95 16 73 46 29 29 83 
69 61 60 80 54 81 56 47 85 5 54 45 16 49 68 84 19 57 22 26 14 89 93 0 4 40 73 69 21 7 49 83 81 8 94 29 33 28 71 6 2 17 38 52 78 24 48 65 87 71 
68 57 56 77 51 77 52 44 81 8 54 46 13 48 65 81 23 56 25 29 11 85 90 4 0 36 73 67 17 11 46 79 77 12 90 33 29 26 68 10 6 21 39 49 74 20 45 61 83 71 
68 21 23 55 36 47 20 30 56 44 69 65 27 53 42 58 59 61 61 60 28 53 62 40 36 0 78 67 21 47 35 53 41 48 62 68 12 30 41 45 42 56 61 37 48 17 29 37 49 82 
13 92 98 56 46 74 98 50 65 72 24 33 80 26 120 58 75 18 71 97 79 85 74 73 73 78 0 15 68 77 44 67 97 72 75 90 83 52 64 78 76 68 41 113 65 72 52 59 91 10 
3 78 85 40 32 58 85 38 50 69 29 37 73 20 108 43 74 14 71 94 72 70 59 69 67 67 15 0 59 74 31 52 82 70 60 90 73 44 49 74 71 68 43 102 49 63 39 44 76 24 
60 42 43 62 36 60 40 29 65 25 53 48 14 42 57 65 39 50 40 44 14 68 73 21 17 21 68 59 0 28 32 63 60 28 74 50 18 16 51 27 23 35 43 45 58 5 30 45 66 69 
74 67 66 87 61 88 62 54 92 6 56 47 21 54 72 91 14 61 18 20 20 97 101 7 11 47 77 74 28 0 55 90 88 6 101 22 39 35 79 2 5 14 40 55 85 31 55 72 94 74 
33 48 54 32 6 39 54 6 39 50 42 42 47 22 77 36 61 29 60 75 47 50 48 49 46 35 44 31 32 55 0 38 55 53 49 75 43 20 29 55 51 55 43 72 33 34 8 21 53 50 
55 49 58 12 32 10 61 37 3 85 75 78 76 56 83 11 98 58 97 108 76 19 10 83 79 53 67 52 63 90 38 0 39 88 11 111 64 57 12 89 85 92 80 87 5 63 35 18 28 76 
85 22 28 49 51 29 33 50 43 85 97 96 68 77 50 50 99 83 100 100 69 25 43 81 77 41 97 82 60 88 55 39 0 88 42 109 50 64 34 86 82 95 95 61 38 57 48 38 15 104 
69 69 68 85 58 87 64 51 90 4 51 42 24 50 76 89 11 57 14 25 23 96 99 8 12 48 72 70 28 6 53 88 88 0 100 23 41 32 77 7 8 9 34 59 83 31 53 70 94 69 
63 56 64 20 43 16 68 48 11 96 85 89 87 66 89 17 109 68 108 118 87 17 2 94 90 62 75 60 74 101 49 11 42 100 0 122 74 68 23 100 96 103 91 95 16 73 47 30 28 85 
89 88 86 108 81 109 82 74 113 26 67 57 41 70 89 111 16 76 19 16 40 118 122 29 33 68 90 90 50 22 75 111 109 23 122 0 59 55 100 23 27 22 49 70 106 52 76 93 116 85 
74 29 28 66 45 59 24 37 67 37 71 65 18 57 39 69 52 65 54 49 19 65 74 33 29 12 83 73 18 39 43 64 50 41 74 59 0 32 53 37 34 49 60 30 59 13 37 48 60 85 
45 49 53 52 26 56 51 19 58 30 39 35 29 26 70 56 41 34 41 54 28 66 67 28 26 30 52 44 16 35 20 57 64 32 68 55 32 0 46 34 31 35 32 61 51 20 21 38 66 53 
52 39 48 16 23 11 50 27 15 74 68 71 64 49 73 18 87 53 86 96 65 22 22 71 68 41 64 49 51 79 29 12 34 77 23 100 53 46 0 78 74 81 72 76 7 51 25 7 27 72 
74 65 64 86 60 87 60 53 91 6 57 48 19 55 70 90 16 62 20 20 18 95 99 6 10 45 78 74 27 2 55 89 86 7 100 23 37 34 78 0 4 16 41 53 84 29 54 71 93 75 
71 62 61 83 56 83 57 49 87 5 56 47 16 52 68 86 19 59 21 23 15 91 96 2 6 42 76 71 23 5 51 85 82 8 96 27 34 31 74 4 0 17 40 51 80 25 50 67 89 73 
67 76 77 87 60 91 73 55 93 13 46 36 33 48 85 91 7 54 5 30 32 101 102 17 21 56 68 68 35 14 55 92 95 9 103 22 49 35 81 16 17 0 28 69 87 39 57 74 100 64 
42 81 84 72 49 82 82 46 80 35 18 8 50 26 100 76 34 29 30 58 49 93 90 38 39 61 41 43 43 40 43 80 95 34 91 49 60 32 72 41 40 28 0 87 76 48 48 64 96 36 
104 40 33 92 73 80 28 66 90 56 99 93 37 87 20 94 69 95 73 55 38 82 95 52 49 37 113 102 45 55 72 87 61 59 95 70 30 61 76 53 51 69 87 0 83 41 66 73 74 114 
52 45 54 12 27 9 56 32 8 80 71 74 71 52 79 12 93 55 92 102 71 20 16 78 74 48 65 49 58 85 33 5 38 83 16 106 59 51 7 84 80 87 76 83 0 57 30 13 28 73 
64 37 38 62 38 59 35 30 65 28 58 53 14 46 52 66 43 54 44 45 14 66 73 24 20 17 72 63 5 31 34 63 57 31 73 52 13 20 51 29 25 39 48 41 57 0 31 45 64 73 
41 40 46 32 8 35 46 2 37 50 49 49 44 30 69 36 63 36 62 73 44 45 46 48 45 29 52 39 30 55 8 35 48 53 47 76 37 21 25 54 50 57 48 66 30 31 0 17 47 57 
47 39 47 19 16 18 49 19 20 67 62 63 58 42 72 22 80 47 79 89 58 29 29 65 61 37 59 44 45 72 21 18 38 70 30 93 48 38 7 71 67 74 64 73 13 45 17 0 33 66 
79 34 42 39 48 18 46 49 31 91 94 96 76 75 64 38 105 80 105 108 77 10 29 87 83 49 91 76 66 94 53 28 15 94 28 116 60 66 27 93 89 100 96 74 28 64 47 33 0 99 
21 97 103 65 53 82 102 55 74 69 18 28 80 29 123 68 70 21 66 93 79 94 83 71 71 82 10 24 69 74 50 76 104 69 85 85 85 53 72 75 73 64 36 114 73 73 57 66 99 0 
0 1000
3405 3730
2008 2011
3712 4310
1279 1534
4751 4868
1580 2516
4480 5100
542 1045
4346 5089
880 1720
2458 2729
3147 3375
1319 1838
1891 2774
4049 4834
3200 3688
1713 1734
646 1502
2131 2419
4610 5165
154 251
2963 3870
3539 3867
452 662
1963 2654
761 900
1118 1517
287 1248
4182 4849
2407 2474
2804 3438
1000 1068
4971 5822
4849 5423
3246 3806
1205 1356
701 1638
4682 5508
4581 5388
3889 4467
1373 1996
1465 1881
2647 3321
181 1126
2883 3698
4274 4987
350 689
2287 2600
5076 5199
75.22118944448249 16.348197399503906 15.449671176814183 31.89244687384589 48.73412740549783 15.760432082870546 19.315150014198824 49.61661583039674 22.220750940483025 79.98898577183887 94.71443485465139 95.97870368279263 59.98794937741806 75.1353547011306 10.188660123974302 28.929240745820906 94.722552770093 79.0523780538968 97.08964742612285 84.17895644888377 61.19545800008134 4.234566623796942 13.530729464343871 75.38721505531963 71.78825297138441 37.119427563299055 87.28824212352816 72.19594701290796 57.8115500492027 81.02731773559005 53.66038815936748 21.070407328545137 0.38839024245065357 83.6292171795296 11.922613026902528 98.69804434996973 42.91756441391213 63.986417929591646 26.389129946525912 78.83902008974727 76.17892398642519 92.09502701070173 95.22670347046879 29.55311332011069 24.13114041440695 53.47499301727451 47.24638272587362 33.12389350933401 0.4549187698370316 96.66724268342094 
5.161767262470873 60.25100627132861 68.91097371293847 6.76483569845775 27.518032048394126 19.950113314919793 71.97076790799677 35.18044098957572 8.182746895953974 73.18559419718271 24.04626663859023 33.846990159730176 76.87011136485128 24.75744207020093 93.63532757023809 4.212748598466187 75.90474129345567 17.443121592599354 71.66671003439772 98.54952576314265 76.5147009982637 20.390210690183032 4.253706195445639 74.14363394108948 72.6133423875943 61.92116877136053 1.6661314665631033 5.122874520079835 62.721796223089996 78.8355306784943 30.58467067055902 11.412817019367195 44.79698895009867 73.83141180566642 4.785356134659169 91.08532860935364 72.00911146424023 48.28034819060094 22.122749693780207 79.20193761876916 76.46536288694074 69.70431222657578 41.8515237793695 98.31562431270311 15.712820939958384 64.99696768666189 35.080953820824256 25.36609334681641 29.876275478476256 6.037587563159663 