50
0 80 39 17 75 61 48 85 30 73 18 15 19 91 44 59 16 16 51 57 74 83 62 71 71 43 13 57 38 37 73 37 49 52 84 77 17 85 54 56 30 14 85 38 2 23 7 36 68 45 
80 0 42 64 19 46 104 52 51 49 67 75 98 70 45 79 91 97 92 28 23 54 49 70 45 82 93 68 44 91 9 71 73 59 49 45 92 69 27 25 70 78 8 103 79 59 85 75 32 108 
39 42 0 22 39 33 71 60 9 50 28 34 57 73 21 59 51 55 64 20 39 59 41 60 47 53 52 50 10 54 35 41 49 40 58 51 52 69 15 17 37 38 46 66 38 18 43 41 37 73 
17 64 22 0 60 45 58 75 13 63 15 14 36 84 32 58 31 33 56 40 59 73 53 66 61 46 29 53 23 38 57 36 48 45 73 66 32 79 37 39 30 21 68 50 16 7 21 30 55 57 
75 19 39 60 0 56 90 34 47 31 59 72 90 51 33 62 82 90 77 34 5 35 31 52 27 67 88 51 37 93 12 58 57 43 31 26 83 51 27 26 58 69 27 91 73 57 80 78 14 95 
61 46 33 45 56 0 102 86 37 78 57 48 79 102 54 92 76 74 97 22 59 86 72 92 74 86 70 83 43 53 45 74 82 73 83 77 77 99 32 31 69 66 44 95 60 38 61 37 62 102 
48 104 71 58 90 102 0 81 65 71 44 62 39 78 59 37 33 46 17 90 87 78 63 55 72 24 49 44 64 83 95 33 36 49 82 78 33 71 82 85 35 37 111 13 48 65 52 83 78 8 
85 52 60 75 34 86 81 0 66 12 67 88 95 17 42 45 86 98 64 65 30 3 22 28 14 58 97 36 53 112 46 54 46 35 4 9 87 18 54 56 58 74 60 86 83 75 91 100 25 87 
30 51 9 13 47 37 65 66 0 55 21 25 48 77 24 58 42 46 61 28 48 65 45 62 52 49 43 51 13 47 44 38 48 41 64 57 44 73 24 26 33 31 55 59 29 9 34 34 44 66 
73 49 50 63 31 78 71 12 55 0 55 77 84 23 31 37 74 86 55 57 26 10 11 22 4 48 85 27 42 101 42 43 36 24 12 7 76 21 46 48 46 62 57 75 71 64 79 90 18 78 
18 67 28 15 59 57 44 67 21 55 0 25 31 74 27 44 24 32 42 48 57 65 44 54 54 32 30 41 23 50 59 22 34 34 66 60 25 68 41 44 16 10 73 38 16 21 24 44 51 45 
15 75 34 14 72 48 62 88 25 77 25 0 32 97 46 69 31 26 64 49 72 86 66 78 74 55 22 65 36 26 69 46 59 58 87 80 31 92 48 50 40 26 78 52 15 16 13 21 68 60 
19 98 57 36 90 79 39 95 48 84 31 32 0 99 58 61 10 8 48 76 89 93 73 76 83 44 12 63 54 47 90 42 54 60 95 89 8 93 71 74 38 22 103 26 20 42 18 51 82 33 
91 70 73 84 51 102 78 17 77 23 74 97 99 0 53 41 89 103 60 80 47 16 32 23 27 57 103 36 65 122 63 57 46 40 21 25 91 7 69 71 62 79 77 85 90 85 98 112 41 85 
44 45 21 32 33 54 59 42 24 31 27 46 58 53 0 39 49 59 49 35 31 41 21 39 29 37 57 30 12 70 36 26 30 19 41 34 51 49 25 28 25 36 52 58 42 32 50 59 24 63 
59 79 59 58 62 92 37 45 58 37 44 69 61 41 39 0 52 67 19 75 58 42 31 18 39 17 68 11 49 94 70 22 10 21 47 44 53 35 64 67 29 45 87 44 57 62 65 88 48 44 
16 91 51 31 82 76 33 86 42 74 24 31 10 89 49 52 0 15 40 70 80 83 64 67 73 35 17 53 47 50 83 33 44 51 86 80 1 83 65 68 28 13 96 22 16 38 19 51 73 30 
16 97 55 33 90 74 46 98 46 86 32 26 8 103 59 67 15 0 55 73 89 96 76 81 85 50 5 67 54 39 89 47 59 64 98 91 14 97 70 72 41 24 101 34 18 39 13 44 83 41 
51 92 64 56 77 97 17 64 61 55 42 64 48 60 49 19 40 55 0 83 73 61 48 38 56 11 57 28 56 88 83 23 20 35 66 62 41 54 73 76 28 38 100 27 51 62 57 85 64 25 
57 28 20 40 34 22 90 65 28 57 48 49 76 80 35 75 70 73 83 0 37 65 51 72 53 71 69 65 27 63 25 59 65 54 61 55 71 78 11 9 56 58 29 86 56 34 60 48 40 92 
74 23 39 59 5 59 87 30 48 26 57 72 89 47 31 58 80 89 73 37 0 31 27 47 22 64 87 47 36 94 16 55 53 39 26 22 82 46 28 29 55 67 31 88 72 57 79 79 10 92 
83 54 59 73 35 86 78 3 65 10 65 86 93 16 41 42 83 96 61 65 31 0 20 25 13 55 95 33 52 111 47 51 43 32 6 9 85 16 54 56 55 72 61 83 81 73 89 99 25 85 
62 49 41 53 31 72 63 22 45 11 44 66 73 32 21 31 64 76 48 51 27 20 0 22 10 39 74 21 33 91 40 33 28 14 22 16 65 28 40 42 36 52 57 66 60 54 69 80 17 69 
71 70 60 66 52 92 55 28 62 22 54 78 76 23 39 18 67 81 38 72 47 25 22 0 25 34 81 14 51 104 62 35 23 21 30 29 68 17 61 63 40 58 78 62 69 69 77 95 38 62 
71 45 47 61 27 74 72 14 52 4 54 74 83 27 29 39 73 85 56 53 22 13 10 25 0 48 84 29 39 99 38 42 37 24 13 6 75 25 42 44 46 61 53 76 69 61 78 87 14 78 
43 82 53 46 67 86 24 58 49 48 32 55 44 57 37 17 35 50 11 71 64 55 39 34 48 0 51 22 44 80 73 12 12 25 59 54 36 51 61 65 17 30 89 28 42 52 50 75 54 30 
13 93 52 29 88 70 49 97 43 85 30 22 12 103 57 68 17 5 57 69 87 95 74 81 84 51 0 67 51 35 86 47 59 63 96 90 16 97 66 69 41 24 97 37 15 35 9 39 81 45 
57 68 50 53 51 83 44 36 51 27 41 65 63 36 30 11 53 67 28 65 47 33 21 14 29 22 67 0 41 91 59 21 10 11 38 34 55 30 54 57 27 44 76 50 55 57 64 83 37 51 
38 44 10 23 37 43 64 53 13 42 23 36 54 65 12 49 47 54 56 27 36 52 33 51 39 44 51 41 0 59 36 32 39 31 51 45 48 61 19 22 29 34 49 60 36 22 43 47 32 66 
37 91 54 38 93 53 83 112 47 101 50 26 47 122 70 94 50 39 88 63 94 111 91 104 99 80 35 91 59 0 87 72 84 83 111 104 50 117 67 68 66 50 92 72 38 38 31 16 91 79 
73 9 35 57 12 45 95 46 44 42 59 69 90 63 36 70 83 89 83 25 16 47 40 62 38 73 86 59 36 87 0 62 64 50 42 38 84 62 21 19 61 69 17 94 72 53 78 71 24 99 
37 71 41 36 58 74 33 54 38 43 22 46 42 57 26 22 33 47 23 59 55 51 33 35 42 12 47 21 32 72 62 0 13 19 54 49 34 50 50 53 6 23 78 34 35 41 43 66 45 38 
49 73 49 48 57 82 36 46 48 36 34 59 54 46 30 10 44 59 20 65 53 43 28 23 37 12 59 10 39 84 64 13 0 14 47 42 45 39 55 58 19 36 80 40 48 52 56 78 43 42 
52 59 40 45 43 73 49 35 41 24 34 58 60 40 19 21 51 64 35 54 39 32 14 21 24 25 63 11 31 83 50 19 14 0 35 30 52 34 43 46 23 40 66 52 50 48 58 74 29 55 
84 49 58 73 31 83 82 4 64 12 66 87 95 21 41 47 86 98 66 61 26 6 22 30 13 59 96 38 51 111 42 54 47 35 0 7 87 22 51 53 58 74 56 87 82 73 90 98 22 89 
77 45 51 66 26 77 78 9 57 7 60 80 89 25 34 44 80 91 62 55 22 9 16 29 6 54 90 34 45 104 38 49 42 30 7 0 81 25 45 47 52 67 53 82 75 66 84 91 16 84 
17 92 52 32 83 77 33 87 44 76 25 31 8 91 51 53 1 14 41 71 82 85 65 68 75 36 16 55 48 50 84 34 45 52 87 81 0 84 66 69 29 15 97 22 17 39 19 52 74 30 
85 69 69 79 51 99 71 18 73 21 68 92 93 7 49 35 83 97 54 78 46 16 28 17 25 51 97 30 61 117 62 50 39 34 22 25 84 0 67 69 56 73 77 79 84 81 92 107 39 79 
54 27 15 37 27 32 82 54 24 46 41 48 71 69 25 64 65 70 73 11 28 54 40 61 42 61 66 54 19 67 21 50 55 43 51 45 66 67 0 3 47 52 31 79 52 32 58 52 29 85 
56 25 17 39 26 31 85 56 26 48 44 50 74 71 28 67 68 72 76 9 29 56 42 63 44 65 69 57 22 68 19 53 58 46 53 47 69 69 3 0 51 55 28 82 55 34 60 52 31 88 
30 70 37 30 58 69 35 58 33 46 16 40 38 62 25 29 28 41 28 56 55 55 36 40 46 17 41 27 29 66 61 6 19 23 58 52 29 56 47 51 0 17 77 33 29 35 37 60 47 38 
14 78 38 21 69 66 37 74 31 62 10 26 22 79 36 45 13 24 38 58 67 72 52 58 61 30 24 44 34 50 69 23 36 40 74 67 15 73 52 55 17 0 83 29 13 28 20 47 60 36 
85 8 46 68 27 44 111 60 55 57 73 78 103 77 52 87 96 101 100 29 31 61 57 78 53 89 97 76 49 92 17 78 80 66 56 53 97 77 31 28 77 83 0 109 83 63 89 76 40 114 
38 103 66 50 91 95 13 86 59 75 38 52 26 85 58 44 22 34 27 86 88 83 66 62 76 28 37 50 60 72 94 34 40 52 87 82 22 79 79 82 33 29 109 0 38 57 41 73 79 8 
2 79 38 16 73 60 48 83 29 71 16 15 20 90 42 57 16 18 51 56 72 81 60 69 69 42 15 55 36 38 72 35 48 50 82 75 17 84 52 55 29 13 83 38 0 22 8 36 66 45 
23 59 18 7 57 38 65 75 9 64 21 16 42 85 32 62 38 39 62 34 57 73 54 69 61 52 35 57 22 38 53 41 52 48 73 66 39 81 32 34 35 28 63 57 22 0 26 27 53 64 
7 85 43 21 80 61 52 91 34 79 24 13 18 98 50 65 19 13 57 60 79 89 69 77 78 50 9 64 43 31 78 43 56 58 90 84 19 92 58 60 37 20 89 41 8 26 0 33 74 49 
36 75 41 30 78 37 83 100 34 90 44 21 51 112 59 88 51 44 85 48 79 99 80 95 87 75 39 83 47 16 71 66 78 74 98 91 52 107 52 52 60 47 76 73 36 27 33 0 78 81 
68 32 37 55 14 62 78 25 44 18 51 68 82 41 24 48 73 83 64 40 10 25 17 38 14 54 81 37 32 91 24 45 43 29 22 16 74 39 29 31 47 60 40 79 66 53 74 78 0 83 
45 108 73 57 95 102 8 87 66 78 45 60 33 85 63 44 30 41 25 92 92 85 69 62 78 30 45 51 66 79 99 38 42 55 89 84 30 79 85 88 38 36 114 8 45 64 49 81 83 0 
0 1000
3420 3631
4713 4788
4315 4512
3127 3977
859 1744
2771 2963
1551 2219
1842 1880
4581 4838
2529 2584
4224 4811
2402 2997
1047 1639
301 935
1267 1594
584 1334
1775 1803
4408 4685
3979 4880
4493 5359
4852 5666
954 1289
3602 3728
383 1263
2980 3045
1729 1759
4133 4275
2852 2955
158 776
3886 4551
3495 3613
1352 1401
3538 3706
2187 2871
1936 2524
487 1089
4644 5107
661 663
749 1245
3655 3908
51 212
2085 3030
1406 1528
1148 1179
2632 3410
3754 4365
2288 3151
921 1644
3288 3908
82.11448279540578 3.7312946995180174 44.6857047654485 66.69247018759326 7.55976113302358 41.02569877427668 84.19592259227873 4.7745143279962825 53.81047210820134 15.467729681233354 65.96363446487017 78.39655079501665 97.14888638851866 6.584351632532415 39.15493684730308 47.57862499120552 88.26123066299667 97.80165954093285 66.88806225216294 30.666893212939506 8.572251919026774 7.4745615589153935 25.373052561569786 29.4342118319754 15.636702641464083 62.34726665317636 95.23139019929795 40.72730467261021 44.283501068809784 93.35029505947244 9.86095983552624 58.03031135707934 50.181161399525266 39.141988137671724 3.961100966800102 9.467305568348117 89.61122369339527 13.117235003423334 30.28961389803876 28.344573542309593 61.14312991628833 75.19138370681073 1.450198922681123 90.53896050901675 80.37439064507072 62.65957517379164 87.35837536528321 77.25410110380223 15.550978414810167 91.65920142597899 
55.45516499323207 73.79325796468046 66.66976722915254 62.87512935467742 55.609970060346456 99.88531989235845 7.722449394864716 21.390736098638797 65.58119911493738 25.945525664470047 48.26236573654771 69.63046352426937 44.14313189563259 4.189925534143257 46.239660508464375 7.995784539924722 40.728537133155676 52.13091024220717 6.42878013282534 80.55676690860565 50.86593910896635 20.2428022658261 30.072986354302287 8.585404519187545 29.9535694647979 16.93901148571648 55.95439629310478 16.410576306154802 57.14355629475024 90.53956723133118 67.16503075409223 27.90850671235522 18.093640375790322 27.0349502262758 25.28291771389619 29.364832592272915 40.62789822164223 4.965690137993772 69.26605543113008 71.99090347138775 33.4042381867384 43.543894252793905 81.4037458152781 18.792108211069568 55.09521251670746 68.5399032006898 59.76597446147074 90.76198909257879 43.82472390971274 11.162777622235021 