50
0 63 48 36 51 31 31 20 49 43 32 44 51 29 49 16 52 25 11 32 19 24 41 35 41 66 15 39 24 38 48 57 26 21 59 26 41 53 23 31 44 28 43 50 37 56 47 57 49 31 
63 0 31 96 26 70 90 43 110 88 61 105 97 63 112 77 27 39 62 41 53 53 29 61 22 79 78 27 84 63 20 58 74 46 59 75 99 33 85 45 43 65 32 114 31 96 105 10 73 37 
48 31 0 84 43 43 68 33 97 86 33 83 69 36 94 58 45 25 53 17 48 51 10 64 21 91 62 33 62 67 36 72 49 28 74 69 89 51 71 20 55 64 44 95 13 66 95 35 80 18 
36 96 84 0 77 58 37 54 14 27 64 39 64 60 28 31 78 61 33 68 43 45 76 45 75 66 25 69 35 47 78 68 50 57 70 25 6 76 14 66 65 37 69 29 73 73 11 88 50 67 
51 26 43 77 0 69 81 33 92 64 62 95 95 62 98 66 2 33 46 43 35 32 35 37 22 53 65 14 74 38 8 32 70 42 34 54 80 8 69 47 18 43 8 99 35 96 85 15 48 37 
31 70 43 58 69 0 28 37 66 72 11 41 27 7 56 26 71 35 41 29 46 52 42 65 50 96 33 55 25 68 63 84 8 27 86 56 64 73 44 25 69 58 64 57 39 28 69 69 80 34 
31 90 68 37 81 28 0 49 42 60 38 15 27 33 29 15 83 51 39 51 49 54 63 64 68 92 21 68 7 66 78 87 20 44 88 47 43 83 26 48 75 55 74 30 60 36 47 86 75 54 
20 43 33 54 33 37 49 0 68 53 32 63 63 31 69 35 35 8 21 19 16 20 23 34 21 64 35 20 42 37 29 49 37 11 51 37 58 37 43 21 32 31 27 71 20 65 64 37 50 15 
49 110 97 14 92 66 42 68 0 38 74 37 67 69 21 41 93 74 48 80 58 60 90 59 89 78 36 84 42 60 92 82 59 69 83 39 13 91 26 78 79 51 84 21 86 77 11 103 62 80 
43 88 86 27 64 72 60 53 38 0 75 65 86 71 55 48 65 61 34 71 38 36 76 27 70 40 41 61 55 27 68 46 66 60 47 17 25 61 34 71 48 23 56 56 73 93 27 78 25 68 
32 61 33 64 62 11 38 32 74 75 0 52 37 5 66 33 64 29 42 20 44 50 32 64 42 95 39 48 34 67 56 81 18 21 83 58 70 67 50 16 65 59 58 67 30 35 75 60 79 26 
44 105 83 39 95 41 15 63 37 65 52 0 31 47 18 28 96 66 51 66 62 66 78 74 83 101 31 83 21 76 92 97 34 59 99 55 44 97 32 63 88 65 88 20 75 41 46 100 83 69 
51 97 69 64 95 27 27 63 67 86 37 31 0 35 50 39 97 62 61 56 69 75 68 86 78 117 46 82 31 89 90 108 26 54 110 72 70 100 53 52 94 78 90 51 66 10 73 96 99 61 
29 63 36 60 62 7 33 31 69 71 5 47 35 0 61 29 64 29 39 22 42 48 34 61 43 92 35 48 29 64 56 79 13 21 82 54 66 67 45 18 64 56 58 62 32 34 70 62 77 27 
49 112 94 28 98 56 29 69 21 55 66 18 50 61 0 35 99 74 52 77 63 67 88 71 90 94 34 88 32 73 97 94 48 67 96 50 31 99 29 74 88 62 90 2 84 60 31 106 77 78 
16 77 58 31 66 26 15 35 41 48 33 28 39 29 35 0 68 39 24 41 34 39 52 49 55 78 7 54 9 51 64 71 19 32 73 33 37 69 17 39 60 40 59 37 49 45 42 72 61 43 
52 27 45 78 2 71 83 35 93 65 64 96 97 64 99 68 0 35 47 45 36 33 37 37 24 52 66 16 76 38 10 31 71 44 33 55 81 6 71 49 17 43 9 101 37 98 86 17 47 39 
25 39 25 61 33 35 51 8 74 61 29 66 62 29 74 39 35 0 28 12 23 27 16 41 17 70 40 20 45 44 28 54 37 8 56 44 65 39 48 15 37 39 30 75 13 63 71 35 57 8 
11 62 53 33 46 41 39 21 48 34 42 51 61 39 52 24 47 28 0 38 11 15 44 25 42 56 20 36 33 28 45 47 37 27 49 17 37 46 24 38 37 17 38 54 41 66 43 55 39 35 
32 41 17 68 43 29 51 19 80 71 20 66 56 22 77 41 45 12 38 0 35 39 12 53 22 83 45 29 45 56 36 66 33 11 68 54 73 49 54 4 49 51 40 78 10 55 78 40 69 6 
19 53 48 43 35 46 49 16 58 38 44 62 69 42 63 34 36 23 11 35 0 6 38 20 33 50 31 26 43 22 34 39 44 25 41 22 47 35 35 36 26 16 27 65 35 73 52 45 35 31 
24 53 51 45 32 52 54 20 60 36 50 66 75 48 67 39 33 27 15 39 6 0 42 14 35 45 35 26 48 17 33 33 50 30 35 22 48 32 38 41 21 13 24 68 39 79 53 44 30 35 
41 29 10 76 35 42 63 23 90 76 32 78 68 34 88 52 37 16 44 12 38 42 0 55 13 81 55 23 57 57 28 63 46 20 65 60 81 42 64 16 45 54 35 89 3 67 87 29 70 10 
35 61 64 45 37 65 64 34 59 27 64 74 86 61 71 49 37 41 25 53 20 14 55 0 46 31 43 36 57 3 41 24 62 44 25 21 46 34 43 55 21 9 29 72 52 91 51 51 16 49 
41 22 21 75 22 50 68 21 89 70 42 83 78 43 90 55 24 17 42 22 33 35 13 46 0 70 56 11 62 48 15 51 53 25 53 55 79 30 64 26 33 47 23 92 13 77 85 19 60 16 
66 79 91 66 53 96 92 64 78 40 95 101 117 92 94 78 52 70 56 83 50 45 81 31 70 0 72 59 87 28 60 21 93 75 20 46 64 46 69 85 37 38 48 95 79 122 67 69 17 77 
15 78 62 25 65 33 21 35 36 41 39 31 46 35 34 7 66 40 20 45 31 35 55 43 56 72 0 53 15 46 63 66 27 34 68 26 31 66 11 43 57 34 57 36 51 53 36 72 55 45 
39 27 33 69 14 55 68 20 84 61 48 83 82 48 88 54 16 20 36 29 26 26 23 36 11 59 53 0 62 38 9 40 56 28 42 48 73 20 60 33 22 38 12 89 22 82 78 19 49 23 
24 84 62 35 74 25 7 42 42 55 34 21 31 29 32 9 76 45 33 45 43 48 57 57 62 87 15 62 0 60 71 80 17 37 82 42 42 77 23 42 69 49 67 34 54 38 46 79 69 48 
38 63 67 47 38 68 66 37 60 27 67 76 89 64 73 51 38 44 28 56 22 17 57 3 48 28 46 38 60 0 42 22 65 47 23 23 47 34 45 58 21 12 30 74 55 94 51 53 13 51 
48 20 36 78 8 63 78 29 92 68 56 92 90 56 97 64 10 28 45 36 34 33 28 41 15 60 63 9 71 42 0 39 65 36 41 55 81 16 69 40 23 45 12 98 28 91 86 11 53 30 
57 58 72 68 32 84 87 49 82 46 81 97 108 79 94 71 31 54 47 66 39 33 63 24 51 21 66 40 80 22 39 0 82 60 2 44 68 25 66 69 18 33 28 95 61 111 72 48 22 60 
26 74 49 50 70 8 20 37 59 66 18 34 26 13 48 19 71 37 37 33 44 50 46 62 53 93 27 56 17 65 65 82 0 29 84 50 57 74 37 29 68 54 64 50 43 29 61 71 76 37 
21 46 28 57 42 27 44 11 69 60 21 59 54 21 67 32 44 8 27 11 25 30 20 44 25 75 34 28 37 47 36 60 29 0 62 44 62 46 44 11 43 41 37 69 17 55 67 43 60 11 
59 59 74 70 34 86 88 51 83 47 83 99 110 82 96 73 33 56 49 68 41 35 65 25 53 20 68 42 82 23 41 2 84 62 0 46 69 27 68 71 20 35 30 97 63 114 73 49 22 62 
26 75 69 25 54 56 47 37 39 17 58 55 72 54 50 33 55 44 17 54 22 22 60 21 55 46 26 48 42 23 55 44 50 44 46 0 26 52 23 54 40 12 46 51 57 79 31 66 29 52 
41 99 89 6 80 64 43 58 13 25 70 44 70 66 31 37 81 65 37 73 47 48 81 46 79 64 31 73 42 47 81 68 57 62 69 26 0 78 20 72 66 38 72 32 78 79 6 92 49 72 
53 33 51 76 8 73 83 37 91 61 67 97 100 67 99 69 6 39 46 49 35 32 42 34 30 46 66 20 77 34 16 25 74 46 27 52 78 0 70 53 13 40 10 100 42 101 83 23 42 43 
23 85 71 14 69 44 26 43 26 34 50 32 53 45 29 17 71 48 24 54 35 38 64 43 64 69 11 60 23 45 69 66 37 44 68 23 20 70 0 53 59 33 61 30 60 61 25 79 51 54 
31 45 20 66 47 25 48 21 78 71 16 63 52 18 74 39 49 15 38 4 36 41 16 55 26 85 43 33 42 58 40 69 29 11 71 54 72 53 53 0 52 52 44 75 14 51 77 44 71 10 
44 43 55 65 18 69 75 32 79 48 65 88 94 64 88 60 17 37 37 49 26 21 45 21 33 37 57 22 69 21 23 18 68 43 20 40 66 13 59 52 0 28 11 89 44 97 71 33 30 43 
28 65 64 37 43 58 55 31 51 23 59 65 78 56 62 40 43 39 17 51 16 13 54 9 47 38 34 38 49 12 45 33 54 41 35 12 38 40 33 52 28 0 34 63 51 84 43 56 21 47 
43 32 44 69 8 64 74 27 84 56 58 88 90 58 90 59 9 30 38 40 27 24 35 29 23 48 57 12 67 30 12 28 64 37 30 46 72 10 61 44 11 34 0 92 34 92 77 22 41 34 
50 114 95 29 99 57 30 71 21 56 67 20 51 62 2 37 101 75 54 78 65 68 89 72 92 95 36 89 34 74 98 95 50 69 97 51 32 100 30 75 89 63 92 0 86 61 31 108 78 79 
37 31 13 73 35 39 60 20 86 73 30 75 66 32 84 49 37 13 41 10 35 39 3 52 13 79 51 22 54 55 28 61 43 17 63 57 78 42 60 14 44 51 34 86 0 65 83 31 67 6 
56 96 66 73 96 28 36 65 77 93 35 41 10 34 60 45 98 63 66 55 73 79 67 91 77 122 53 82 38 94 91 111 29 55 114 79 79 101 61 51 97 84 92 61 65 0 83 95 105 61 
47 105 95 11 85 69 47 64 11 27 75 46 73 70 31 42 86 71 43 78 52 53 87 51 85 67 36 78 46 51 86 72 61 67 73 31 6 83 25 77 71 43 77 31 83 83 0 97 52 77 
57 10 35 88 15 69 86 37 103 78 60 100 96 62 106 72 17 35 55 40 45 44 29 51 19 69 72 19 79 53 11 48 71 43 49 66 92 23 79 44 33 56 22 108 31 95 97 0 63 35 
49 73 80 50 48 80 75 50 62 25 79 83 99 77 77 61 47 57 39 69 35 30 70 16 60 17 55 49 69 13 53 22 76 60 22 29 49 42 51 71 30 21 41 78 67 105 52 63 0 64 
31 37 18 67 37 34 54 15 80 68 26 69 61 27 78 43 39 8 35 6 31 35 10 49 16 77 45 23 48 51 30 60 37 11 62 52 72 43 54 10 43 47 34 79 6 61 77 35 64 0 
0 1000
788 1529
131 399
4692 4913
3429 3974
4603 4895
4411 5379
281 739
535 1073
2653 3188
3818 3907
1464 2298
4056 4080
3827 4224
3537 3914
2310 2847
3729 4025
4555 5124
4739 5544
1308 1384
2870 3169
2027 2754
685 695
4169 4600
3207 3407
1653 2622
4717 5645
3875 4383
2096 3041
1840 2064
1201 1349
4194 4844
2543 2734
3330 3656
1918 2538
3075 3439
1048 2001
427 1239
4323 4791
2358 2495
190 484
4767 4916
1751 1969
2227 2990
355 404
2759 2867
976 1261
2990 3756
2437 3422
617 1101
51.22078871701707 86.53857922837041 94.36018718386235 18.605282032003046 60.91527458810645 76.34853706201893 52.43307899442552 62.113654992732926 10.927679017081749 9.632961544714147 82.4345012460104 44.557378923272196 75.77871674866729 77.90734730000743 26.215507365311762 49.93186436215381 59.6817459066837 69.76423679385613 43.23544766715857 80.72822406204476 46.577498484654775 42.98721378906054 84.56828279113473 30.210888968271487 75.96741200415468 7.67342015469914 43.31467521329927 65.08604927948355 52.792223773051205 27.951412240991402 67.53215162192521 28.723293968807152 68.88210712850604 70.04768255839888 27.18430387375267 26.552420400590513 12.529803665438767 53.77578370724462 32.71031929297099 80.88142840008103 44.34503818355927 30.728875634160147 55.488607550825776 25.03570730957706 81.69734789441323 86.01877920663496 7.7537813833471585 76.2597620497788 15.796433940832078 77.33107830295991 
54.77776476305427 2.5465163966732263 32.81703922604133 70.05174725805226 5.187209189524267 72.15184437462754 85.75927585890247 37.914933839986496 82.32456745803469 44.30557535786319 63.199774639486336 98.60454031736961 99.34854964495837 64.904669726605 96.98733173589511 70.75527269483456 3.4551111100863174 37.47227805099437 47.43753257925272 43.166361132983425 36.862015194274875 32.14594858666051 31.454746005291078 26.230002107477556 21.753002572619184 4.821081742151878 67.34980413607815 18.51401176896219 79.05115756586272 24.367344179560547 9.48634903071156 2.5593018933340206 74.33994398971755 45.79918500541918 1.0286476620593565 46.865057898573845 68.95038098296581 2.294757945715964 68.70033734283055 47.44347814822207 10.81572843515386 35.578429098697754 11.655135994895272 97.95380836910445 33.4349058340111 98.20123777961591 71.74088651535949 3.2362429115179725 20.217968261248597 38.12629367390809 