50
0 12 49 45 20 16 58 78 94 24 69 50 77 29 67 58 68 68 24 37 43 22 18 53 23 71 49 17 66 44 80 74 42 13 77 9 88 59 50 60 32 71 45 13 80 17 55 68 50 31 
12 0 48 49 15 6 70 81 101 36 81 52 78 39 62 62 80 65 36 49 35 21 19 64 36 70 61 21 67 48 87 85 39 8 83 5 92 57 44 68 38 83 58 24 86 23 65 79 62 43 
49 48 0 21 33 43 71 37 64 63 78 11 31 74 24 23 81 22 63 59 28 27 65 58 53 22 60 32 21 18 52 75 10 40 46 45 50 10 21 44 27 78 69 44 49 65 49 68 71 71 
45 49 21 0 37 46 51 33 52 52 57 12 34 64 44 14 61 41 52 41 44 30 63 38 39 36 40 29 25 3 38 54 26 42 34 44 43 26 40 24 14 58 51 35 37 60 29 47 53 59 
20 15 33 37 0 10 68 67 89 42 79 38 64 49 47 49 79 50 42 49 23 7 34 60 37 54 58 13 53 35 76 81 24 8 71 13 79 42 30 59 28 80 59 25 74 36 58 74 63 50 
16 6 43 46 10 0 72 77 98 40 83 48 74 44 56 59 82 59 40 52 29 17 25 65 38 64 62 19 63 45 85 86 34 5 80 8 89 52 38 66 36 84 61 26 83 29 64 80 65 48 
58 70 71 51 68 72 0 71 66 41 12 62 79 51 94 57 11 92 41 21 87 64 70 14 34 85 11 55 72 54 56 20 73 66 57 65 72 77 87 37 46 14 17 46 59 62 26 19 12 41 
78 81 37 33 67 77 71 0 30 84 73 29 12 96 48 20 79 42 84 69 65 61 96 57 71 28 62 61 17 34 23 65 47 73 18 77 13 32 56 34 47 72 78 68 19 94 45 58 77 90 
94 101 64 52 89 98 66 30 0 93 63 54 42 106 78 42 70 72 93 73 92 82 113 55 80 59 62 80 47 54 14 52 74 94 18 96 19 61 85 36 63 61 79 82 16 108 45 48 76 97 
24 36 63 52 42 40 41 84 93 0 52 61 86 13 85 65 49 85 0 22 66 42 30 42 13 85 36 33 76 53 79 60 60 37 78 32 91 73 70 57 39 54 25 20 80 22 49 56 30 8 
69 81 78 57 79 83 12 73 63 52 0 69 82 62 101 62 8 98 53 32 96 74 82 20 46 90 21 66 77 61 55 12 82 78 57 76 72 83 95 40 55 2 28 57 58 74 30 15 23 52 
50 52 11 12 38 48 62 29 54 61 69 0 27 73 33 13 73 30 61 53 38 31 68 49 49 24 52 33 16 9 42 65 20 44 36 48 42 14 32 33 23 69 63 43 39 67 40 58 64 68 
77 78 31 34 64 74 79 12 42 86 82 27 0 98 37 22 87 31 86 74 58 57 95 65 74 17 69 60 11 34 35 75 41 70 29 74 24 24 48 42 48 81 83 69 30 93 53 68 84 93 
29 39 74 64 49 44 51 96 106 13 62 73 98 0 94 77 58 95 13 34 72 50 27 54 26 96 48 42 88 65 92 71 69 42 91 37 104 84 78 70 51 65 35 30 93 18 62 68 40 10 
67 62 24 44 47 56 94 48 78 85 101 33 37 94 0 42 105 6 85 82 29 44 81 82 75 20 83 52 32 41 68 98 25 55 62 60 61 19 19 65 50 102 93 65 64 83 72 90 95 93 
58 62 23 14 49 59 57 20 42 65 62 13 22 77 42 0 67 38 65 52 51 42 76 44 52 28 47 42 15 14 29 57 32 54 23 57 30 23 44 23 27 62 61 49 26 74 32 49 62 71 
68 80 81 61 79 82 11 79 70 49 8 73 87 58 105 67 0 102 49 30 98 75 79 24 44 95 22 66 82 64 62 19 84 77 64 75 79 87 98 45 56 10 24 56 65 71 35 22 18 47 
68 65 22 41 50 59 92 42 72 85 98 30 31 95 6 38 102 0 85 81 34 46 83 79 75 14 81 53 26 38 63 94 26 58 57 63 55 15 23 61 49 99 91 66 59 85 69 87 93 93 
24 36 63 52 42 40 41 84 93 0 53 61 86 13 85 65 49 85 0 22 65 42 30 42 13 84 36 33 76 53 80 60 60 36 78 32 91 73 70 57 39 55 25 20 80 21 49 56 31 8 
37 49 59 41 49 52 21 69 73 22 32 53 74 34 82 52 30 81 22 0 70 46 50 20 14 77 14 37 66 43 61 38 59 47 60 44 74 66 71 39 32 34 11 26 62 42 29 34 14 24 
43 35 28 44 23 29 87 65 92 66 96 38 58 72 29 51 98 34 65 70 0 24 54 76 59 43 76 34 48 41 80 96 18 30 74 36 78 34 11 68 42 97 80 47 77 58 71 89 84 73 
22 21 27 30 7 17 64 61 82 42 74 31 57 50 44 42 75 46 42 46 24 0 38 55 35 49 53 9 46 28 69 75 20 13 64 17 72 37 28 52 22 75 56 23 67 39 52 68 60 50 
18 19 65 63 34 25 70 96 113 30 82 68 95 27 81 76 79 83 30 50 54 38 0 68 37 87 63 35 84 62 99 88 58 26 95 21 106 75 63 78 50 84 55 30 98 9 72 83 61 34 
53 64 58 38 60 65 14 57 55 42 20 49 65 54 82 44 24 79 42 20 76 55 68 0 32 71 7 47 58 41 44 21 62 60 44 59 59 63 75 24 34 21 23 40 46 61 12 15 21 44 
23 36 53 39 37 38 34 71 80 13 46 49 74 26 75 52 44 75 13 14 59 35 37 32 0 73 27 25 64 40 67 51 51 34 65 31 78 62 62 45 27 48 22 13 68 30 37 47 27 19 
71 70 22 36 54 64 85 28 59 85 90 24 17 96 20 28 95 14 84 77 43 49 87 71 73 0 75 54 14 33 50 85 30 62 44 67 41 12 33 52 46 90 87 66 46 88 61 78 88 92 
49 61 60 40 58 62 11 62 62 36 21 52 69 48 83 47 22 81 36 14 76 53 63 7 27 75 0 45 62 43 50 25 62 57 50 55 65 66 75 29 34 22 17 36 52 56 18 20 15 38 
17 21 32 29 13 19 55 61 80 33 66 33 60 42 52 42 66 53 33 37 34 9 35 47 25 54 45 0 49 28 66 68 27 14 62 16 72 42 37 47 17 67 47 14 65 33 45 61 51 41 
66 67 21 25 53 63 72 17 47 76 77 16 11 88 32 15 82 26 76 66 48 46 84 58 64 14 62 49 0 24 37 71 31 59 31 63 31 15 39 38 38 77 76 59 33 83 47 64 76 83 
44 48 18 3 35 45 54 34 54 53 61 9 34 65 41 14 64 38 53 43 41 28 62 41 40 33 43 28 24 0 41 58 23 40 36 43 44 23 37 27 14 61 54 35 39 60 32 50 55 60 
80 87 52 38 76 85 56 23 14 79 55 42 35 92 68 29 62 63 80 61 80 69 99 44 67 50 50 66 37 41 0 45 61 80 6 82 18 50 73 22 49 53 67 68 5 94 32 40 65 84 
74 85 75 54 81 86 20 65 52 60 12 65 75 71 98 57 19 94 60 38 96 75 88 21 51 85 25 68 71 58 45 0 80 80 48 80 62 79 94 33 54 10 37 61 49 81 26 7 32 60 
42 39 10 26 24 34 73 47 74 60 82 20 41 69 25 32 84 26 60 59 18 20 58 62 51 30 62 27 31 23 61 80 0 32 56 37 60 19 14 50 28 82 69 40 58 59 55 73 72 68 
13 8 40 42 8 5 66 73 94 37 78 44 70 42 55 54 77 58 36 47 30 13 26 60 34 62 57 14 59 40 80 80 32 0 75 5 85 50 38 61 31 79 56 21 78 28 59 74 60 44 
77 83 46 34 71 80 57 18 18 78 57 36 29 91 62 23 64 57 78 60 74 64 95 44 65 44 50 62 31 36 6 48 56 75 0 78 15 44 67 22 45 56 67 66 3 91 32 43 65 83 
9 5 45 44 13 8 65 77 96 32 76 48 74 37 60 57 75 63 32 44 36 17 21 59 31 67 55 16 63 43 82 80 37 5 78 0 88 54 43 62 33 77 53 19 81 23 59 74 58 40 
88 92 50 43 79 89 72 13 19 91 72 42 24 104 61 30 79 55 91 74 78 72 106 59 78 41 65 72 31 44 18 62 60 85 15 88 0 45 70 36 56 71 82 77 13 103 47 57 80 97 
59 57 10 26 42 52 77 32 61 73 83 14 24 84 19 23 87 15 73 66 34 37 75 63 62 12 66 42 15 23 50 79 19 50 44 54 45 0 24 46 35 83 77 54 46 75 54 72 79 80 
50 44 21 40 30 38 87 56 85 70 95 32 48 78 19 44 98 23 70 71 11 28 63 75 62 33 75 37 39 37 73 94 14 38 67 43 70 24 0 64 41 96 82 51 69 66 68 86 85 78 
60 68 44 24 59 66 37 34 36 57 40 33 42 70 65 23 45 61 57 39 68 52 78 24 45 52 29 47 38 27 22 33 50 61 22 62 36 46 64 0 30 39 46 47 24 73 11 26 44 62 
32 38 27 14 28 36 46 47 63 39 55 23 48 51 50 27 56 49 39 32 42 22 50 34 27 46 34 17 38 14 49 54 28 31 45 33 56 35 41 30 0 55 42 22 48 47 30 47 45 46 
71 83 78 58 80 84 14 72 61 54 2 69 81 65 102 62 10 99 55 34 97 75 84 21 48 90 22 67 77 61 53 10 82 79 56 77 71 83 96 39 55 0 30 59 57 76 30 14 25 54 
45 58 69 51 59 61 17 78 79 25 28 63 83 35 93 61 24 91 25 11 80 56 55 23 22 87 17 47 76 54 67 37 69 56 67 53 82 77 82 46 42 30 0 35 69 47 35 34 5 24 
13 24 44 35 25 26 46 68 82 20 57 43 69 30 65 49 56 66 20 26 47 23 30 40 13 66 36 14 59 35 68 61 40 21 66 19 77 54 51 47 22 59 35 0 68 26 42 55 39 28 
80 86 49 37 74 83 59 19 16 80 58 39 30 93 64 26 65 59 80 62 77 67 98 46 68 46 52 65 33 39 5 49 58 78 3 81 13 46 69 24 48 57 69 68 0 94 34 44 67 85 
17 23 65 60 36 29 62 94 108 22 74 67 93 18 83 74 71 85 21 42 58 39 9 61 30 88 56 33 83 60 94 81 59 28 91 23 103 75 66 73 47 76 47 26 94 0 66 76 52 25 
55 65 49 29 58 64 26 45 45 49 30 40 53 62 72 32 35 69 49 29 71 52 72 12 37 61 18 45 47 32 32 26 55 59 32 59 47 54 68 11 30 30 35 42 34 66 0 18 33 53 
68 79 68 47 74 80 19 58 48 56 15 58 68 68 90 49 22 87 56 34 89 68 83 15 47 78 20 61 64 50 40 7 73 74 43 74 57 72 86 26 47 14 34 55 44 76 18 0 30 57 
50 62 71 53 63 65 12 77 76 30 23 64 84 40 95 62 18 93 31 14 84 60 61 21 27 88 15 51 76 55 65 32 72 60 65 58 80 79 85 44 45 25 5 39 67 52 33 30 0 29 
31 43 71 59 50 48 41 90 97 8 52 68 93 10 93 71 47 93 8 24 73 50 34 44 19 92 38 41 83 60 84 60 68 44 83 40 97 80 78 62 46 54 24 28 85 25 53 57 29 0 
0 1000
3057 3945
4294 4996
3109 3538
2566 3362
981 1498
4710 5624
4214 4405
319 1047
449 1335
235 328
1436 1526
4254 4873
2706 3494
1728 2046
1362 1443
2455 2657
1502 1978
849 1111
3803 4668
3727 4413
4058 4987
3390 3844
2211 2440
1231 1388
2893 3823
3489 4270
4841 5689
2023 2623
584 1486
2309 2799
4604 5432
2112 2445
3956 4398
4157 4262
4892 5160
3645 3969
554 660
113 672
4545 4831
892 1854
4421 5373
3874 4394
3179 4034
1584 1724
3290 3802
1122 2012
697 725
4787 5513
1860 2728
86.02723800383512 96.77925156669652 70.78952221422912 55.37758697921059 90.25947815198752 97.06119676383946 29.263804727571863 35.86903743426391 6.691048238336117 69.50063664276527 17.55632327937846 60.35076994439172 46.219931699654104 77.64765508844611 83.20099820458084 47.55882569030646 20.750013562982904 76.93500956236556 69.80296339622963 49.63458968312856 98.43489360634804 83.73600516731278 99.5795358607554 32.767290531652385 63.37407797667661 63.279163240594926 36.91758704096579 78.08945672513929 53.04641054985404 58.0315229277683 18.61468647791372 12.168525851594648 79.9904708284308 91.63318582772978 24.389535067299583 91.36676652006082 22.54871571413235 67.48710360591423 91.23661358001397 32.09256109794597 62.016376778692795 15.604777453736107 44.414442417655195 73.08191281732591 21.830364073310303 91.26001349936324 32.65965228377349 17.89116799525352 39.026164655646355 67.47662023387782 
67.74818905818204 61.63690666533355 21.612013764529394 35.33296246775889 48.030823335221385 55.516229840663875 78.78401441171154 8.352438734330036 16.68263556339078 85.08503631571381 78.63441374796818 24.612446430124713 2.1106172186989403 95.25443683588857 1.289063283959746 24.28329362618421 85.6275442598006 0.14392208828730713 84.95608079433569 76.16108907276887 26.233830339638352 45.41796766946007 80.3137480978591 65.33673610682132 73.76024451015743 0.7083908945504258 70.53947672389069 53.015878427197705 10.523231036530778 33.63787702109855 24.103544540933896 68.38182704910594 25.923197924760068 55.769091082636656 21.651692097523146 61.10302337907005 7.037017295709536 12.201142449557933 18.205640512685406 41.76566465763661 47.10947390232915 77.31920866345521 85.58001241299615 65.62082429597999 20.407104392899612 83.75802939851485 52.98831083541787 63.82239875462382 85.41471204378963 92.69040259380505 