50
0 53 61 57 49 37 77 65 69 62 88 57 17 69 38 90 6 88 49 47 33 52 70 65 29 59 52 61 64 26 62 12 91 41 64 57 20 53 96 42 80 72 71 34 61 55 50 94 86 36 
53 0 56 52 29 52 25 58 42 11 36 25 36 66 36 37 48 36 13 25 62 64 31 61 49 46 2 29 44 41 34 64 41 64 28 22 71 22 44 46 64 68 58 23 23 70 4 41 35 83 
61 56 0 100 79 25 66 107 25 55 74 33 52 10 27 77 62 69 44 32 36 18 40 5 32 11 57 84 97 35 88 70 64 30 36 77 67 75 78 19 20 12 12 63 79 23 57 76 65 65 
57 52 100 0 23 84 70 8 93 62 77 75 52 109 73 76 51 81 61 70 87 99 83 105 77 92 51 29 15 69 24 62 89 93 80 33 74 31 85 83 112 112 105 37 35 104 49 83 82 92 
49 29 79 23 0 67 48 29 70 39 56 53 38 89 54 55 43 59 38 48 73 81 59 85 61 71 27 13 18 53 12 58 67 77 57 11 69 9 64 65 90 91 84 18 15 87 26 62 60 85 
37 52 25 84 67 0 70 92 42 56 80 39 32 33 17 83 39 77 41 31 13 15 50 29 8 28 52 75 85 15 78 45 76 12 45 69 42 66 86 10 45 35 37 49 72 20 52 84 74 42 
77 25 66 70 48 70 0 74 44 15 11 33 61 73 53 13 73 12 30 39 82 78 27 70 69 54 27 42 58 62 47 89 20 82 30 37 95 39 18 62 65 75 62 47 36 84 28 16 12 106 
65 58 107 8 29 92 74 0 99 67 80 82 60 117 81 78 59 85 68 77 95 107 88 112 84 99 57 32 16 77 27 69 93 100 86 37 82 36 88 91 119 119 112 45 38 112 55 86 86 100 
69 42 25 93 70 42 44 99 0 37 51 17 55 30 31 54 68 45 32 24 55 42 16 28 45 15 43 71 87 44 76 80 40 51 15 65 80 64 53 32 22 31 19 57 66 47 45 52 41 83 
62 11 55 62 39 56 15 67 37 0 26 22 46 64 39 28 58 25 15 25 67 65 22 60 54 44 13 36 53 47 42 74 30 68 22 30 80 31 34 48 59 65 54 34 30 72 15 31 24 91 
88 36 74 77 56 80 11 80 51 26 0 42 72 81 64 4 84 7 41 49 92 87 35 78 79 63 37 48 64 73 53 100 17 92 38 45 106 47 8 72 71 82 69 58 42 94 39 6 10 116 
57 25 33 75 53 39 33 82 17 22 42 0 41 42 23 45 54 38 14 10 52 45 13 38 39 22 26 54 69 35 59 69 37 50 7 47 71 47 48 29 38 44 33 40 49 51 27 46 36 78 
17 36 52 52 38 32 61 60 55 46 72 41 0 61 26 73 13 71 33 32 35 48 54 57 25 48 35 49 55 18 50 29 74 41 49 43 35 40 79 34 69 64 61 20 47 52 34 77 69 48 
69 66 10 109 89 33 73 117 30 64 81 42 61 0 36 84 71 75 53 41 42 21 46 5 40 20 66 94 107 44 98 78 70 35 43 87 73 85 84 28 17 3 13 72 89 24 67 82 72 69 
38 36 27 73 54 17 53 81 31 39 64 23 26 36 0 66 37 61 24 14 29 28 36 32 16 22 36 61 72 12 64 49 60 29 30 54 50 51 70 11 43 39 35 36 56 34 35 68 58 55 
90 37 77 76 55 83 13 78 54 28 4 45 73 84 66 0 85 11 43 52 95 90 38 81 82 66 38 47 63 75 52 101 21 95 41 44 108 47 10 75 75 86 73 58 41 97 40 8 14 119 
6 48 62 51 43 39 73 59 68 58 84 54 13 71 37 85 0 83 45 45 37 54 67 66 31 59 47 55 58 27 56 16 87 44 62 51 26 47 91 43 80 73 72 28 55 58 45 89 82 42 
88 36 69 81 59 77 12 85 45 25 7 38 71 75 61 11 83 0 39 46 89 83 29 72 77 58 38 52 69 71 58 100 10 89 33 49 105 51 9 68 65 76 64 59 47 89 40 7 3 114 
49 13 44 61 38 41 30 68 32 15 41 14 33 53 24 43 45 39 0 12 52 52 23 49 39 34 13 41 56 32 46 61 42 53 19 34 66 33 48 34 52 55 46 27 36 58 14 46 37 76 
47 25 32 70 48 31 39 77 24 25 49 10 32 41 14 52 45 46 12 0 43 40 23 37 30 22 25 52 66 25 57 59 46 43 17 45 62 44 55 23 42 44 35 34 47 46 25 53 44 69 
33 62 36 87 73 13 82 95 55 67 92 52 35 42 29 95 37 89 52 43 0 21 63 39 14 41 62 82 90 21 85 38 89 8 58 76 32 73 99 23 57 44 49 54 80 22 61 96 87 29 
52 64 18 99 81 15 78 107 42 65 87 45 48 21 28 90 54 83 52 40 21 0 54 19 23 27 64 89 99 30 92 58 80 14 50 82 53 79 92 18 38 24 30 63 85 6 63 90 80 48 
70 31 40 83 59 50 27 88 16 22 35 13 54 46 36 38 67 29 23 23 63 54 0 43 52 29 32 59 75 47 64 81 26 61 5 52 84 52 38 41 38 48 35 50 53 60 34 36 26 90 
65 61 5 105 85 29 70 112 28 60 78 38 57 5 32 81 66 72 49 37 39 19 43 0 36 16 62 89 103 40 94 74 67 33 40 82 70 81 81 23 18 7 12 68 84 23 62 79 69 67 
29 49 32 77 61 8 69 84 45 54 79 39 25 40 16 82 31 77 39 30 14 23 52 36 0 33 48 70 78 8 72 38 76 16 46 63 36 60 86 15 52 43 44 42 67 28 47 83 74 39 
59 46 11 92 71 28 54 99 15 44 63 22 48 20 22 66 59 58 34 22 41 27 29 16 33 0 47 75 88 33 79 69 54 36 25 67 68 66 67 18 21 22 14 55 69 32 47 65 54 69 
52 2 57 51 27 52 27 57 43 13 37 26 35 66 36 38 47 38 13 25 62 64 32 62 48 47 0 28 43 41 33 63 43 64 30 21 70 21 45 46 65 68 59 21 23 70 2 43 37 82 
61 29 84 29 13 75 42 32 71 36 48 54 49 94 61 47 55 52 41 52 82 89 59 89 70 75 28 0 17 62 6 70 61 86 57 7 81 9 56 71 93 96 87 28 6 95 27 54 53 96 
64 44 97 15 18 85 58 16 87 53 64 69 55 107 72 63 58 69 56 66 90 99 75 103 78 88 43 17 0 71 11 71 78 95 73 23 82 23 72 83 108 109 101 36 23 105 42 70 70 99 
26 41 35 69 53 15 62 77 44 47 73 35 18 44 12 75 27 71 32 25 21 30 47 40 8 33 41 62 71 0 64 37 71 25 42 55 37 52 80 17 54 47 45 34 59 35 40 77 68 44 
62 34 88 24 12 78 47 27 76 42 53 59 50 98 64 52 56 58 46 57 85 92 64 94 72 79 33 6 11 64 0 70 67 89 62 12 81 13 61 75 98 100 92 30 12 98 32 59 59 97 
12 64 70 62 58 45 89 69 80 74 100 69 29 78 49 101 16 100 61 59 38 58 81 74 38 69 63 70 71 37 70 0 103 46 76 66 12 63 108 52 90 80 81 45 71 61 61 105 98 31 
91 41 64 89 67 76 20 93 40 30 17 37 74 70 60 21 87 10 42 46 89 80 26 67 76 54 43 61 78 71 67 103 0 87 31 57 107 58 15 66 58 71 58 64 55 86 45 14 8 115 
41 64 30 93 77 12 82 100 51 68 92 50 41 35 29 95 44 89 53 43 8 14 61 33 16 36 64 86 95 25 89 46 87 0 56 79 39 77 98 21 51 37 43 59 83 14 63 96 86 35 
64 28 36 80 57 45 30 86 15 22 38 7 49 43 30 41 62 33 19 17 58 50 5 40 46 25 30 57 73 42 62 76 31 56 0 50 79 50 42 35 37 45 33 46 51 56 31 40 30 85 
57 22 77 33 11 69 37 37 65 30 45 47 43 87 54 44 51 49 34 45 76 82 52 82 63 67 21 7 23 55 12 66 57 79 50 0 76 3 53 64 86 89 80 23 4 88 20 51 49 91 
20 71 67 74 69 42 95 82 80 80 106 71 35 73 50 108 26 105 66 62 32 53 84 70 36 68 70 81 82 37 81 12 107 39 79 76 0 73 114 50 87 76 79 54 80 54 69 111 103 18 
53 22 75 31 9 66 39 36 64 31 47 47 40 85 51 47 47 51 33 44 73 79 52 81 60 66 21 9 23 52 13 63 58 77 50 3 73 0 55 62 85 87 79 20 8 85 19 53 51 88 
96 44 78 85 64 86 18 88 53 34 8 48 79 84 70 10 91 9 48 55 99 92 38 81 86 67 45 56 72 80 61 108 15 98 42 53 114 55 0 77 73 85 72 66 51 98 47 2 12 123 
42 46 19 83 65 10 62 91 32 48 72 29 34 28 11 75 43 68 34 23 23 18 41 23 15 18 46 71 83 17 75 52 66 21 35 64 50 62 77 0 38 30 29 47 67 24 46 75 65 52 
80 64 20 112 90 45 65 119 22 59 71 38 69 17 43 75 80 65 52 42 57 38 38 18 52 21 65 93 108 54 98 90 58 51 37 86 87 85 73 38 0 16 8 76 87 41 66 71 61 85 
72 68 12 112 91 35 75 119 31 65 82 44 64 3 39 86 73 76 55 44 44 24 48 7 43 22 68 96 109 47 100 80 71 37 45 89 76 87 85 30 16 0 13 75 91 26 69 83 73 72 
71 58 12 105 84 37 62 112 19 54 69 33 61 13 35 73 72 64 46 35 49 30 35 12 44 14 59 87 101 45 92 81 58 43 33 80 79 79 72 29 8 13 0 68 82 34 60 70 60 77 
34 23 63 37 18 49 47 45 57 34 58 40 20 72 36 58 28 59 27 34 54 63 50 68 42 55 21 28 36 34 30 45 64 59 46 23 54 20 66 47 76 75 68 0 27 69 19 64 58 68 
61 23 79 35 15 72 36 38 66 30 42 49 47 89 56 41 55 47 36 47 80 85 53 84 67 69 23 6 23 59 12 71 55 83 51 4 80 8 51 67 87 91 82 27 0 91 22 49 48 95 
55 70 23 104 87 20 84 112 47 72 94 51 52 24 34 97 58 89 58 46 22 6 60 23 28 32 70 95 105 35 98 61 86 14 56 88 54 85 98 24 41 26 34 69 91 0 70 96 86 47 
50 4 57 49 26 52 28 55 45 15 39 27 34 67 35 40 45 40 14 25 61 63 34 62 47 47 2 27 42 40 32 61 45 63 31 20 69 19 47 46 66 69 60 19 22 70 0 45 39 81 
94 41 76 83 62 84 16 86 52 31 6 46 77 82 68 8 89 7 46 53 96 90 36 79 83 65 43 54 70 77 59 105 14 96 40 51 111 53 2 75 71 83 70 64 49 96 45 0 10 121 
86 35 65 82 60 74 12 86 41 24 10 36 69 72 58 14 82 3 37 44 87 80 26 69 74 54 37 53 70 68 59 98 8 86 30 49 103 51 12 65 61 73 60 58 48 86 39 10 0 112 
36 83 65 92 85 42 106 100 83 91 116 78 48 69 55 119 42 114 76 69 29 48 90 67 39 69 82 96 99 44 97 31 115 35 85 91 18 88 123 52 85 72 77 68 95 47 81 121 112 0 
0 1000
4195 4947
2105 2690
3676 4591
4389 5220
3003 3659
3805 4300
1412 2292
3342 4048
3218 3565
730 784
3560 4320
3743 3814
4033 4093
2487 3064
3486 4095
4900 5143
2244 2705
1486 2413
4594 5152
1792 2627
4662 5041
156 450
2699 3124
585 1404
388 638
945 1771
4482 5209
2827 2880
2578 3009
4783 4981
531 955
1964 2894
2337 2718
3835 3880
1601 2581
1114 1419
855 1075
4258 4772
3962 4010
5169 5471
4979 5049
1704 2273
2429 3075
300 1152
5042 5665
1544 2459
707 1167
1276 1757
3077 3524
35.81961796420031 72.81881443400691 20.574257257396845 91.82997099523651 83.8538170161018 20.53618829342565 86.21923715457555 99.17917887931286 43.58947353045709 74.66874951895629 94.14277780096529 53.511817144249065 45.782213815734316 13.359866880633952 37.06397700707481 97.78160379888867 41.87783403274269 88.39036888427498 61.06989624585955 49.47193725628656 12.119382530200584 9.592864600130325 59.64940556233502 16.64541178997647 25.20506046423585 31.88276590077389 72.5971827878816 94.38382949967198 99.60312190584483 33.21367014527888 96.11775564599272 29.990468415857197 82.07265387686526 9.139802352553183 56.54810122538173 88.07138492369401 17.842601727727548 85.15212048388337 96.71635584601512 26.928555835618052 24.265084779078684 12.12582150664968 24.881683085024676 65.99703416885028 91.72060725542877 3.215748082284997 72.08239270123539 95.27441212065342 84.97151016116774 0.2753402459265364 
84.68452560946646 47.102276973122855 25.915287881450723 95.59624410895961 73.64107053700373 51.03842395680191 25.871670978371153 98.54201849391465 16.27499093645587 35.94933309311139 18.661350799933484 30.6042340560713 71.33829691849265 19.26026831759977 46.824361182894656 20.096382468802044 83.8085158190084 14.504815855876185 42.62848020246904 39.611844287127255 61.320409870395984 40.35874098332945 19.389121352469076 22.36889208189038 57.724138454126496 25.85680761806414 48.62144084921547 66.56444207096071 82.5845226390113 58.59587790089969 71.83540059394788 95.11687469015864 6.705468701793238 54.02282805087213 23.754427023368883 63.1384155320711 92.5259233146902 64.9367056365254 10.655626169016564 43.30556192864141 5.799675107526536 16.857565725194423 14.207131759173809 68.84963606404672 61.0139163429284 40.807272272033465 50.568367194897625 12.467610696566478 13.991937437359269 87.51025051752104 