50
0 88 11 74 87 89 22 59 46 85 22 70 15 50 24 68 47 55 23 59 18 73 60 62 17 81 53 29 45 72 59 89 74 82 85 47 78 45 42 35 97 88 12 87 88 22 25 26 67 57 
88 0 82 63 5 19 69 31 54 46 79 96 82 75 76 31 109 84 96 31 85 18 47 64 72 87 40 90 73 63 40 20 45 69 36 107 55 68 46 81 58 75 86 6 23 76 89 100 47 49 
11 82 0 77 82 81 22 52 46 85 27 77 5 55 13 60 57 61 18 54 26 66 59 64 12 86 45 20 49 74 57 81 73 85 83 57 79 48 36 42 97 91 20 80 85 26 34 37 67 57 
74 63 77 0 58 79 54 61 32 22 53 36 80 28 81 73 64 32 94 45 60 65 23 13 66 24 67 95 31 2 30 80 19 9 31 61 10 30 55 44 25 16 64 67 44 53 56 68 18 23 
87 5 82 58 0 24 67 32 51 41 76 91 82 71 76 33 106 80 96 29 83 20 43 60 70 82 41 90 69 58 37 25 40 64 30 104 49 64 45 78 53 70 84 11 18 74 86 98 43 45 
89 19 81 79 24 0 72 30 63 64 84 109 80 86 72 21 117 96 92 39 89 17 60 78 72 103 36 84 83 79 53 1 61 86 54 115 71 78 48 89 77 92 89 13 42 81 94 105 62 61 
22 69 22 54 67 72 0 42 24 63 12 58 26 34 29 54 48 42 40 38 17 56 38 42 12 65 39 41 28 52 37 73 52 63 63 47 57 27 24 24 75 69 17 68 67 9 23 33 45 36 
59 31 52 61 32 30 42 0 37 54 54 85 51 60 45 13 88 70 65 16 59 14 39 56 42 83 10 58 56 60 31 31 46 70 47 86 56 52 18 60 69 77 59 28 42 51 64 75 44 39 
46 54 46 32 51 63 24 37 0 39 28 48 49 23 50 50 55 33 64 24 35 47 14 22 35 48 40 63 19 29 15 64 28 41 39 53 33 15 25 27 51 47 38 55 46 26 36 49 21 11 
85 46 85 22 41 64 63 54 39 0 66 58 87 46 86 64 84 53 102 39 73 53 25 31 73 45 63 100 48 24 28 65 11 25 10 81 12 45 54 60 15 30 77 51 24 65 72 84 19 28 
22 79 27 53 76 84 12 54 28 66 0 50 32 29 38 66 35 34 44 47 7 67 42 41 21 60 51 48 23 51 43 84 55 61 68 34 58 24 36 14 77 67 11 79 74 3 11 22 48 39 
70 96 77 36 91 109 58 85 48 58 50 0 82 26 87 98 38 16 93 71 53 93 49 31 70 18 88 97 31 35 56 110 53 35 66 35 46 34 72 36 58 36 59 99 79 51 45 52 48 48 
15 82 5 80 82 80 26 51 49 87 32 82 0 60 10 58 62 66 15 55 30 66 62 68 15 91 44 15 54 78 60 80 76 89 85 62 82 53 37 46 100 95 25 80 86 31 39 42 70 60 
50 75 55 28 71 86 34 60 23 46 29 26 60 0 63 73 38 10 72 47 34 69 28 15 46 31 62 75 6 25 34 87 37 34 51 35 35 9 46 17 53 39 39 77 61 29 29 40 31 26 
24 76 13 81 76 72 29 45 50 86 38 87 10 63 0 51 70 71 20 51 38 59 62 70 17 94 36 14 57 79 58 72 75 90 83 70 82 55 33 52 100 97 33 73 82 36 46 50 69 60 
68 31 60 73 33 21 54 13 50 64 66 98 58 73 51 0 100 84 70 28 71 13 51 69 51 96 15 62 69 72 44 22 57 82 55 99 68 65 30 73 79 88 69 26 47 63 77 87 56 52 
47 109 57 64 106 117 48 88 55 84 35 38 62 38 70 100 0 32 68 79 33 100 65 53 56 56 86 76 38 62 69 118 75 68 89 3 73 42 71 28 89 71 37 110 99 39 25 21 68 62 
55 84 61 32 80 96 42 70 33 53 34 16 66 10 71 84 32 0 78 57 38 80 38 22 54 27 72 81 15 30 44 97 45 36 59 29 41 19 56 20 57 39 43 87 70 35 31 40 39 36 
23 96 18 94 96 92 40 65 64 102 44 93 15 72 20 70 68 78 0 70 40 79 77 82 29 104 56 10 67 92 75 92 91 103 100 69 97 66 52 58 115 109 35 93 101 43 48 47 84 75 
59 31 54 45 29 39 38 16 24 39 47 71 55 47 51 28 79 57 70 0 54 23 23 40 42 67 24 65 44 44 15 40 30 54 33 77 40 39 18 50 54 60 55 32 31 45 57 69 28 23 
18 85 26 60 83 89 17 59 35 73 7 53 30 34 38 71 33 38 40 54 0 73 49 47 23 64 56 45 29 57 50 90 62 67 75 32 65 30 41 18 83 72 6 85 81 9 9 16 55 46 
73 18 66 65 20 17 56 14 47 53 67 93 66 69 59 13 100 80 79 23 73 0 44 62 56 88 23 72 66 64 37 18 48 73 44 98 58 62 32 72 67 79 72 14 35 64 78 89 48 45 
60 47 59 23 43 60 38 39 14 25 42 49 62 28 62 51 65 38 77 23 49 44 0 18 48 44 45 76 27 21 7 61 14 32 26 62 21 23 32 38 38 39 52 50 34 40 49 61 7 3 
62 64 64 13 60 78 42 56 22 31 41 31 68 15 70 69 53 22 82 40 47 62 18 0 54 27 61 83 19 10 26 79 23 21 37 50 20 17 46 31 38 27 52 68 48 40 44 55 17 17 
17 72 12 66 70 72 12 42 35 73 21 70 15 46 17 51 56 54 29 42 23 56 48 54 0 77 36 29 40 63 45 72 62 74 71 55 67 39 25 35 86 81 19 70 73 19 31 38 55 46 
81 87 86 24 82 103 65 83 48 45 60 18 91 31 94 96 56 27 104 67 64 88 44 27 77 0 88 106 37 24 52 104 43 20 54 53 34 39 73 46 42 18 70 92 68 60 58 67 41 44 
53 40 45 67 41 36 39 10 40 63 51 88 44 62 36 15 86 72 56 24 56 23 45 61 36 88 0 49 58 66 38 36 54 76 56 85 64 54 16 60 77 83 54 37 51 48 62 72 51 44 
29 90 20 95 90 84 41 58 63 100 48 97 15 75 14 62 76 81 10 65 45 72 76 83 29 106 49 0 69 92 72 84 89 103 97 76 96 68 47 62 114 110 40 86 97 46 54 55 83 74 
45 73 49 31 69 83 28 56 19 48 23 31 54 6 57 69 38 15 67 44 29 66 27 19 40 37 58 69 0 29 32 84 38 38 52 35 38 5 42 12 56 44 34 75 61 23 25 36 31 25 
72 63 74 2 58 79 52 60 29 24 51 35 78 25 79 72 62 30 92 44 57 64 21 10 63 24 66 92 29 0 29 80 19 11 32 59 11 27 53 41 28 18 62 67 44 50 54 65 17 22 
59 40 57 30 37 53 37 31 15 28 43 56 60 34 58 44 69 44 75 15 50 37 7 26 45 52 38 72 32 29 0 53 17 39 26 67 26 28 27 42 42 45 53 43 31 41 51 64 13 9 
89 20 81 80 25 1 73 31 64 65 84 110 80 87 72 22 118 97 92 40 90 18 61 79 72 104 36 84 84 80 53 0 62 87 55 116 72 79 48 90 78 93 89 14 43 81 95 106 63 62 
74 45 73 19 40 61 52 46 28 11 55 53 76 37 75 57 75 45 91 30 62 48 14 23 62 43 54 89 38 19 17 62 0 25 14 72 11 35 44 50 25 32 66 49 26 54 62 74 7 17 
82 69 85 9 64 86 63 70 41 25 61 35 89 34 90 82 68 36 103 54 67 73 32 21 74 20 76 103 38 11 39 87 25 0 35 65 15 37 64 50 23 7 72 74 49 61 63 74 26 32 
85 36 83 31 30 54 63 47 39 10 68 66 85 51 83 55 89 59 100 33 75 44 26 37 71 54 56 97 52 32 26 55 14 35 0 86 21 48 50 63 24 40 78 41 13 66 75 87 21 29 
47 107 57 61 104 115 47 86 53 81 34 35 62 35 70 99 3 29 69 77 32 98 62 50 55 53 85 76 35 59 67 116 72 65 86 0 70 39 69 26 86 68 37 108 96 37 24 22 66 60 
78 55 79 10 49 71 57 56 33 12 58 46 82 35 82 68 73 41 97 40 65 58 21 20 67 34 64 96 38 11 26 72 11 15 21 70 0 35 53 50 19 21 69 59 34 57 62 74 13 22 
45 68 48 30 64 78 27 52 15 45 24 34 53 9 55 65 42 19 66 39 30 62 23 17 39 39 54 68 5 27 28 79 35 37 48 39 35 0 38 15 54 43 35 70 57 23 27 39 27 21 
42 46 36 55 45 48 24 18 25 54 36 72 37 46 33 30 71 56 52 18 41 32 32 46 25 73 16 47 42 53 27 48 44 64 50 69 53 38 0 44 69 71 41 45 50 33 47 57 39 31 
35 81 42 44 78 89 24 60 27 60 14 36 46 17 52 73 28 20 58 50 18 72 38 31 35 46 60 62 12 41 42 90 50 50 63 26 50 15 44 0 68 55 24 82 72 16 13 24 43 35 
97 58 97 25 53 77 75 69 51 15 77 58 100 53 100 79 89 57 115 54 83 67 38 38 86 42 77 114 56 28 42 78 25 23 24 86 19 54 69 68 0 24 88 64 35 76 81 93 31 40 
88 75 91 16 70 92 69 77 47 30 67 36 95 39 97 88 71 39 109 60 72 79 39 27 81 18 83 110 44 18 45 93 32 7 40 68 21 43 71 55 24 0 77 80 54 66 68 78 33 39 
12 86 20 64 84 89 17 59 38 77 11 59 25 39 33 69 37 43 35 55 6 72 52 52 19 70 54 40 34 62 53 89 66 72 78 37 69 35 41 24 88 77 0 85 83 12 14 18 58 49 
87 6 80 67 11 13 68 28 55 51 79 99 80 77 73 26 110 87 93 32 85 14 50 68 70 92 37 86 75 67 43 14 49 74 41 108 59 70 45 82 64 80 85 0 29 76 89 100 51 51 
88 23 85 44 18 42 67 42 46 24 74 79 86 61 82 47 99 70 101 31 81 35 34 48 73 68 51 97 61 44 31 43 26 49 13 96 34 57 50 72 35 54 83 29 0 71 82 94 31 36 
22 76 26 53 74 81 9 51 26 65 3 51 31 29 36 63 39 35 43 45 9 64 40 40 19 60 48 46 23 50 41 81 54 61 66 37 57 23 33 16 76 66 12 76 71 0 14 25 46 37 
25 89 34 56 86 94 23 64 36 72 11 45 39 29 46 77 25 31 48 57 9 78 49 44 31 58 62 54 25 54 51 95 62 63 75 24 62 27 47 13 81 68 14 89 82 14 0 12 54 46 
26 100 37 68 98 105 33 75 49 84 22 52 42 40 50 87 21 40 47 69 16 89 61 55 38 67 72 55 36 65 64 106 74 74 87 22 74 39 57 24 93 78 18 100 94 25 12 0 66 58 
67 47 67 18 43 62 45 44 21 19 48 48 70 31 69 56 68 39 84 28 55 48 7 17 55 41 51 83 31 17 13 63 7 26 21 66 13 27 39 43 31 33 58 51 31 46 54 66 0 9 
57 49 57 23 45 61 36 39 11 28 39 48 60 26 60 52 62 36 75 23 46 45 3 17 46 44 44 74 25 22 9 62 17 32 29 60 22 21 31 35 40 39 49 51 36 37 46 58 9 0 
0 1000
883 1182
5020 5317
3427 3723
2532 2807
5336 5780
1037 1289
1735 1775
3235 3551
1996 2709
3862 4348
385 1314
3811 4689
2901 3637
3629 4003
938 1386
1268 1648
5146 5633
3079 3154
234 948
1638 2500
563 1176
3490 3565
1868 2242
3340 4130
4332 4509
2256 2891
2792 3158
1383 1882
1134 1847
5234 6157
3722 4310
4106 4540
2687 3205
2957 3535
5108 5371
3449 4286
2129 2822
1532 2425
4908 4937
4022 4637
4781 4803
2355 3232
115 903
4496 4968
4665 5460
725 1406
4261 4786
3525 3850
1496 2396
91.94569964328724 3.7405975911611877 85.99975717148878 35.542292341483 4.851019776299637 6.896487012179254 71.21174161507861 34.2741303660814 50.61171425988561 15.820897582702475 78.87527479575486 66.8300022755399 85.7274010245433 61.95848082156166 78.62622544512101 28.175427552731904 99.61419618097747 67.42593392663807 98.35952456502042 33.492869454311816 85.76065690600284 19.992743458142826 37.900721837849275 46.542683855837 75.24513696510262 48.61491717180911 42.21668198228863 90.34429137254124 63.83381047987397 37.64652067016557 35.79304714357859 6.738217584902861 25.639116545348116 32.63143309496582 12.157496330513617 96.65224573887653 27.009575557520982 60.226802367710675 49.90151428321287 75.50709320350583 10.343889097300652 31.177171132767747 87.77912638754628 5.8288134571300665 5.208327344719221 76.53650289158354 86.65969741475625 99.03400977250044 32.9109779934216 40.593621463186324 
28.947357320228797 22.867878738173275 19.824102485076345 77.38797418232497 27.945017574427244 3.758491024229327 36.67766089283745 16.205286294288022 49.66217426639328 67.15879157814851 46.32842701805626 94.69346841020676 14.859374041530216 69.49342524292548 8.517630577857126 4.503306989099187 75.06576771499563 78.24425762040883 6.908003200142609 32.48398056596605 45.34060858621657 14.290213540264718 54.739503821410466 70.82388997858857 25.16380519067416 97.81819484283486 10.407261469995365 0.13018043803125767 63.81201342703019 76.0732445794509 47.61743212571179 2.7495930307081307 61.68265160872104 86.01252208972869 57.4979991919831 75.82033021044879 72.18005905170524 60.857903817721684 24.697952194675665 60.036574767642314 80.98778136023876 92.81903067688975 39.921057295344866 16.928604878789212 45.98386433774554 44.2062066842389 53.83410385554915 54.26368613222993 60.05234891492318 54.65727738016673 