50
0 68 78 52 51 93 59 75 79 46 45 78 80 37 63 80 36 15 56 58 42 34 64 36 77 58 20 50 22 62 72 78 10 88 38 82 41 70 59 93 63 99 10 80 67 19 86 53 19 77 
68 0 74 50 53 60 37 42 66 54 53 16 73 97 43 57 85 72 29 15 38 35 5 41 13 64 50 20 69 78 55 62 63 28 32 81 59 28 24 49 71 41 73 37 15 70 27 50 50 12 
78 74 0 31 108 32 100 35 11 105 103 66 3 75 31 23 59 67 46 79 88 69 71 86 69 20 64 63 58 23 20 14 83 64 74 7 37 47 90 46 16 65 74 44 59 62 63 106 76 85 
52 50 31 0 77 42 70 27 29 74 72 47 31 61 14 29 45 44 21 52 58 38 46 55 49 15 35 35 36 28 20 27 54 51 43 37 14 30 61 46 22 59 49 36 37 39 50 76 46 61 
51 53 108 77 0 107 19 87 103 5 6 69 108 88 80 99 85 65 65 39 19 38 51 22 66 90 48 48 69 100 93 101 41 81 34 113 76 74 30 99 97 94 61 86 64 66 80 4 36 54 
93 60 32 42 107 0 94 20 22 105 104 47 29 100 30 13 84 86 42 71 87 71 59 87 51 42 74 58 77 53 22 20 94 40 74 37 55 33 82 16 44 36 91 23 45 81 40 104 84 69 
59 37 100 70 19 94 0 75 94 21 21 53 100 95 70 88 89 70 55 23 17 34 36 23 49 85 49 37 71 96 83 91 49 65 28 106 72 61 12 85 92 78 67 72 49 70 63 15 40 35 
75 42 35 27 87 20 75 0 25 85 84 31 33 88 13 15 73 70 22 52 68 52 41 67 35 34 56 39 63 48 16 21 75 29 54 41 42 14 63 19 39 33 75 10 27 66 28 84 65 52 
79 66 11 29 103 22 94 25 0 101 99 56 9 81 24 11 65 70 39 73 84 65 63 82 60 23 63 57 61 32 11 3 83 54 69 17 39 38 84 35 23 54 76 34 50 65 53 102 75 76 
46 54 105 74 5 105 21 85 101 0 2 69 105 84 78 97 80 60 63 39 17 36 51 19 66 87 44 47 64 96 90 98 36 81 32 110 72 73 31 99 94 94 56 85 63 62 80 8 32 55 
45 53 103 72 6 104 21 84 99 2 0 68 103 82 76 95 79 59 62 38 16 34 50 17 65 85 42 45 62 94 89 97 35 80 30 109 70 72 30 97 92 93 55 83 62 60 79 8 31 55 
78 16 66 47 69 47 53 31 56 69 68 0 64 102 36 46 88 79 27 30 53 45 18 55 4 60 58 28 74 74 46 53 73 12 44 72 59 18 40 34 67 25 81 24 11 76 11 66 61 22 
80 73 3 31 108 29 100 33 9 105 103 64 0 78 30 20 62 69 46 79 89 69 70 86 68 22 65 63 60 26 18 12 84 62 74 8 39 46 90 43 19 63 75 42 58 64 61 106 77 84 
37 97 75 61 88 100 95 88 81 84 82 102 78 0 75 87 16 26 76 90 78 65 92 72 103 58 49 77 28 52 78 82 47 110 71 77 47 89 94 107 59 119 28 96 91 27 108 90 55 108 
63 43 31 14 80 30 70 13 24 78 76 36 30 75 0 19 59 57 15 49 60 43 40 59 39 24 44 33 50 38 13 21 64 39 46 38 28 18 59 32 30 45 62 21 28 53 37 78 54 54 
80 57 23 29 99 13 88 15 11 97 95 46 20 87 19 0 71 73 33 65 79 62 55 78 50 29 63 51 65 41 9 8 82 43 65 28 42 29 77 24 32 43 78 23 42 68 42 97 73 67 
36 85 59 45 85 84 89 73 65 80 79 88 62 16 59 71 0 20 61 80 72 56 81 66 90 42 40 66 17 37 62 65 45 95 62 61 31 74 85 91 43 103 26 81 78 19 94 86 49 96 
15 72 67 44 65 86 70 70 70 60 59 79 69 26 57 73 20 0 54 64 53 40 68 47 79 47 23 53 9 48 64 69 25 88 45 70 31 68 68 89 51 98 7 77 68 5 86 66 30 82 
56 29 46 21 65 42 55 22 39 63 62 27 46 76 15 33 61 54 0 33 46 30 26 45 29 35 36 18 48 49 28 36 54 34 32 53 32 14 44 38 42 44 57 25 17 50 32 63 43 41 
58 15 79 52 39 71 23 52 73 39 38 30 79 90 49 65 80 64 33 0 23 25 13 27 27 66 41 17 63 79 62 70 51 43 20 86 57 38 11 62 74 56 64 49 26 63 41 35 38 20 
42 38 88 58 19 87 17 68 84 17 16 53 89 78 60 79 72 53 46 23 0 20 35 6 50 72 32 29 54 82 73 81 33 65 15 94 58 55 19 81 79 78 50 67 46 53 63 18 23 42 
34 35 69 38 38 71 34 52 65 36 34 45 69 65 43 62 56 40 30 25 20 0 30 17 44 52 17 17 39 62 55 63 28 56 6 75 38 42 29 67 59 69 40 53 35 38 55 37 16 43 
64 5 71 46 51 59 36 41 63 51 50 18 70 92 40 55 81 68 26 13 35 30 0 38 15 60 45 15 64 74 52 60 58 30 27 78 54 26 24 49 68 43 69 37 14 65 29 48 46 16 
36 41 86 55 22 87 23 67 82 19 17 55 86 72 59 78 66 47 45 27 6 17 38 0 53 68 27 30 49 78 72 80 27 67 13 92 54 56 24 82 76 80 44 68 47 47 66 21 17 46 
77 13 69 49 66 51 49 35 60 66 65 4 68 103 39 50 90 79 29 27 50 44 15 53 0 63 58 27 75 77 50 56 72 15 42 76 61 22 37 38 69 28 81 28 12 76 14 63 60 18 
58 64 20 15 90 42 85 34 23 87 85 60 22 58 24 29 42 47 35 66 72 52 60 68 63 0 45 49 39 15 21 23 63 62 57 24 17 42 76 51 8 67 54 44 51 43 61 89 57 76 
20 50 64 35 48 74 49 56 63 44 42 58 65 49 44 63 40 23 36 41 32 17 45 27 58 45 0 30 22 53 55 62 20 68 22 69 29 50 45 74 51 79 24 60 47 22 66 48 12 59 
50 20 63 35 48 58 37 39 57 47 45 28 63 77 33 51 66 53 18 17 29 17 15 30 27 49 30 0 49 62 46 54 45 39 17 69 41 26 27 52 57 52 54 38 19 50 38 46 33 31 
22 69 58 36 69 77 71 63 61 64 62 74 60 28 50 65 17 9 48 63 54 39 64 49 75 39 22 49 0 40 56 61 31 82 44 62 23 61 68 81 42 91 16 70 63 4 80 69 32 80 
62 78 23 28 100 53 96 48 32 96 94 74 26 52 38 41 37 48 49 79 82 62 74 78 77 15 53 62 40 0 34 33 68 77 68 24 24 56 88 64 9 81 55 58 65 44 75 99 65 90 
72 55 20 20 93 22 83 16 11 90 89 46 18 78 13 9 62 64 28 62 73 55 52 72 50 21 55 46 56 34 0 8 74 45 59 26 33 28 73 30 25 48 70 26 40 59 44 91 65 66 
78 62 14 27 101 20 91 21 3 98 97 53 12 82 21 8 65 69 36 70 81 63 60 80 56 23 62 54 61 33 8 0 81 50 67 20 38 35 81 32 24 51 75 30 47 64 49 99 73 73 
10 63 83 54 41 94 49 75 83 36 35 73 84 47 64 82 45 25 54 51 33 28 58 27 72 63 20 45 31 68 74 81 0 84 31 87 46 68 51 93 69 96 20 79 63 27 83 43 13 70 
88 28 64 51 81 40 65 29 54 81 80 12 62 110 39 43 95 88 34 43 65 56 30 67 15 62 68 39 82 77 45 50 84 0 55 70 65 21 52 26 68 13 91 20 21 84 2 78 72 32 
38 32 74 43 34 74 28 54 69 32 30 44 74 71 46 65 62 45 32 20 15 6 27 13 42 57 22 17 44 68 59 67 31 55 0 80 44 43 23 69 64 68 44 55 35 44 54 33 19 39 
82 81 7 37 113 37 106 41 17 110 109 72 8 77 38 28 61 70 53 86 94 75 78 92 76 24 69 69 62 24 26 20 87 70 80 0 41 54 96 51 19 71 77 51 66 66 70 112 82 92 
41 59 37 14 76 55 72 42 39 72 70 59 39 47 28 42 31 31 32 57 58 38 54 54 61 17 29 41 23 24 33 38 46 65 44 41 0 43 66 60 23 72 37 50 49 26 63 75 41 70 
70 28 47 30 74 33 61 14 38 73 72 18 46 89 18 29 74 68 14 38 55 42 26 56 22 42 50 26 61 56 28 35 68 21 43 54 43 0 49 26 48 30 71 12 13 64 20 71 56 38 
59 24 90 61 30 82 12 63 84 31 30 40 90 94 59 77 85 68 44 11 19 29 24 24 37 76 45 27 68 88 73 81 51 52 23 96 66 49 0 73 84 65 67 60 37 67 51 26 40 24 
93 49 46 46 99 16 85 19 35 99 97 34 43 107 32 24 91 89 38 62 81 67 49 82 38 51 74 52 81 64 30 32 93 26 69 51 60 26 73 0 55 21 93 14 36 85 26 97 82 56 
63 71 16 22 97 44 92 39 23 94 92 67 19 59 30 32 43 51 42 74 79 59 68 76 69 8 51 57 42 9 25 24 69 68 64 19 23 48 84 55 0 72 58 49 58 47 67 96 64 83 
99 41 65 59 94 36 78 33 54 94 93 25 63 119 45 43 103 98 44 56 78 69 43 80 28 67 79 52 91 81 48 51 96 13 68 71 72 30 65 21 72 0 101 23 33 94 15 91 84 44 
10 73 74 49 61 91 67 75 76 56 55 81 75 28 62 78 26 7 57 64 50 40 69 44 81 54 24 54 16 55 70 75 20 91 44 77 37 71 67 93 58 101 0 81 70 11 89 62 27 83 
80 37 44 36 86 23 72 10 34 85 83 24 42 96 21 23 81 77 25 49 67 53 37 68 28 44 60 38 70 58 26 30 79 20 55 51 50 12 60 14 49 23 81 0 23 73 19 83 68 46 
67 15 59 37 64 45 49 27 50 63 62 11 58 91 28 42 78 68 17 26 46 35 14 47 12 51 47 19 63 65 40 47 63 21 35 66 49 13 37 36 58 33 70 23 0 65 19 61 51 26 
19 70 62 39 66 81 70 66 65 62 60 76 64 27 53 68 19 5 50 63 53 38 65 47 76 43 22 50 4 44 59 64 27 84 44 66 26 64 67 85 47 94 11 73 65 0 82 67 30 80 
86 27 63 50 80 40 63 28 53 80 79 11 61 108 37 42 94 86 32 41 63 55 29 66 14 61 66 38 80 75 44 49 83 2 54 70 63 20 51 26 67 15 89 19 19 82 0 77 70 32 
53 50 106 76 4 104 15 84 102 8 8 66 106 90 78 97 86 66 63 35 18 37 48 21 63 89 48 46 69 99 91 99 43 78 33 112 75 71 26 97 96 91 62 83 61 67 77 0 37 50 
19 50 76 46 36 84 40 65 75 32 31 61 77 55 54 73 49 30 43 38 23 16 46 17 60 57 12 33 32 65 65 73 13 72 19 82 41 56 40 82 64 84 27 68 51 30 70 37 0 58 
77 12 85 61 54 69 35 52 76 55 55 22 84 108 54 67 96 82 41 20 42 43 16 46 18 76 59 31 80 90 66 73 70 32 39 92 70 38 24 56 83 44 83 46 26 80 32 50 58 0 
0 1000
1155 1851
5265 6230
4784 5423
1697 2175
5348 6179
2680 2721
3183 3244
4331 5079
4917 5097
2121 2599
4201 4600
2365 3263
5106 5768
3598 3701
3872 4146
3041 3636
1969 2808
1047 1628
331 344
1096 1237
251 843
1010 1892
4963 5372
2498 2557
3683 4636
2913 3453
4478 4551
3332 3790
3766 3954
1221 2008
2431 3342
73 624
1825 2003
752 762
1532 2131
871 1478
186 646
2195 2375
4536 5269
2847 3004
3483 3637
3304 4244
2572 2579
4011 4989
462 1000
602 831
4114 4964
4672 5403
1383 1962
62.45825778628377 18.538058731658413 89.4635063066682 68.31911396313095 11.317449393246026 63.347513516870734 6.507254068141554 54.46019173826723 78.96223900495856 16.155544808020384 17.531240561560146 24.04431484367344 87.60051822426824 99.73085141373149 60.06746101016083 68.00313342562288 95.05303952077946 75.75512421159841 47.76495597968212 18.623907844666398 23.393046356437363 39.99129859529887 22.49294334786939 28.861610863501696 20.746362302630395 82.57627764375638 55.34194628012203 35.10053478699429 77.7037187916982 96.7145644452947 69.90019036070736 75.71747414466195 52.29819260601927 25.371670221742747 34.082476344936666 95.71689048305115 75.81470740404365 42.50502297462438 11.04678564510786 47.63302654166149 89.75721481015661 26.982708264130196 72.09200829815464 45.296906772037794 31.897999712450964 76.24500314091105 26.239581672050992 9.846784586904079 46.11006980525174 6.879142775780689 
98.16751256879806 45.86404431486238 24.676937518763943 46.971950385380076 98.59497392517974 5.652827887740985 80.3668448767785 23.336196772481422 20.473768338709352 99.39258118275913 98.47588879713582 30.761269538734304 22.35403447199439 99.21497511919956 35.43496985870668 17.88294528106705 83.4291877980501 90.32668706469876 44.402991238824384 60.74540973689295 83.47495173888284 72.94337540416662 48.40693402438638 85.70960039347555 33.34211979318573 43.32589333336947 79.31222127588063 56.75517662463791 81.6891233004202 46.90177317665823 26.623972213158808 21.02820413907651 98.60377668500885 18.628430557474296 73.31697078184418 22.783063200708163 59.1273305171345 31.4652731104599 69.06714195732543 5.995044956446927 41.0131145713445 5.574099227055562 96.14512782743388 19.852852305679736 38.47807180907873 85.51042531673625 20.076542364829074 95.04221504469696 87.59268206151835 45.00759518982809 