50
0 44 21 47 20 47 55 39 81 15 20 43 24 66 34 82 51 32 72 63 27 58 26 60 64 31 32 72 68 44 45 22 29 22 16 49 8 28 44 62 18 38 21 35 52 14 45 43 8 36 
44 0 32 79 62 53 61 74 44 34 64 42 61 26 76 47 50 73 33 54 33 14 60 82 26 75 73 29 27 25 67 55 64 33 57 50 52 66 41 35 55 48 35 65 8 56 26 51 49 57 
21 32 0 47 32 30 39 60 62 24 39 24 30 48 45 62 60 42 53 43 34 44 28 53 45 51 43 55 50 43 37 42 32 30 28 31 27 34 23 61 24 50 31 33 40 27 45 26 21 27 
47 79 47 0 29 40 40 73 99 61 43 47 22 90 23 97 98 22 94 59 73 90 21 22 86 48 24 98 93 88 18 64 18 68 31 45 41 19 48 106 28 84 67 14 86 34 90 37 38 23 
20 62 32 29 0 46 51 44 94 35 15 47 9 80 14 93 69 12 85 65 47 75 14 48 77 23 12 87 82 64 34 35 14 42 5 50 13 11 48 82 10 55 40 22 69 6 65 41 13 29 
47 53 30 40 46 0 9 86 61 54 59 10 38 54 52 58 90 50 57 20 64 60 33 32 51 69 51 63 57 71 22 69 35 60 43 5 49 40 12 87 36 80 61 29 59 44 73 4 42 19 
55 61 39 40 51 9 0 93 65 62 65 19 43 60 55 61 99 54 62 20 73 68 38 27 57 75 55 69 63 80 22 77 39 69 49 11 56 44 20 95 42 89 69 33 67 51 82 12 49 23 
39 74 60 73 44 86 93 0 116 41 29 83 53 99 51 118 47 50 106 102 43 87 58 92 98 27 49 103 101 60 78 20 58 41 45 88 37 55 83 74 51 35 39 66 80 43 60 81 43 71 
81 44 62 99 94 61 65 116 0 75 101 53 90 18 105 7 92 102 10 47 76 34 86 92 18 112 104 18 17 67 82 97 90 76 89 56 88 93 51 70 84 91 78 87 41 89 68 63 83 76 
15 34 24 61 35 54 62 41 75 0 31 48 39 59 49 78 38 46 66 66 13 48 40 72 58 42 46 63 61 29 56 21 43 7 31 55 22 43 47 47 32 26 7 48 41 29 31 50 23 46 
20 64 39 43 15 59 65 29 101 31 0 58 24 85 23 101 60 22 92 77 42 78 29 63 83 12 21 91 88 60 49 23 29 37 16 62 13 25 59 78 23 46 35 37 71 15 61 55 18 43 
43 42 24 47 47 10 19 83 53 48 58 0 40 44 55 50 82 53 47 19 57 50 36 42 41 69 54 53 47 62 30 65 39 53 43 8 47 43 2 77 37 73 54 35 49 44 64 11 40 24 
24 61 30 22 9 38 43 53 90 39 24 40 0 77 15 89 75 13 82 58 51 74 5 39 74 32 14 84 80 67 26 42 6 46 9 42 19 5 42 85 7 62 45 13 69 12 68 34 16 20 
66 26 48 90 80 54 60 99 18 59 85 44 77 0 92 22 75 89 7 45 59 18 74 86 4 97 90 9 3 49 74 80 78 59 75 50 73 81 43 54 71 74 61 76 24 75 51 55 69 66 
34 76 45 23 14 52 55 51 105 49 23 55 15 92 0 104 82 3 98 72 61 88 19 44 90 25 2 100 95 78 35 46 17 56 19 56 27 12 56 96 21 68 54 23 83 20 79 48 27 33 
82 47 62 97 93 58 61 118 7 78 101 50 89 22 104 0 97 101 15 42 79 39 85 88 21 113 103 25 22 71 80 99 88 79 89 53 89 92 49 75 84 95 81 85 46 89 72 60 83 74 
51 50 60 98 69 90 99 47 92 38 60 82 75 75 82 97 0 80 82 99 26 58 77 110 76 66 80 75 75 26 94 38 80 31 67 90 57 79 82 30 69 14 31 85 51 64 24 87 59 84 
32 73 42 22 12 50 54 50 102 46 22 53 13 89 3 101 80 0 95 70 58 86 17 44 87 25 2 97 92 75 33 44 14 53 16 54 24 10 54 94 19 66 52 21 80 18 77 46 24 31 
72 33 53 94 85 57 62 106 10 66 92 47 82 7 98 15 82 95 0 45 66 24 79 88 8 103 96 10 7 56 77 87 83 66 81 52 79 86 46 60 77 81 68 80 31 81 58 58 75 70 
63 54 43 59 65 20 20 102 47 66 77 19 58 45 72 42 99 70 45 0 74 57 53 47 42 88 71 54 48 76 41 84 55 71 62 16 66 60 19 89 55 91 72 50 58 63 78 24 60 39 
27 33 34 73 47 64 73 43 76 13 42 57 51 59 61 79 26 58 66 74 0 45 53 85 58 51 58 61 60 19 69 25 56 5 43 64 34 55 56 36 45 17 7 61 37 41 20 61 36 59 
58 14 44 90 75 60 68 87 34 48 78 50 74 18 88 39 58 86 24 57 45 0 72 91 20 89 87 17 18 33 77 68 76 46 70 57 66 78 48 36 67 58 48 76 7 69 34 60 63 68 
26 60 28 21 14 33 38 58 86 40 29 36 5 74 19 85 77 17 79 53 53 72 0 35 71 37 18 82 77 67 21 46 4 47 13 37 22 7 37 85 8 64 47 9 67 15 69 29 18 15 
60 82 53 22 48 32 27 92 92 72 63 42 39 86 44 88 110 44 88 47 85 91 35 0 82 69 45 95 89 96 16 81 34 80 48 36 58 37 43 113 43 98 80 26 89 51 98 31 53 26 
64 26 45 86 77 51 57 98 18 58 83 41 74 4 90 21 76 87 8 42 58 20 71 82 0 95 88 13 7 50 71 79 75 58 73 46 71 78 39 56 68 74 60 73 25 72 52 51 66 63 
31 75 51 48 23 69 75 27 112 42 12 69 32 97 25 113 66 25 103 88 51 89 37 69 95 0 24 103 99 69 57 28 36 46 26 73 24 32 70 86 33 52 44 44 82 25 70 65 30 52 
32 73 43 24 12 51 55 49 104 46 21 54 14 90 2 103 80 2 96 71 58 87 18 45 88 24 0 98 93 76 35 44 16 53 17 56 24 11 55 94 19 66 52 23 81 18 77 47 25 33 
72 29 55 98 87 63 69 103 18 63 91 53 84 9 100 25 75 97 10 54 61 17 82 95 13 103 98 0 6 50 83 84 85 62 82 59 79 89 52 51 78 76 64 84 24 82 51 64 75 75 
68 27 50 93 82 57 63 101 17 61 88 47 80 3 95 22 75 92 7 48 60 18 77 89 7 99 93 6 0 50 77 81 81 60 78 53 75 84 46 54 74 75 62 79 24 77 51 58 71 69 
44 25 43 88 64 71 80 60 67 29 60 62 67 49 78 71 26 75 56 76 19 33 67 96 50 69 76 50 50 0 80 43 71 23 60 70 51 71 61 18 60 27 25 74 26 58 2 69 51 70 
45 67 37 18 34 22 22 78 82 56 49 30 26 74 35 80 94 33 77 41 69 77 21 16 71 57 35 83 77 80 0 66 20 64 33 27 42 25 32 98 28 82 63 13 74 36 82 20 37 10 
22 55 42 64 35 69 77 20 97 21 23 65 42 80 46 99 38 44 87 84 25 68 46 81 79 28 44 84 81 43 66 0 48 22 33 71 23 45 65 59 38 23 20 54 60 31 43 65 29 57 
29 64 32 18 14 35 39 58 90 43 29 39 6 78 17 88 80 14 83 55 56 76 4 34 75 36 16 85 81 71 20 48 0 51 14 40 24 5 40 89 11 67 50 8 71 17 72 31 21 17 
22 33 30 68 42 60 69 41 76 7 37 53 46 59 56 79 31 53 66 71 5 46 47 80 58 46 53 62 60 23 64 22 51 0 38 61 29 50 53 41 40 20 2 55 39 36 24 57 30 54 
16 57 28 31 5 43 49 45 89 31 16 43 9 75 19 89 67 16 81 62 43 70 13 48 73 26 17 82 78 60 33 33 14 38 0 46 10 12 44 78 6 53 37 21 65 3 61 39 8 27 
49 50 31 45 50 5 11 88 56 55 62 8 42 50 56 53 90 54 52 16 64 57 37 36 46 73 56 59 53 70 27 71 40 61 46 0 52 44 9 85 40 81 61 34 56 48 72 8 45 23 
8 52 27 41 13 49 56 37 88 22 13 47 19 73 27 89 57 24 79 66 34 66 22 58 71 24 24 79 75 51 42 23 24 29 10 52 0 23 47 70 15 43 28 31 60 8 53 44 6 35 
28 66 34 19 11 40 44 55 93 43 25 43 5 81 12 92 79 10 86 60 55 78 7 37 78 32 11 89 84 71 25 45 5 50 12 44 23 0 44 90 11 65 49 12 73 15 73 36 20 22 
44 41 23 48 48 12 20 83 51 47 59 2 42 43 56 49 82 54 46 19 56 48 37 43 39 70 55 52 46 61 32 65 40 53 44 9 47 44 0 76 38 73 54 36 47 45 63 12 41 25 
62 35 61 106 82 87 95 74 70 47 78 77 85 54 96 75 30 94 60 89 36 36 85 113 56 86 94 51 54 18 98 59 89 41 78 85 70 90 76 0 78 39 43 92 32 76 17 85 70 88 
18 55 24 28 10 36 42 51 84 32 23 37 7 71 21 84 69 19 77 55 45 67 8 43 68 33 19 78 74 60 28 38 11 40 6 40 15 11 38 78 0 56 39 17 62 9 62 32 10 20 
38 48 50 84 55 80 89 35 91 26 46 73 62 74 68 95 14 66 81 91 17 58 64 98 74 52 66 76 75 27 82 23 67 20 53 81 43 65 73 39 56 0 20 73 51 50 27 77 46 73 
21 35 31 67 40 61 69 39 78 7 35 54 45 61 54 81 31 52 68 72 7 48 47 80 60 44 52 64 62 25 63 20 50 2 37 61 28 49 54 43 39 20 0 55 41 35 26 57 29 54 
35 65 33 14 22 29 33 66 87 48 37 35 13 76 23 85 85 21 80 50 61 76 9 26 73 44 23 84 79 74 13 54 8 55 21 34 31 12 36 92 17 73 55 0 72 24 76 26 27 11 
52 8 40 86 69 59 67 80 41 41 71 49 69 24 83 46 51 80 31 58 37 7 67 89 25 82 81 24 24 26 74 60 71 39 65 56 60 73 47 32 62 51 41 72 0 64 27 58 57 65 
14 56 27 34 6 44 51 43 89 29 15 44 12 75 20 89 64 18 81 63 41 69 15 51 72 25 18 82 77 58 36 31 17 36 3 48 8 15 45 76 9 50 35 24 64 0 59 40 7 29 
45 26 45 90 65 73 82 60 68 31 61 64 68 51 79 72 24 77 58 78 20 34 69 98 52 70 77 51 51 2 82 43 72 24 61 72 53 73 63 17 62 27 26 76 27 59 0 70 53 72 
43 51 26 37 41 4 12 81 63 50 55 11 34 55 48 60 87 46 58 24 61 60 29 31 51 65 47 64 58 69 20 65 31 57 39 8 44 36 12 85 32 77 57 26 58 40 70 0 38 15 
8 49 21 38 13 42 49 43 83 23 18 40 16 69 27 83 59 24 75 60 36 63 18 53 66 30 25 75 71 51 37 29 21 30 8 45 6 20 41 70 10 46 29 27 57 7 53 38 0 29 
36 57 27 23 29 19 23 71 76 46 43 24 20 66 33 74 84 31 70 39 59 68 15 26 63 52 33 75 69 70 10 57 17 54 27 23 35 22 25 88 20 73 54 11 65 29 72 15 29 0 
0 1000
211 898
2254 2285
1763 1766
1115 1942
3395 3817
3378 3437
4123 5035
1488 1887
3628 4326
2577 3208
2340 3284
430 676
717 1152
1029 1741
4458 5315
138 876
836 1576
2160 2939
2760 3222
4327 5192
4027 4806
4265 5037
1391 2313
4488 4627
3560 4419
2961 3244
1247 1818
4415 5359
1584 2379
1860 2582
3145 3290
3721 4685
4186 4571
922 1035
3951 4765
1991 2649
3808 4279
2877 3760
330 479
3485 3963
2479 3324
4629 5555
949 1701
3057 3156
2634 3349
572 640
3275 4101
1999 2617
1695 2621
61.367959753303694 46.25951308163938 42.46308429199656 31.753139808885912 55.95384236557639 14.431592173970909 6.739163499334788 99.42908399988248 6.8204551834073595 66.264050271948 70.9613365678466 18.91496765670857 47.32098382806909 22.811579123943925 54.139501917586216 1.1636780762755983 96.02130027284112 53.63965638978612 16.32303992469395 0.1548387802980944 73.70720255982475 40.54026256262635 42.421530156263465 9.771269411388229 21.409527115538317 78.26051152012305 55.180060343835635 25.204581848376485 23.003463694805927 70.99085093878178 21.838815747437003 83.53529175694669 42.27233634122326 70.96881443160513 54.694199930334996 12.360943058977991 62.403688271114454 46.508219312929775 19.011530776895214 76.4330578645107 48.449289701196754 90.67996441733227 72.19175663148154 34.44032198448941 46.18607419112672 56.950977184038955 72.56741296883693 18.523926378046994 56.13022080590151 28.142358081043938 
63.152039880993385 21.478303357540074 53.226604915217855 99.07224405005974 82.37500806057412 63.44594213924378 67.98564375254097 73.0354145228664 2.7895186022268037 49.30632499835448 80.44232338752195 54.00663072223638 82.83629715046969 9.915416429257483 96.5951493073974 7.044161118174164 25.750103416055225 93.89093127053415 6.65523110004651 49.12811259328368 38.945338242547464 9.149088141819316 81.24332889855808 94.70610561515859 13.242394854398565 89.39050146247429 94.41400212529412 1.2836904709931485 6.875694321808135 20.51577904926839 83.88559038418644 61.414870930278 85.06169515464723 43.46889878575432 77.91191652136233 58.83907509077996 71.22925482811947 87.29495962317483 52.430269183234735 2.9391156013391484 76.12008093551741 39.11544569569029 45.42641913310038 85.0573533759869 13.848435504118816 76.42953202539809 19.39561822128496 64.5662206844333 69.803127898148 75.9084761261776 