50
0 62 53 60 70 40 26 85 62 39 37 76 72 9 35 7 11 16 29 73 51 68 5 84 68 42 58 96 7 43 25 24 84 79 17 86 17 51 60 70 39 13 14 81 18 55 34 48 33 41 
62 0 68 58 109 91 75 94 10 28 72 118 81 70 32 65 73 46 35 93 96 32 67 108 28 25 85 86 57 33 56 86 120 52 75 119 74 18 98 20 67 73 49 107 74 32 29 29 53 93 
53 68 0 18 44 41 35 33 75 45 20 53 19 59 41 48 59 54 44 26 38 49 55 40 51 45 17 45 48 35 29 66 52 44 47 51 69 50 34 61 14 49 55 38 70 39 53 39 23 44 
60 58 18 0 61 57 49 36 66 39 35 70 23 68 37 57 68 57 43 37 55 33 64 51 36 38 34 36 54 28 36 77 68 27 58 65 77 41 51 46 29 60 59 51 78 26 50 30 28 61 
70 109 44 61 0 31 44 49 115 83 38 9 46 71 78 63 69 80 78 31 19 92 68 29 95 84 27 75 68 76 56 67 15 87 54 18 79 91 11 104 42 58 80 24 81 82 88 81 57 32 
40 91 41 57 31 0 16 64 94 63 23 36 54 40 59 34 38 54 56 47 13 82 38 53 84 66 33 85 40 60 34 36 46 84 24 49 49 75 24 91 29 28 52 49 50 69 65 65 40 3 
26 75 35 49 44 16 0 64 78 47 16 50 52 29 43 20 27 38 40 50 25 69 26 60 70 50 35 81 25 45 19 31 58 73 13 60 38 59 34 76 21 16 37 56 40 56 49 51 26 18 
85 94 33 36 49 64 64 0 102 74 49 56 14 91 71 80 90 87 76 18 55 66 87 24 70 74 31 27 80 64 62 95 47 51 77 42 101 76 45 80 46 80 88 27 102 62 84 66 56 67 
62 10 75 66 115 94 78 102 0 32 77 123 89 70 37 66 72 46 38 101 100 41 67 115 37 31 92 95 58 40 60 86 126 61 76 125 72 26 103 29 73 74 49 114 72 40 30 37 58 96 
39 28 45 39 83 63 47 74 32 0 45 91 61 47 5 40 49 26 9 70 69 31 44 84 30 4 60 74 32 11 29 62 94 47 48 94 53 13 71 32 41 47 28 83 54 20 11 12 26 65 
37 72 20 35 38 23 16 49 77 45 0 46 37 42 40 31 41 44 40 36 24 60 38 47 62 47 21 65 34 39 18 46 51 61 28 51 52 54 27 69 6 31 44 44 53 47 49 44 19 26 
76 118 53 70 9 36 50 56 123 91 46 0 54 76 86 69 74 87 86 39 24 101 74 34 104 93 36 82 75 85 64 70 13 96 59 19 84 100 20 113 50 64 87 30 86 91 96 89 65 36 
72 81 19 23 46 54 52 14 89 61 37 54 0 78 57 67 77 73 62 16 47 55 74 29 59 60 22 31 67 50 48 83 49 44 64 45 88 64 39 69 33 67 74 30 89 49 70 53 42 57 
9 70 59 68 71 40 29 91 70 47 42 76 78 0 44 11 3 24 38 78 52 77 4 88 77 51 63 103 15 52 32 16 86 88 17 88 10 60 62 79 45 13 21 85 11 64 42 56 40 40 
35 32 41 37 78 59 43 71 37 5 40 86 57 44 0 36 46 24 7 67 64 33 40 80 33 7 56 72 29 10 24 58 90 47 44 89 51 17 67 35 36 43 27 79 51 21 13 13 21 61 
7 65 48 57 63 34 20 80 66 40 31 69 67 11 36 0 11 21 31 67 45 68 7 78 68 43 52 92 8 42 21 23 78 77 11 79 21 53 53 71 34 8 19 75 22 54 36 47 29 35 
11 73 59 68 69 38 27 90 72 49 41 74 77 3 46 11 0 26 40 76 50 78 5 86 78 53 61 103 17 53 32 13 83 89 15 86 11 62 60 81 44 11 24 83 13 65 44 58 41 37 
16 46 54 57 80 54 38 87 46 26 44 87 73 24 24 21 26 0 17 78 63 57 21 91 56 29 64 93 13 33 27 40 94 71 32 95 28 38 70 57 44 29 3 88 28 45 18 37 32 55 
29 35 44 43 78 56 40 76 38 9 40 86 62 38 7 31 40 17 0 70 63 40 34 83 39 13 58 78 23 17 23 53 91 54 40 91 44 22 67 41 37 38 20 81 45 28 9 20 23 58 
73 93 26 37 31 47 50 18 101 70 36 39 16 78 67 67 76 78 70 0 37 70 74 14 74 71 15 44 69 61 51 80 33 60 62 29 88 75 26 83 34 66 79 14 89 62 79 64 47 50 
51 96 38 55 19 13 25 55 100 69 24 24 47 52 64 45 50 63 63 37 0 84 50 41 86 71 25 78 50 64 40 49 33 82 35 36 61 79 12 93 30 40 62 37 62 71 72 69 43 14 
68 32 49 33 92 82 69 66 41 31 60 101 55 77 33 68 78 57 40 70 84 0 73 84 4 28 66 54 62 25 51 91 101 20 74 98 84 21 82 14 54 74 60 84 85 14 41 21 43 85 
5 67 55 64 68 38 26 87 67 44 38 74 74 4 40 7 5 21 34 74 50 73 0 85 73 47 59 99 11 48 28 18 83 84 15 85 14 57 59 76 41 10 19 81 15 60 39 52 36 38 
84 108 40 51 29 53 60 24 115 84 47 34 29 88 80 78 86 91 83 14 41 84 85 0 87 85 26 51 81 75 64 88 24 72 72 19 98 90 30 97 47 76 91 5 99 76 92 78 61 55 
68 28 51 36 95 84 70 70 37 30 62 104 59 77 33 68 78 56 39 74 86 4 73 87 0 27 69 58 62 26 52 91 104 24 75 101 83 19 85 10 56 74 59 87 84 15 40 21 45 87 
42 25 45 38 84 66 50 74 31 4 47 93 60 51 7 43 53 29 13 71 71 28 47 85 27 0 61 72 36 10 31 65 96 44 52 95 57 9 73 28 42 50 32 84 57 17 14 10 27 68 
58 85 17 34 27 33 35 31 92 60 21 36 22 63 56 52 61 64 58 15 25 66 59 26 69 61 0 53 55 52 38 65 35 60 47 34 73 67 17 78 21 51 65 24 74 56 67 56 35 36 
96 86 45 36 75 85 81 27 95 74 65 82 31 103 72 92 103 93 78 44 78 54 99 51 58 72 53 0 90 63 72 111 74 35 92 69 113 71 69 68 60 94 95 54 114 56 85 63 63 88 
7 57 48 54 68 40 25 80 58 32 34 75 67 15 29 8 17 13 23 69 50 62 11 81 62 36 55 90 0 36 19 29 82 73 19 84 23 46 58 64 35 16 12 78 24 49 29 41 27 41 
43 33 35 28 76 60 45 64 40 11 39 85 50 52 10 42 53 33 17 61 64 25 48 75 26 10 52 63 36 0 26 65 87 38 49 85 59 16 65 31 34 49 36 74 60 12 22 5 20 63 
25 56 29 36 56 34 19 62 60 29 18 64 48 32 24 21 32 27 23 51 40 51 28 64 52 31 38 72 19 26 0 42 69 58 24 69 41 40 45 57 17 24 27 61 42 37 32 32 9 37 
24 86 66 77 67 36 31 95 86 62 46 70 83 16 58 23 13 40 53 80 49 91 18 88 91 65 65 111 29 65 42 0 82 99 19 85 17 75 60 94 51 17 37 84 18 77 57 70 51 35 
84 120 52 68 15 46 58 47 126 94 51 13 49 86 90 78 83 94 91 33 33 101 83 24 104 96 35 74 82 87 69 82 0 92 69 6 94 102 25 113 54 73 94 20 96 91 100 91 69 47 
79 52 44 27 87 84 73 51 61 47 61 96 44 88 47 77 89 71 54 60 82 20 84 72 24 44 60 35 73 38 58 99 92 0 81 89 96 40 77 34 54 82 74 74 97 27 58 35 49 87 
17 75 47 58 54 24 13 77 76 48 28 59 64 17 44 11 15 32 40 62 35 74 15 72 75 52 47 92 19 49 24 19 69 81 0 71 26 61 45 79 32 4 30 68 27 61 47 55 33 24 
86 119 51 65 18 49 60 42 125 94 51 19 45 88 89 79 86 95 91 29 36 98 85 19 101 95 34 69 84 85 69 85 6 89 71 0 97 101 26 111 53 75 95 16 98 89 100 89 68 50 
17 74 69 77 79 49 38 101 72 53 52 84 88 10 51 21 11 28 44 88 61 84 14 98 83 57 73 113 23 59 41 17 94 96 26 97 0 66 71 85 55 22 25 94 2 71 46 63 50 48 
51 18 50 41 91 75 59 76 26 13 54 100 64 60 17 53 62 38 22 75 79 21 57 90 19 9 67 71 46 16 40 75 102 40 61 101 66 0 80 19 50 60 41 89 66 15 21 11 35 77 
60 98 34 51 11 24 34 45 103 71 27 20 39 62 67 53 60 70 67 26 12 82 59 30 85 73 17 69 58 65 45 60 25 77 45 26 71 80 0 93 31 49 69 25 72 71 76 69 46 26 
70 20 61 46 104 91 76 80 29 32 69 113 69 79 35 71 81 57 41 83 93 14 76 97 10 28 78 68 64 31 57 94 113 34 79 111 85 19 93 0 64 78 60 97 85 22 39 25 51 93 
39 67 14 29 42 29 21 46 73 41 6 50 33 45 36 34 44 44 37 34 30 54 41 47 56 42 21 60 35 34 17 51 54 54 32 53 55 50 31 64 0 35 44 44 56 42 47 39 15 32 
13 73 49 60 58 28 16 80 74 47 31 64 67 13 43 8 11 29 38 66 40 74 10 76 74 50 51 94 16 49 24 17 73 82 4 75 22 60 49 78 35 0 27 72 23 60 44 54 33 28 
14 49 55 59 80 52 37 88 49 28 44 87 74 21 27 19 24 3 20 79 62 60 19 91 59 32 65 95 12 36 27 37 94 74 30 95 25 41 69 60 44 27 0 88 26 48 21 39 33 53 
81 107 38 51 24 49 56 27 114 83 44 30 30 85 79 75 83 88 81 14 37 84 81 5 87 84 24 54 78 74 61 84 20 74 68 16 94 89 25 97 44 72 88 0 95 76 91 77 59 51 
18 74 70 78 81 50 40 102 72 54 53 86 89 11 51 22 13 28 45 89 62 85 15 99 84 57 74 114 24 60 42 18 96 97 27 98 2 66 72 85 56 23 26 95 0 72 46 64 51 49 
55 32 39 26 82 69 56 62 40 20 47 91 49 64 21 54 65 45 28 62 71 14 60 76 15 17 56 56 49 12 37 77 91 27 61 89 71 15 71 22 42 60 48 76 72 0 31 8 30 72 
34 29 53 50 88 65 49 84 30 11 49 96 70 42 13 36 44 18 9 79 72 41 39 92 40 14 67 85 29 22 32 57 100 58 47 100 46 21 76 39 47 44 21 91 46 31 0 23 32 67 
48 29 39 30 81 65 51 66 37 12 44 89 53 56 13 47 58 37 20 64 69 21 52 78 21 10 56 63 41 5 32 70 91 35 55 89 63 11 69 25 39 54 39 77 64 8 23 0 26 68 
33 53 23 28 57 40 26 56 58 26 19 65 42 40 21 29 41 32 23 47 43 43 36 61 45 27 35 63 27 20 9 51 69 49 33 68 50 35 46 51 15 33 33 59 51 30 32 26 0 42 
41 93 44 61 32 3 18 67 96 65 26 36 57 40 61 35 37 55 58 50 14 85 38 55 87 68 36 88 41 63 37 35 47 87 24 50 48 77 26 93 32 28 53 51 49 72 67 68 42 0 
0 1000
3401 3820
1112 1347
1379 1458
1663 1866
4209 4925
4867 4983
1942 2689
96 1026
3871 3888
2670 3570
2238 2809
583 1263
2845 3650
4732 5545
2748 2903
3783 4348
2617 3312
1179 1518
378 618
260 476
3125 3456
4831 5791
1275 1456
2385 2535
134 386
693 1319
2466 2705
2104 2640
1763 1970
4888 5210
3974 4486
4592 5225
4314 4600
744 1587
2993 3821
3539 4081
1839 2001
1580 1794
987 1379
3647 4328
4959 5571
4497 5415
3281 3506
1476 1799
4104 4209
476 790
4367 4736
3923 4016
867 1327
85.90112413204163 89.81991321210457 36.6426156674689 38.04221254733099 19.593030528425338 50.50523401874961 60.53409369998807 4.137775097710772 99.36593328137194 77.37773105349308 48.74549378496986 16.284174388839677 18.241029131796648 89.16325466638149 74.90909890364308 79.61571968790473 87.23571477075134 90.90431591608822 79.948221649861 13.23793028398692 38.03200569903915 58.31625892819046 86.12544267196714 1.495294205576525 62.14533795674849 76.18384701758339 27.602907181107728 4.953433789245809 82.31925774386389 66.39557635730576 64.41034382217889 86.48572056889219 4.848868111132387 38.00496343202619 72.51148484988673 1.9951544566143897 98.42871371869467 76.08486172728057 27.529374041951982 71.05770069591021 47.652291050778096 76.5755919534739 91.65591732815561 4.845142494152932 99.9365074366483 60.76240860458001 87.95707071935867 66.97246621016573 59.500873908529584 51.74772091631132 
30.377648012055435 92.51704424005716 49.398199750223995 66.87754563756444 8.967832315620605 10.81149302136567 23.693806927635908 54.966794784677106 91.31879792943096 67.95338955302961 33.77760472683726 0.5490215444721724 54.4959789920614 22.263185143149766 64.0663759712724 28.4030428615753 19.853610330348413 46.09121987342905 59.02860916890419 39.09631415510879 11.76962299349411 92.8060055930348 25.194084977645048 31.176034944384824 94.0837271871683 71.43899512138235 34.47662913381062 82.0212640105885 35.833716673251736 68.65975087306423 42.25201765071559 6.769549142599374 7.686898267727916 93.62191004294736 19.796331258429934 12.612538746171753 18.946549771050613 80.9049720984597 16.99850909339624 99.19556132167287 40.03317188044463 21.188945016406123 43.366622402223896 27.95694418673913 19.162842762898634 79.46562446306804 63.891562622975705 74.05596216872664 49.585119853100366 7.862680122540144 