50
0 37 97 26 94 62 56 82 30 68 50 8 75 102 80 62 100 29 95 80 9 49 62 83 74 88 40 75 34 67 90 58 74 87 81 31 10 81 83 75 29 64 24 91 57 4 102 89 25 34 
37 0 91 16 78 74 52 48 11 64 69 40 59 78 70 50 72 47 73 92 30 20 51 69 78 62 4 38 53 30 64 33 38 72 70 12 39 48 61 62 22 41 16 55 76 40 87 85 39 25 
97 91 0 82 26 49 41 79 99 30 64 91 35 48 20 40 58 71 41 47 101 73 40 25 30 51 89 93 69 94 53 62 89 25 21 81 89 76 43 30 74 55 99 93 64 98 21 9 73 68 
26 16 82 0 73 60 41 56 19 53 53 27 54 78 62 42 75 31 72 77 23 23 43 63 65 63 18 51 37 43 65 33 49 66 63 5 25 55 59 56 8 39 17 66 61 29 82 75 23 13 
94 78 26 73 0 63 41 56 88 34 74 90 19 22 20 33 32 73 15 67 95 58 32 12 46 27 75 72 74 74 28 45 67 8 17 71 87 52 20 19 67 38 90 69 76 96 10 29 72 61 
62 74 49 60 63 0 31 91 78 29 16 54 53 82 43 42 87 33 73 18 69 66 42 52 19 75 75 97 28 93 78 62 93 56 45 63 52 88 66 48 52 61 75 106 15 61 64 40 39 49 
56 52 41 41 41 31 0 60 60 12 37 51 25 56 24 12 58 32 47 44 59 39 12 29 26 46 51 68 33 65 49 32 64 33 25 42 48 58 38 22 33 31 58 75 41 57 46 34 32 28 
82 48 79 56 56 91 60 0 59 66 94 82 45 43 61 49 32 78 43 104 77 33 50 54 83 30 44 19 83 25 29 30 15 54 59 51 81 3 36 51 55 30 64 15 100 85 65 78 72 52 
30 11 99 19 88 78 60 59 0 72 70 35 69 90 79 59 84 47 84 96 22 31 60 79 84 74 15 48 54 39 75 44 48 82 79 18 36 59 72 72 27 51 6 65 78 34 97 93 40 32 
68 64 30 53 34 29 12 66 72 0 40 62 24 53 15 17 58 42 44 38 71 49 17 23 17 47 63 76 41 74 49 41 71 27 17 54 59 63 37 18 45 37 70 81 42 68 38 22 43 40 
50 69 64 53 74 16 37 94 70 40 0 42 61 92 55 49 95 23 83 31 57 65 48 63 34 83 70 97 17 91 85 64 93 67 57 57 40 91 74 57 47 65 66 108 8 48 77 55 30 46 
8 40 91 27 90 54 51 82 35 62 42 0 71 99 75 58 98 22 92 72 17 49 58 79 67 85 43 77 26 69 88 57 75 82 76 32 3 81 80 71 28 62 29 93 49 7 97 83 19 32 
75 59 35 54 19 53 25 45 69 24 61 71 0 31 16 14 34 56 22 62 76 40 14 11 40 23 56 59 58 59 25 27 54 13 14 52 69 42 13 6 47 21 70 60 65 77 28 32 54 42 
102 78 48 78 22 82 56 43 90 53 92 99 31 0 40 44 12 86 9 88 101 58 44 30 67 16 75 61 88 66 15 46 57 27 37 75 97 40 20 35 73 39 92 54 95 104 29 51 83 68 
80 70 20 62 20 43 24 61 79 15 55 75 16 40 0 20 47 56 31 49 82 53 20 9 27 37 68 74 56 74 39 41 70 13 3 61 72 58 27 10 55 36 79 76 57 81 23 16 56 49 
62 50 40 42 33 42 12 49 59 17 49 58 14 44 20 0 46 42 36 55 63 33 1 21 34 34 48 59 44 57 36 23 54 25 20 41 55 46 26 14 35 20 59 64 53 63 40 35 40 29 
100 72 58 75 32 87 58 32 84 58 95 98 34 12 47 46 0 86 17 95 98 53 47 37 73 13 69 51 89 56 10 42 47 35 44 70 96 30 21 40 70 36 87 42 99 102 40 60 83 66 
29 47 71 31 73 33 32 78 47 42 23 22 56 86 56 42 86 0 77 51 36 47 42 61 46 74 48 78 6 72 76 49 75 65 57 35 19 76 67 54 26 52 43 91 31 28 79 62 8 26 
95 73 41 72 15 73 47 43 84 44 83 92 22 9 31 36 17 77 0 79 95 53 36 21 58 14 70 61 79 64 14 40 56 18 28 69 89 40 12 25 66 33 86 56 86 97 23 43 75 61 
80 92 47 77 67 18 44 104 96 38 31 72 62 88 49 55 95 51 79 0 87 83 54 58 22 84 92 112 46 109 87 77 108 61 51 80 70 101 75 56 70 74 93 119 25 79 66 40 57 67 
9 30 101 23 95 69 59 77 22 71 57 17 76 101 82 63 98 36 95 87 0 45 64 85 80 86 34 68 41 60 88 56 68 88 83 27 18 77 82 77 29 62 16 85 65 13 103 93 30 34 
49 20 73 23 58 66 39 33 31 49 65 49 40 58 53 33 53 47 53 83 45 0 34 51 65 42 17 32 52 27 44 13 29 52 52 18 48 32 41 44 22 21 34 45 72 52 68 68 40 20 
62 51 40 43 32 42 12 50 60 17 48 58 14 44 20 1 47 42 36 54 64 34 0 21 34 34 49 59 44 58 37 24 55 24 20 42 55 47 26 13 36 21 60 65 53 64 39 34 40 30 
83 69 25 63 12 52 29 54 79 23 63 79 11 30 9 21 37 61 21 58 85 51 21 0 36 28 67 69 62 69 30 38 64 4 7 62 76 51 19 8 56 32 80 69 65 85 18 24 61 51 
74 78 30 65 46 19 26 83 84 17 34 67 40 67 27 34 73 46 58 22 80 65 34 36 0 63 77 93 43 90 65 57 88 40 30 67 65 80 53 34 57 54 82 98 34 74 46 21 49 53 
88 62 51 63 27 75 46 30 74 47 83 85 23 16 37 34 13 74 14 84 86 42 34 28 63 0 59 47 77 50 3 30 42 26 35 59 83 26 10 29 58 24 76 43 87 90 36 52 70 53 
40 4 89 18 75 75 51 44 15 63 70 43 56 75 68 48 69 48 70 92 34 17 49 67 77 59 0 35 54 27 60 30 34 69 68 13 42 44 58 60 23 37 20 51 77 44 85 83 41 25 
75 38 93 51 72 97 68 19 48 76 97 77 59 61 74 59 51 78 61 112 68 32 59 69 93 47 35 0 84 8 47 35 5 69 73 45 76 22 52 64 52 39 53 18 104 78 82 91 71 52 
34 53 69 37 74 28 33 83 54 41 17 26 58 88 56 44 89 6 79 46 41 52 44 62 43 77 54 84 0 78 79 54 81 66 58 42 24 81 69 55 32 56 49 96 24 33 79 61 14 32 
67 30 94 43 74 93 65 25 39 74 91 69 59 66 74 57 56 72 64 109 60 27 58 69 90 50 27 8 78 0 51 33 10 70 73 38 69 27 54 64 46 38 45 26 99 70 84 90 65 46 
90 64 53 65 28 78 49 29 75 49 85 88 25 15 39 36 10 76 14 87 88 44 37 30 65 3 60 47 79 51 0 32 43 28 37 61 85 26 12 31 60 26 78 42 90 92 37 54 72 56 
58 33 62 33 45 62 32 30 44 41 64 57 27 46 41 23 42 49 40 77 56 13 24 38 57 30 30 35 54 33 32 0 31 40 40 29 55 28 28 32 29 7 46 44 70 61 55 57 44 25 
74 38 89 49 67 93 64 15 48 71 93 75 54 57 70 54 47 75 56 108 68 29 55 64 88 42 34 5 81 10 43 31 0 64 68 43 74 17 47 60 50 35 53 18 100 77 77 86 68 49 
87 72 25 66 8 56 33 54 82 27 67 82 13 27 13 25 35 65 18 61 88 52 24 4 40 26 69 69 66 70 28 40 64 0 10 64 80 50 18 11 59 33 83 68 69 88 16 26 64 54 
81 70 21 63 17 45 25 59 79 17 57 76 14 37 3 20 44 57 28 51 83 52 20 7 30 35 68 73 58 73 37 40 68 10 0 61 73 56 25 9 55 34 79 74 59 82 21 18 57 49 
31 12 81 5 71 63 42 51 18 54 57 32 52 75 61 41 70 35 69 80 27 18 42 62 67 59 13 45 42 38 61 29 43 64 61 0 31 50 56 54 10 36 18 61 65 34 80 75 28 14 
10 39 89 25 87 52 48 81 36 59 40 3 69 97 72 55 96 19 89 70 18 48 55 76 65 83 42 76 24 69 85 55 74 80 73 31 0 80 78 68 26 60 30 91 47 9 94 80 16 30 
81 48 76 55 52 88 58 3 59 63 91 81 42 40 58 46 30 76 40 101 77 32 47 51 80 26 44 22 81 27 26 28 17 50 56 50 80 0 33 48 54 27 64 18 97 84 62 74 71 51 
83 61 43 59 20 66 38 36 72 37 74 80 13 20 27 26 21 67 12 75 82 41 26 19 53 10 58 52 69 54 12 28 47 18 25 56 78 33 0 19 54 21 74 50 78 85 30 43 64 49 
75 62 30 56 19 48 22 51 72 18 57 71 6 35 10 14 40 54 25 56 77 44 13 8 34 29 60 64 55 64 31 32 60 11 9 54 68 48 19 0 48 26 72 66 60 77 26 26 53 43 
29 22 74 8 67 52 33 55 27 45 47 28 47 73 55 35 70 26 66 70 29 22 36 56 57 58 23 52 32 46 60 29 50 59 55 10 26 54 54 48 0 35 25 67 55 32 75 67 19 6 
64 41 55 39 38 61 31 30 51 37 65 62 21 39 36 20 36 52 33 74 62 21 21 32 54 24 37 39 56 38 26 7 35 33 34 36 60 27 21 26 35 0 54 44 71 66 48 52 48 30 
24 16 99 17 90 75 58 64 6 70 66 29 70 92 79 59 87 43 86 93 16 34 60 80 82 76 20 53 49 45 78 46 53 83 79 18 30 64 74 72 25 54 0 71 74 28 98 92 36 30 
91 55 93 66 69 106 75 15 65 81 108 93 60 54 76 64 42 91 56 119 85 45 65 69 98 43 51 18 96 26 42 44 18 68 74 61 91 18 50 66 67 44 71 0 114 95 79 92 84 65 
57 76 64 61 76 15 41 100 78 42 8 49 65 95 57 53 99 31 86 25 65 72 53 65 34 87 77 104 24 99 90 70 100 69 59 65 47 97 78 60 55 71 74 114 0 55 78 55 38 53 
4 40 98 29 96 61 57 85 34 68 48 7 77 104 81 63 102 28 97 79 13 52 64 85 74 90 44 78 33 70 92 61 77 88 82 34 9 84 85 77 32 66 28 95 55 0 103 90 25 37 
102 87 21 82 10 64 46 65 97 38 77 97 28 29 23 40 40 79 23 66 103 68 39 18 46 36 85 82 79 84 37 55 77 16 21 80 94 62 30 26 75 48 98 79 78 103 0 26 78 69 
89 85 9 75 29 40 34 78 93 22 55 83 32 51 16 35 60 62 43 40 93 68 34 24 21 52 83 91 61 90 54 57 86 26 18 75 80 74 43 26 67 52 92 92 55 90 26 0 64 62 
25 39 73 23 72 39 32 72 40 43 30 19 54 83 56 40 83 8 75 57 30 40 40 61 49 70 41 71 14 65 72 44 68 64 57 28 16 71 64 53 19 48 36 84 38 25 78 64 0 20 
34 25 68 13 61 49 28 52 32 40 46 32 42 68 49 29 66 26 61 67 34 20 30 51 53 53 25 52 32 46 56 25 49 54 49 14 30 51 49 43 6 30 30 65 53 37 69 62 20 0 
0 1000
4118 4428
1766 1882
1065 1640
3591 4109
252 573
2421 2607
4702 5017
354 450
1539 1616
516 656
3755 4040
3969 4419
3364 3564
999 1205
3239 3965
4210 4389
2692 2793
626 1332
3863 4644
1148 1731
3107 3851
139 1096
4253 4864
4357 5196
4016 4869
1624 1734
2004 2207
2706 3352
2289 2702
2179 2957
3482 4047
2108 2688
4648 4767
3296 3986
1847 2513
4517 5492
883 900
3157 3268
1270 1520
1915 2024
2994 3812
802 1608
2503 3459
2766 3143
2898 2913
1348 1943
4386 4389
2622 2795
1469 1745
92.8949365288324 57.088071355372904 38.37483394836815 67.24573684262928 21.007896493636082 83.56641137917134 58.234099731899725 11.408687662697048 66.26623809574777 55.01794579822084 94.37169772022392 93.5219337235072 33.19768601983307 2.714240342502272 40.48805922180746 46.40345127337331 0.22606659866184486 86.2403860145713 11.813598274032088 85.27033713893995 87.23519073828318 44.52036792585308 46.57701773801121 31.911013895539508 66.0117914138702 12.918866259368889 53.35479822982594 18.853593983525275 89.60399256837862 27.169110575077614 10.414580573557686 38.092768063789876 19.38309326611084 27.93450314015097 38.116087927803335 61.92714621661397 91.98098297648781 12.190882045957219 20.871983319031774 37.254251935430936 66.09758450500117 34.037079752231925 72.22562378510673 1.8832406866787 97.36251289860245 96.13591708433079 20.21607170097498 45.88429301087026 81.66371164627773 62.81912343237084 
16.159968832297768 8.188780386757976 96.74908425987711 20.270150899251092 77.35951602444166 77.63364979928525 60.50175648002757 22.546122538298054 1.389193042396053 72.10711141201212 65.74728137293498 24.090476599891552 62.18248353844803 64.55440713912975 76.46492787383534 57.077464734038244 52.98370161058901 44.46809968307481 65.73708955573224 95.55648659704785 8.724958729923538 23.80488352597435 57.91294448936869 72.95412992180745 85.34187332499927 52.04353350176495 9.448347415211611 5.385430522864132 49.9338513086343 3.6540110513634816 51.806480118857635 35.21077469569275 10.23043443651197 73.54873232431912 75.66734343589687 18.966869487769088 26.28599658106716 25.862262463660212 57.2738504677371 67.01010376810292 28.25818741675534 41.50032224651032 3.9320015366247407 10.834920568415862 73.12828664509192 17.811643517047926 87.18097649535287 91.98628002578322 38.48747173596011 32.82352343228209 