50
0 59 13 36 11 61 58 72 70 98 68 76 82 88 14 97 25 38 43 14 47 86 36 26 60 26 56 90 14 67 50 10 12 64 30 57 85 70 5 53 45 43 28 3 40 64 1 73 37 64 
59 0 60 67 48 5 84 58 29 74 17 90 98 64 49 77 41 21 45 46 48 79 85 43 91 37 64 75 57 73 40 65 52 54 29 98 68 71 59 40 83 87 76 56 57 59 60 64 21 88 
13 60 0 49 16 63 72 82 77 108 72 90 95 98 12 108 34 39 54 22 58 98 47 19 74 34 69 101 3 80 59 8 24 75 34 69 96 82 19 63 58 55 41 15 53 76 13 84 40 77 
36 67 49 0 39 66 23 47 62 72 67 41 46 64 46 70 28 54 26 32 26 55 24 56 27 32 25 62 49 34 35 44 27 40 42 31 58 38 30 38 16 22 19 34 13 37 36 45 49 28 
11 48 16 39 0 50 62 67 62 93 58 78 84 82 7 93 19 27 39 8 43 84 45 17 65 19 55 87 14 67 44 18 12 60 20 64 80 69 14 47 51 51 37 9 40 61 12 70 26 67 
61 5 63 66 50 0 82 54 24 69 12 87 95 59 52 72 42 25 43 48 46 75 85 48 90 38 61 71 61 70 37 68 53 50 31 97 63 68 61 37 82 87 77 58 55 56 62 60 24 86 
58 84 72 23 62 82 0 46 72 67 80 21 24 61 69 63 49 74 39 55 36 44 35 78 9 52 24 54 71 24 46 66 50 42 63 24 53 30 53 48 18 27 35 57 27 36 58 41 69 6 
72 58 82 47 67 54 46 0 34 26 46 40 48 17 73 25 48 61 29 60 25 22 71 78 55 49 23 20 81 24 24 81 60 7 55 69 13 19 68 21 58 67 66 69 35 11 72 8 56 47 
70 29 77 62 62 24 72 34 0 46 13 72 80 36 65 49 46 42 37 57 37 55 85 65 81 44 49 48 74 55 28 79 60 33 43 92 41 51 69 25 77 85 78 67 49 39 72 41 39 75 
98 74 108 72 93 69 67 26 46 0 59 53 60 11 99 6 74 83 55 86 51 25 96 102 75 74 47 13 107 43 49 107 86 33 79 91 14 37 94 46 81 91 91 95 61 36 99 27 78 66 
68 17 72 67 58 12 80 46 13 59 0 82 91 49 60 63 46 34 42 54 44 67 88 57 88 43 58 61 69 65 34 75 59 44 38 97 54 62 67 32 83 89 80 65 55 50 69 53 32 83 
76 90 90 41 78 87 21 40 72 53 82 0 8 50 85 48 62 85 47 70 43 29 56 94 26 65 26 40 89 17 50 85 67 39 75 42 42 21 71 51 39 48 56 74 39 32 77 33 80 17 
82 98 95 46 84 95 24 48 80 60 91 8 0 58 91 54 69 93 54 77 51 35 58 100 27 72 34 47 95 25 59 90 73 47 82 42 49 29 76 59 41 50 59 80 46 41 82 41 87 19 
88 64 98 64 82 59 61 17 36 11 49 50 58 0 88 13 63 72 44 75 41 24 88 91 70 64 40 14 96 38 38 97 76 24 68 85 9 32 84 35 74 83 83 84 51 27 88 20 67 61 
14 49 12 46 7 52 69 73 65 99 60 85 91 88 0 99 25 28 45 15 50 90 50 11 72 25 62 93 9 74 50 17 18 66 23 70 87 75 19 53 58 56 42 14 46 67 15 76 28 74 
97 77 108 70 93 72 63 25 49 6 63 48 54 13 99 0 74 84 54 85 50 20 93 103 71 74 45 8 106 39 49 107 85 32 79 87 12 33 93 46 78 87 89 94 59 34 98 25 80 62 
25 41 34 28 19 42 49 48 46 74 46 62 69 63 25 74 0 26 20 12 24 65 44 32 55 4 38 67 33 49 25 34 14 41 14 58 61 50 23 29 43 47 35 22 23 42 26 51 22 54 
38 21 39 54 27 25 74 61 42 83 34 85 93 72 28 84 26 0 39 27 43 81 68 23 80 22 59 80 36 70 38 44 33 55 12 84 73 69 40 40 69 72 59 36 47 59 40 66 5 79 
43 45 54 26 39 43 39 29 37 55 42 47 54 44 45 54 20 39 0 31 4 45 49 51 47 21 20 48 52 31 9 53 31 21 29 56 42 31 39 12 41 48 42 40 13 22 44 31 33 43 
14 46 22 32 8 48 55 60 57 86 54 70 77 75 15 85 12 27 31 0 36 76 41 24 59 13 48 79 21 59 37 23 6 53 17 59 73 61 13 41 45 46 32 10 32 53 15 62 25 60 
47 48 58 26 43 46 36 25 37 51 44 43 51 41 50 50 24 43 4 36 0 41 50 55 45 26 16 44 57 27 10 56 35 18 34 55 38 27 43 12 40 48 43 44 13 18 48 27 38 40 
86 79 98 55 84 75 44 22 55 25 67 29 35 24 90 20 65 81 45 76 41 0 77 96 52 67 30 12 97 21 44 95 75 26 74 68 15 17 81 42 60 70 73 83 46 23 87 15 76 42 
36 85 47 24 45 85 35 71 85 96 88 56 58 88 50 93 44 68 49 41 50 77 0 61 32 48 49 85 48 55 58 40 35 65 57 23 82 60 31 62 18 9 9 36 38 61 35 69 65 40 
26 43 19 56 17 48 78 78 65 102 57 94 100 91 11 103 32 23 51 24 55 96 61 0 82 30 70 97 17 81 54 27 29 71 24 81 91 82 30 57 68 68 53 25 54 73 26 81 26 84 
60 91 74 27 65 90 9 55 81 75 88 26 27 70 72 71 55 80 47 59 45 52 32 82 0 58 33 63 74 33 54 67 54 51 69 16 62 39 55 56 16 23 34 59 35 45 60 50 76 10 
26 37 34 32 19 38 52 49 44 74 43 65 72 64 25 74 4 22 21 13 26 67 48 30 58 0 40 68 32 52 25 35 16 42 11 62 62 52 25 29 47 50 39 23 26 43 27 52 18 58 
56 64 69 25 55 61 24 23 49 47 58 26 34 40 62 45 38 59 20 48 16 30 49 70 33 40 0 37 68 12 24 66 45 18 49 46 33 13 52 25 34 44 44 54 16 13 57 20 54 26 
90 75 101 62 87 71 54 20 48 13 61 40 47 14 93 8 67 80 48 79 44 12 85 97 63 68 37 0 100 31 44 100 78 26 74 78 7 25 86 41 69 79 81 87 51 26 91 17 75 53 
14 57 3 49 14 61 71 81 74 107 69 89 95 96 9 106 33 36 52 21 57 97 48 17 74 32 68 100 0 79 58 10 23 74 32 70 94 81 19 61 59 56 41 15 52 74 14 83 37 77 
67 73 80 34 67 70 24 24 55 43 65 17 25 38 74 39 49 70 31 59 27 21 55 81 33 52 12 31 79 0 34 76 56 22 61 48 29 6 62 34 39 49 52 65 27 16 68 18 65 23 
50 40 59 35 44 37 46 24 28 49 34 50 59 38 50 49 25 38 9 37 10 44 58 54 54 25 24 44 58 34 0 59 38 18 31 64 37 32 47 4 50 57 51 47 22 21 51 28 33 49 
10 65 8 44 18 68 66 81 79 107 75 85 90 97 17 107 34 44 53 23 56 95 40 27 67 35 66 100 10 76 59 0 22 74 37 62 94 79 14 63 52 48 33 13 50 74 9 83 44 72 
12 52 24 27 12 53 50 60 60 86 59 67 73 76 18 85 14 33 31 6 35 75 35 29 54 16 45 78 23 56 38 22 0 53 23 53 73 59 9 42 40 40 26 9 29 52 13 61 31 56 
64 54 75 40 60 50 42 7 33 33 44 39 47 24 66 32 41 55 21 53 18 26 65 71 51 42 18 26 74 22 18 74 53 0 48 64 20 18 61 16 52 61 59 61 28 7 65 11 50 44 
30 29 34 42 20 31 63 55 43 79 38 75 82 68 23 79 14 12 29 17 34 74 57 24 69 11 49 74 32 61 31 37 23 48 0 72 67 61 30 33 58 60 48 27 36 51 31 59 8 68 
57 98 69 31 64 97 24 69 92 91 97 42 42 85 70 87 58 84 56 59 55 68 23 81 16 62 46 78 70 48 64 62 53 64 72 0 77 54 52 67 15 14 29 56 43 59 56 65 80 26 
85 68 96 58 80 63 53 13 41 14 54 42 49 9 87 12 61 73 42 73 38 15 82 91 62 62 33 7 94 29 37 94 73 20 67 77 0 23 81 34 67 77 77 82 47 21 85 13 68 53 
70 71 82 38 69 68 30 19 51 37 62 21 29 32 75 33 50 69 31 61 27 17 60 82 39 52 13 25 81 6 32 79 59 18 61 54 23 0 65 32 44 54 57 67 30 12 70 12 64 29 
5 59 19 30 14 61 53 68 69 94 67 71 76 84 19 93 23 40 39 13 43 81 31 30 55 25 52 86 19 62 47 14 9 61 30 52 81 65 0 50 40 38 23 5 35 60 6 69 38 58 
53 40 63 38 47 37 48 21 25 46 32 51 59 35 53 46 29 40 12 41 12 42 62 57 56 29 25 41 61 34 4 63 42 16 33 67 34 32 50 0 52 60 54 50 24 20 54 26 35 51 
45 83 58 16 51 82 18 58 77 81 83 39 41 74 58 78 43 69 41 45 40 60 18 68 16 47 34 69 59 39 50 52 40 52 58 15 67 44 40 52 0 10 19 44 28 47 45 54 65 23 
43 87 55 22 51 87 27 67 85 91 89 48 50 83 56 87 47 72 48 46 48 70 9 68 23 50 44 79 56 49 57 48 40 61 60 14 77 54 38 60 10 0 15 43 36 56 42 64 68 32 
28 76 41 19 37 77 35 66 78 91 80 56 59 83 42 89 35 59 42 32 43 73 9 53 34 39 44 81 41 52 51 33 26 59 48 29 77 57 23 54 19 15 0 28 31 56 28 64 56 41 
3 56 15 34 9 58 57 69 67 95 65 74 80 84 14 94 22 36 40 10 44 83 36 25 59 23 54 87 15 65 47 13 9 61 27 56 82 67 5 50 44 43 28 0 38 61 4 70 35 62 
40 57 53 13 40 55 27 35 49 61 55 39 46 51 46 59 23 47 13 32 13 46 38 54 35 26 16 51 52 27 22 50 29 28 36 43 47 30 35 24 28 36 31 38 0 25 41 34 42 32 
64 59 76 37 61 56 36 11 39 36 50 32 41 27 67 34 42 59 22 53 18 23 61 73 45 43 13 26 74 16 21 74 52 7 51 59 21 12 60 20 47 56 56 61 25 0 65 9 53 37 
1 60 13 36 12 62 58 72 72 99 69 77 82 88 15 98 26 40 44 15 48 87 35 26 60 27 57 91 14 68 51 9 13 65 31 56 85 70 6 54 45 42 28 4 41 65 0 74 38 64 
73 64 84 45 70 60 41 8 41 27 53 33 41 20 76 25 51 66 31 62 27 15 69 81 50 52 20 17 83 18 28 83 61 11 59 65 13 12 69 26 54 64 64 70 34 9 74 0 61 41 
37 21 40 49 26 24 69 56 39 78 32 80 87 67 28 80 22 5 33 25 38 76 65 26 76 18 54 75 37 65 33 44 31 50 8 80 68 64 38 35 65 68 56 35 42 53 38 61 0 74 
64 88 77 28 67 86 6 47 75 66 83 17 19 61 74 62 54 79 43 60 40 42 40 84 10 58 26 53 77 23 49 72 56 44 68 26 53 29 58 51 23 32 41 62 32 37 64 41 74 0 
0 1000
5199 5887
1995 2046
2382 2910
3940 3961
1024 1895
2778 3722
2661 3570
1594 1604
324 1024
3820 4575
4976 5626
550 676
4174 4512
3195 3300
3608 4188
5355 6032
4797 5388
4047 4919
4408 5126
3259 4039
878 1544
5092 5162
3351 3983
3475 3513
3877 4670
5278 6104
226 367
2236 2246
4714 5228
3672 4242
4309 4992
64 570
1693 2321
705 1314
1380 1901
1810 2341
3710 4139
4514 5071
4585 4621
448 1383
3043 3573
2496 2578
2933 3853
4909 5388
5473 5538
1479 2024
1143 1225
1231 1772
2137 2577
84.25972143240305 78.16430255826691 97.63259445978821 48.507977512796415 85.50056794633583 73.04407854614698 26.655828822611127 23.96406873922743 49.25723233735362 3.72945236876826 62.184033014758114 7.9112846962419265 2.734274832270267 14.166361206284407 92.37663052289491 1.2681102074790007 67.90969397931958 84.8934828520814 48.814728924196594 77.66712845769275 44.34651684229802 3.9702381650609575 57.71443243105022 99.61762418917529 26.355382511719583 69.95115597470134 30.249384867346386 4.694351299377786 97.14706354493904 18.759392282405063 47.45361559128087 92.55097527934257 74.62802202490288 29.846351025180606 77.75738353808839 35.93923743164179 11.916023081498995 17.684749567221537 78.85655103832151 45.26933813586932 42.05989272884737 48.55681705505138 60.83787302262051 82.28150334807779 45.96621670347601 27.073787759709454 84.53554024120409 19.171978054684136 79.81574660683846 20.90886484909834 
29.733308574925765 88.17600203531244 31.3665640645432 28.495130943732626 41.083019201825124 89.87551904938472 22.332721245369225 68.46874846904848 90.84084586176743 85.19915523160431 93.87445791873206 32.059249196176395 25.497755997042514 82.16798705346558 41.739180650426164 79.81615476968781 48.67987833446548 68.21534445971203 54.33167837367815 41.725560345347525 54.143079180536624 60.46565820697543 5.834674974147291 50.42690622520007 13.232579855020177 51.73850340309861 45.90151823283972 72.14554767493688 33.98719492213028 44.905027039607646 63.28628710792964 24.815745913841326 36.693543106119066 64.34444458230082 59.05508343260205 0.13384123119817293 73.5387715033105 50.784665771946905 28.79728440760666 66.13519239082044 13.803563091307701 6.239253507728659 14.113391131624953 32.38306693333003 41.73894999835783 58.294058370283445 28.638347626775705 62.556614042107924 66.81549573796647 21.507908970331524 