50
0 36 32 49 59 70 46 60 14 13 60 40 73 53 8 67 35 26 29 57 30 51 6 44 22 46 55 52 36 47 26 26 38 33 52 41 51 37 22 40 36 33 27 66 54 46 40 28 61 54 
36 0 40 85 96 106 62 69 25 48 94 39 108 74 45 104 13 62 34 89 7 86 43 11 16 70 92 87 10 80 24 47 69 10 87 75 82 47 51 74 38 64 13 102 89 30 76 22 85 89 
32 40 0 70 78 83 78 31 37 33 64 12 79 84 36 80 49 50 55 56 35 76 33 51 38 32 74 61 47 47 16 57 67 45 60 67 49 67 54 67 63 33 41 78 79 65 56 48 91 60 
49 85 70 0 11 26 57 85 60 39 35 81 39 49 41 25 81 23 64 43 79 12 43 92 70 58 7 24 83 40 73 48 27 80 27 16 42 61 38 16 68 41 74 26 13 85 16 71 45 31 
59 96 78 11 0 16 68 90 71 48 32 89 31 58 51 15 92 33 75 42 89 20 53 103 80 62 4 23 94 41 82 59 38 91 25 26 43 72 50 27 80 47 85 18 19 97 22 82 53 29 
70 106 83 26 16 0 83 90 83 58 25 95 18 74 62 3 104 45 89 37 100 36 64 114 92 62 20 23 106 40 90 74 53 103 24 42 40 87 64 43 94 50 96 6 35 110 30 94 69 26 
46 62 78 57 68 83 0 106 43 51 87 85 95 15 45 82 50 47 28 90 59 49 48 61 48 89 64 76 53 82 68 20 30 52 78 42 85 14 28 41 25 73 49 83 51 42 62 40 28 81 
60 69 31 85 90 90 106 0 68 57 66 31 79 111 62 87 79 70 86 54 65 94 59 80 68 28 88 68 77 50 46 86 91 76 66 88 50 97 80 87 93 44 71 83 97 96 69 79 116 64 
14 25 37 60 71 83 43 68 0 26 74 43 87 53 21 80 21 38 18 71 20 60 20 32 9 59 67 66 23 61 26 24 44 20 66 50 64 30 26 49 26 47 14 79 64 32 53 14 63 68 
13 48 33 39 48 58 51 57 26 0 48 44 60 54 7 55 48 17 39 45 42 43 6 57 35 38 45 39 49 36 34 31 34 46 40 34 39 45 24 33 46 23 39 54 46 58 28 40 59 41 
60 94 64 35 32 25 87 66 74 48 0 75 15 82 54 23 95 42 85 12 88 48 54 104 82 38 33 11 96 17 74 73 59 93 10 48 16 87 62 49 91 31 87 19 48 105 26 87 80 6 
40 39 12 81 89 95 85 31 43 44 75 0 90 93 46 92 49 61 60 66 34 87 43 49 41 41 86 72 47 58 17 65 77 46 72 78 60 73 63 77 67 45 43 89 90 67 67 51 101 71 
73 108 79 39 31 18 95 79 87 60 15 90 0 88 66 17 108 52 96 25 101 50 67 117 95 52 34 21 109 32 89 82 65 106 21 54 31 96 72 55 102 46 100 14 50 117 35 99 84 20 
53 74 84 49 58 74 15 111 53 54 82 93 88 0 49 73 63 45 41 87 71 39 52 75 60 91 55 71 67 80 77 28 24 65 73 34 83 28 31 34 39 73 61 75 40 57 57 53 13 77 
8 45 36 41 51 62 45 62 21 7 54 46 66 49 0 60 42 18 32 52 38 43 4 52 30 45 47 45 44 43 34 25 31 41 45 33 46 38 18 32 39 30 34 59 46 51 32 34 55 47 
67 104 80 25 15 3 82 87 80 55 23 92 17 73 60 0 101 43 87 34 97 35 61 112 89 59 18 20 103 37 87 72 52 100 21 40 37 85 62 41 92 47 94 4 34 108 28 92 68 23 
35 13 49 81 92 104 50 79 21 48 95 49 108 63 42 101 0 59 23 91 15 79 41 12 13 76 88 87 4 82 33 38 61 4 87 69 85 36 44 68 26 67 9 101 83 17 74 11 75 89 
26 62 50 23 33 45 47 70 38 17 42 61 52 45 18 43 59 0 44 44 56 27 20 69 47 47 29 31 61 36 50 31 22 58 32 18 39 45 21 17 50 29 51 43 30 65 17 49 47 36 
29 34 55 64 75 89 28 86 18 39 85 60 96 41 32 87 23 44 0 84 32 60 33 35 21 75 71 75 26 74 43 17 41 24 76 50 78 14 25 49 8 61 22 86 63 22 61 12 52 78 
57 89 56 43 42 37 90 54 71 45 12 66 25 87 52 34 91 44 84 0 83 55 51 99 78 27 42 19 92 10 67 74 63 89 17 54 7 88 64 54 91 25 83 31 57 103 30 85 87 13 
30 7 35 79 89 100 59 65 20 42 88 34 101 71 38 97 15 56 32 83 0 80 36 17 12 64 85 81 12 73 19 43 64 11 81 70 76 45 46 69 37 58 10 96 83 32 70 20 82 82 
51 86 76 12 20 36 49 94 60 43 48 87 50 39 43 35 79 27 60 55 80 0 46 91 70 69 17 37 82 52 77 44 20 79 39 11 54 55 35 12 64 51 74 37 3 81 27 69 33 43 
6 43 33 43 53 64 48 59 20 6 54 43 67 52 4 61 41 20 33 51 36 46 0 51 29 43 49 45 42 42 30 27 35 40 46 36 45 40 21 35 41 28 33 60 49 52 33 33 59 48 
44 11 51 92 103 114 61 80 32 57 104 49 117 75 52 112 12 69 35 99 17 91 51 0 22 81 98 96 9 89 35 50 73 12 96 81 92 47 56 80 37 74 18 111 94 24 84 23 87 98 
22 16 38 70 80 92 48 68 9 35 82 41 95 60 30 89 13 47 21 78 12 70 29 22 0 63 76 74 14 69 23 32 53 11 74 59 71 35 35 58 27 54 5 88 73 28 62 11 70 76 
46 70 32 58 62 62 89 28 59 38 38 41 52 91 45 59 76 47 75 27 64 69 43 81 63 0 60 40 75 21 46 70 69 73 38 63 22 83 62 63 83 18 67 55 71 90 42 72 94 36 
55 92 74 7 4 20 64 88 67 45 33 86 34 55 47 18 88 29 71 42 85 17 49 98 76 60 0 23 90 40 78 55 34 87 25 22 42 68 45 23 75 44 81 20 16 92 19 77 50 29 
52 87 61 24 23 23 76 68 66 39 11 72 21 71 45 20 87 31 75 19 81 37 45 96 74 40 23 0 88 19 69 62 47 85 2 37 19 76 52 37 81 28 78 17 38 96 15 78 69 6 
36 10 47 83 94 106 53 77 23 49 96 47 109 67 44 103 4 61 26 92 12 82 42 9 14 75 90 88 0 82 31 41 64 3 88 72 85 39 47 71 29 67 9 102 85 21 76 14 79 90 
47 80 47 40 41 40 82 50 61 36 17 58 32 80 43 37 82 36 74 10 73 52 42 89 69 21 40 19 82 0 58 65 57 79 17 49 3 79 55 48 82 15 73 34 53 93 25 75 81 14 
26 24 16 73 82 90 68 46 26 34 74 17 89 77 34 87 33 50 43 67 19 77 30 35 23 46 78 69 31 58 0 49 64 30 69 67 61 56 48 66 50 43 26 85 80 50 61 34 86 69 
26 47 57 48 59 74 20 86 24 31 73 65 82 28 25 72 38 31 17 74 43 44 27 50 32 70 55 62 41 65 49 0 24 39 63 34 68 14 10 33 20 54 34 72 47 38 47 27 39 66 
38 69 67 27 38 53 30 91 44 34 59 77 65 24 31 52 61 22 41 63 64 20 35 73 53 69 34 47 64 57 64 24 0 62 49 11 59 35 18 11 44 51 56 53 23 62 33 50 26 53 
33 10 45 80 91 103 52 76 20 46 93 46 106 65 41 100 4 58 24 89 11 79 40 12 11 73 87 85 3 79 30 39 62 0 86 69 82 38 44 68 28 65 7 99 83 21 73 12 77 87 
52 87 60 27 25 24 78 66 66 40 10 72 21 73 45 21 87 32 76 17 81 39 46 96 74 38 25 2 88 17 69 63 49 86 0 39 17 77 53 39 82 27 79 18 40 96 16 79 71 4 
41 75 67 16 26 42 42 88 50 34 48 78 54 34 33 40 69 18 50 54 70 11 36 81 59 63 22 37 72 49 67 34 11 69 39 0 51 46 25 1 54 45 63 42 14 72 24 58 32 43 
51 82 49 42 43 40 85 50 64 39 16 60 31 83 46 37 85 39 78 7 76 54 45 92 71 22 42 19 85 3 61 68 59 82 17 51 0 82 58 51 85 18 76 34 55 96 27 78 84 14 
37 47 67 61 72 87 14 97 30 45 87 73 96 28 38 85 36 45 14 88 45 55 40 47 35 83 68 76 39 79 56 14 35 38 77 46 82 0 24 45 11 67 35 85 57 29 61 26 41 80 
22 51 54 38 50 64 28 80 26 24 62 63 72 31 18 62 44 21 25 64 46 35 21 56 35 62 45 52 47 55 48 10 18 44 53 25 58 24 0 24 30 45 39 62 38 47 37 33 38 56 
40 74 67 16 27 43 41 87 49 33 49 77 55 34 32 41 68 17 49 54 69 12 35 80 58 63 23 37 71 48 66 33 11 68 39 1 51 45 24 0 53 45 62 42 15 71 24 57 32 43 
36 38 63 68 80 94 25 93 26 46 91 67 102 39 39 92 26 50 8 91 37 64 41 37 27 83 75 81 29 82 50 20 44 28 82 54 85 11 30 53 0 69 27 92 66 18 67 17 52 85 
33 64 33 41 47 50 73 44 47 23 31 45 46 73 30 47 67 29 61 25 58 51 28 74 54 18 44 28 67 15 43 54 51 65 27 45 18 67 45 45 69 0 58 44 53 79 25 61 76 26 
27 13 41 74 85 96 49 71 14 39 87 43 100 61 34 94 9 51 22 83 10 74 33 18 5 67 81 78 9 73 26 34 56 7 79 63 76 35 39 62 27 58 0 93 77 25 66 10 73 80 
66 102 78 26 18 6 83 83 79 54 19 89 14 75 59 4 101 43 86 31 96 37 60 111 88 55 20 17 102 34 85 72 53 99 18 42 34 85 62 42 92 44 93 0 36 108 27 91 70 20 
54 89 79 13 19 35 51 97 64 46 48 90 50 40 46 34 83 30 63 57 83 3 49 94 73 71 16 38 85 53 80 47 23 83 40 14 55 57 38 15 66 53 77 36 0 84 29 72 34 44 
46 30 65 85 97 110 42 96 32 58 105 67 117 57 51 108 17 65 22 103 32 81 52 24 28 90 92 96 21 93 50 38 62 21 96 72 96 29 47 71 18 79 25 108 84 0 82 19 70 99 
40 76 56 16 22 30 62 69 53 28 26 67 35 57 32 28 74 17 61 30 70 27 33 84 62 42 19 15 76 25 61 47 33 73 16 24 27 61 37 24 67 25 66 27 29 82 0 65 56 20 
28 22 48 71 82 94 40 79 14 40 87 51 99 53 34 92 11 49 12 85 20 69 33 23 11 72 77 78 14 75 34 27 50 12 79 58 78 26 33 57 17 61 10 91 72 19 65 0 64 81 
61 85 91 45 53 69 28 116 63 59 80 101 84 13 55 68 75 47 52 87 82 33 59 87 70 94 50 69 79 81 86 39 26 77 71 32 84 41 38 32 52 76 73 70 34 70 56 64 0 75 
54 89 60 31 29 26 81 64 68 41 6 71 20 77 47 23 89 36 78 13 82 43 48 98 76 36 29 6 90 14 69 66 53 87 4 43 14 80 56 43 85 26 80 20 44 99 20 81 75 0 
0 1000
4536 4643
2566 2903
3726 3777
4091 4362
1603 1608
2173 2342
393 694
2632 3416
1101 1674
1319 2049
50 244
2039 2650
4916 5413
2983 3913
3234 3251
1185 1712
4663 5588
738 797
2736 3706
166 194
2310 2746
4157 4605
2925 3236
4763 5559
2499 2688
3284 3373
849 1781
3578 4455
3369 3780
2388 2727
3842 4457
649 1390
497 757
1560 2302
4421 5351
5091 5621
2856 3293
3100 3969
3974 4148
1425 2089
3674 4508
1797 2618
4281 4482
5243 5834
3540 4429
240 1010
985 1398
1934 2291
5368 5583
37.75295054434179 4.357645947096778 17.030550920857745 85.55295927908556 94.34764929697214 99.75878142446062 59.981587274403644 12.73399673445088 29.37134071235009 46.81113713499836 77.69564047632359 5.460071475566952 91.87458376389384 74.95175570310994 45.879990168758454 96.76137086067996 12.988810353626867 63.31935032971434 35.29448597161148 66.59703205226107 9.327305388054363 88.95634549962134 42.983325706750364 0.7557885390539254 20.28842835903937 39.75199431312787 90.95609660778273 77.26845518562509 9.698016923393704 60.67319763031994 12.934286529883309 50.75872556382242 73.18461597325783 11.985738670721425 76.19235634613219 78.6125190885986 61.49541223115895 46.67381534778464 55.59608181948218 77.6731947946415 35.71292970489598 49.69001359944115 17.03733945346744 93.93156586453759 92.08249788599193 17.96797865845705 72.38091720324118 23.90375517837453 87.31432633507961 74.69393619874022 
57.40945432445594 71.92942434676479 33.66755390761823 46.88186783817506 39.85263382281302 24.849317247063752 98.24194455399325 3.089107670819524 68.66625001763965 48.765439391252386 12.567891060109615 33.36524793210407 8.593716716863032 94.84597043573179 55.86686663361633 24.877022456013254 82.12973990415688 51.79475660675323 85.83400516176593 8.172941889158935 67.62174491066199 58.88416188443647 53.80789504855499 81.8474256995177 71.16419859921348 11.068560450558051 42.37839595114704 23.98805463597087 80.09463170213532 15.806130470865165 49.0554260458237 79.99859350478512 70.9498653505124 78.6283732310819 22.007387800613486 60.92392864482036 12.78497303733328 93.43335825947267 70.90523662252006 61.212421826001005 93.70124708743529 26.24780417704944 74.31541627133802 22.30959129947686 58.655700794433905 98.87342197569473 37.80439083971158 81.19932025641849 92.21550833585309 18.15715066017196 