50
0 93 27 72 46 101 67 5 77 44 77 26 94 7 45 48 18 54 29 41 30 108 74 67 82 30 94 94 53 79 33 33 40 89 45 54 72 81 48 56 2 48 36 31 60 42 56 63 39 17 
93 0 70 69 77 10 100 96 54 60 63 97 22 89 124 97 88 60 69 72 78 19 20 59 60 74 56 35 47 43 79 63 59 6 70 107 27 26 58 105 95 66 60 110 87 66 48 84 100 97 
27 70 0 68 48 78 75 31 67 18 70 44 74 25 69 60 32 29 24 40 34 86 51 60 74 11 83 77 39 65 18 7 13 66 23 69 53 62 22 69 29 44 23 54 64 38 43 65 54 38 
72 69 68 0 27 71 34 71 16 77 9 56 52 65 75 40 56 86 46 31 42 71 57 11 15 79 29 43 34 27 85 65 69 64 87 48 44 44 79 44 72 24 45 67 23 31 30 19 49 62 
46 77 48 27 0 82 28 44 37 62 34 29 67 40 51 20 29 73 24 8 16 85 60 26 40 59 53 61 31 44 65 48 54 72 71 30 50 55 65 28 45 11 29 41 16 14 29 17 24 35 
101 10 78 71 82 0 103 104 55 69 63 104 19 96 130 101 95 70 76 77 84 9 28 61 59 84 53 32 53 44 89 71 68 12 80 111 32 27 68 109 103 71 67 117 90 71 53 86 105 104 
67 100 75 34 28 103 0 63 50 90 43 43 85 61 50 19 49 101 52 37 41 105 85 42 49 86 62 77 57 60 91 75 83 95 98 19 73 76 93 15 65 37 57 47 14 42 54 17 29 51 
5 96 31 71 44 104 63 0 77 49 77 22 95 8 40 44 15 59 30 40 29 110 77 67 82 35 94 95 55 79 38 37 44 92 50 50 74 82 52 52 3 47 37 26 57 42 57 60 35 12 
77 54 67 16 37 55 50 77 0 72 9 66 36 70 88 54 62 80 48 37 48 55 44 10 8 77 17 27 29 11 84 62 65 49 83 62 30 29 73 59 77 30 44 78 38 35 24 34 61 70 
44 60 18 77 62 69 90 49 72 0 77 62 70 43 87 76 50 11 38 54 50 78 44 67 79 16 86 76 43 67 20 15 8 58 12 85 50 59 4 85 47 55 34 73 78 49 48 78 72 56 
77 63 70 9 34 63 43 77 9 77 0 64 44 71 84 49 62 86 50 37 48 63 52 11 6 81 20 34 34 19 88 66 70 57 88 57 39 37 79 53 77 29 48 75 32 35 29 28 57 69 
26 97 44 56 29 104 43 22 66 62 64 0 91 22 27 23 12 73 29 29 19 109 78 55 69 52 83 88 51 71 56 47 56 92 66 28 72 79 66 30 24 37 38 13 38 34 52 42 14 9 
94 22 74 52 67 19 85 95 36 70 44 91 0 88 117 86 84 73 65 63 72 19 27 44 40 81 34 13 41 26 87 67 66 19 81 96 21 13 69 92 94 56 58 105 73 58 40 69 91 93 
7 89 25 65 40 96 61 8 70 43 71 22 88 0 44 43 12 53 23 34 24 103 69 61 76 31 87 87 47 72 34 30 38 84 46 50 67 75 47 51 7 41 30 30 53 36 50 56 35 14 
45 124 69 75 51 130 50 40 88 87 84 27 117 44 0 35 38 98 56 53 46 135 105 77 90 75 104 112 77 95 77 73 81 119 90 31 98 104 91 35 42 61 65 15 53 59 77 58 27 31 
48 97 60 40 20 101 19 44 54 76 49 23 86 43 35 0 31 87 38 26 26 104 79 44 55 69 69 79 50 62 75 61 69 91 83 11 70 74 79 9 46 31 45 29 18 32 49 23 11 32 
18 88 32 56 29 95 49 15 62 50 62 12 84 12 38 31 0 61 19 25 14 101 69 52 67 40 80 82 43 66 45 36 44 83 55 38 64 71 54 39 17 33 28 23 42 28 45 45 23 9 
54 60 29 86 73 70 101 59 80 11 86 73 73 53 98 87 61 0 49 64 61 79 46 76 87 24 92 80 52 74 25 26 18 59 12 96 55 63 8 96 56 65 44 83 88 60 57 88 83 67 
29 69 24 46 24 76 52 30 48 38 50 29 65 23 56 38 19 49 0 16 12 81 49 39 54 35 65 65 25 49 41 24 31 64 46 48 45 52 42 47 30 21 9 42 40 15 27 41 35 28 
41 72 40 31 8 77 37 40 37 54 37 29 63 34 53 26 25 64 16 0 11 81 54 27 42 51 55 59 25 42 57 39 46 67 62 36 45 51 56 35 40 8 20 42 24 6 24 25 28 33 
30 78 34 42 16 84 41 29 48 50 48 19 72 24 46 26 14 61 12 11 0 89 59 38 53 45 66 69 32 53 50 35 43 73 57 35 53 59 54 35 30 19 20 33 31 15 33 33 23 22 
108 19 86 71 85 9 105 110 55 78 63 109 19 103 135 104 101 79 81 81 89 0 35 63 59 92 50 30 58 45 97 79 76 20 88 114 37 30 77 111 109 74 73 122 92 75 57 88 109 109 
74 20 51 57 60 28 85 77 44 44 52 78 27 69 105 79 69 46 49 54 59 35 0 46 51 57 52 35 29 35 62 44 41 15 55 90 14 19 43 88 75 49 41 91 71 47 31 69 81 77 
67 59 60 11 26 61 42 67 10 67 11 55 44 61 77 44 52 76 39 27 38 63 46 0 15 70 27 36 24 19 77 56 60 54 78 53 33 34 69 49 67 19 37 67 29 25 19 25 50 60 
82 60 74 15 40 59 49 82 8 79 6 69 40 76 90 55 67 87 54 42 53 59 51 15 0 84 14 29 36 17 91 69 73 55 90 63 37 35 81 59 82 34 51 81 38 40 31 34 63 75 
30 74 11 79 59 84 86 35 77 16 81 52 81 31 75 69 40 24 35 51 45 92 57 70 84 0 93 86 49 75 7 15 16 72 15 78 61 70 19 78 33 55 34 61 75 49 53 76 63 45 
94 56 83 29 53 53 62 94 17 86 20 83 34 87 104 69 80 92 65 55 66 50 52 27 14 93 0 21 44 18 99 78 80 51 97 77 39 33 87 73 94 47 61 94 52 52 40 47 77 87 
94 35 77 43 61 32 77 95 27 76 34 88 13 87 112 79 82 80 65 59 69 30 35 36 29 86 21 0 40 18 92 71 71 31 87 89 25 17 76 85 94 52 58 101 65 55 37 61 85 91 
53 47 39 34 31 53 57 55 29 43 34 51 41 47 77 50 43 52 25 25 32 58 29 24 36 49 44 40 0 27 55 34 37 42 54 61 21 28 45 59 54 20 18 64 43 19 5 41 52 52 
79 43 65 27 44 44 60 79 11 67 19 71 26 72 95 62 66 74 49 42 53 45 35 19 17 75 18 18 27 0 81 60 61 38 79 71 21 18 68 68 79 34 44 84 48 38 23 44 68 74 
33 79 18 85 65 89 91 38 84 20 88 56 87 34 77 75 45 25 41 57 50 97 62 77 91 7 99 92 55 81 0 22 22 77 14 83 67 76 22 84 35 62 40 64 81 55 60 82 68 48 
33 63 7 65 48 71 75 37 62 15 66 47 67 30 73 61 36 26 24 39 35 79 44 56 69 15 78 71 34 60 22 0 8 59 23 70 46 55 18 70 35 42 20 58 64 36 38 64 57 42 
40 59 13 69 54 68 83 44 65 8 70 56 66 38 81 69 44 18 31 46 43 76 41 60 73 16 80 71 37 61 22 8 0 56 18 78 46 54 11 78 42 48 26 67 70 42 41 71 65 50 
89 6 66 64 72 12 95 92 49 58 57 92 19 84 119 91 83 59 64 67 73 20 15 54 55 72 51 31 42 38 77 59 56 0 68 102 22 20 56 99 91 61 56 106 81 60 43 78 94 92 
45 70 23 87 71 80 98 50 83 12 88 66 81 46 90 83 55 12 46 62 57 88 55 78 90 15 97 87 54 79 14 23 18 68 0 92 62 70 12 92 47 65 43 75 87 59 59 87 78 59 
54 107 69 48 30 111 19 50 62 85 57 28 96 50 31 11 38 96 48 36 35 114 90 53 63 78 77 89 61 71 83 70 78 102 92 0 80 84 89 4 52 41 55 30 25 43 59 29 15 37 
72 27 53 44 50 32 73 74 30 50 39 72 21 67 98 70 64 55 45 45 53 37 14 33 37 61 39 25 21 21 67 46 46 22 62 80 0 9 50 77 73 39 37 85 60 39 21 57 73 73 
81 26 62 44 55 27 76 82 29 59 37 79 13 75 104 74 71 63 52 51 59 30 19 34 35 70 33 17 28 18 76 55 54 20 70 84 9 0 59 81 81 44 45 92 62 45 27 59 78 80 
48 58 22 79 65 68 93 52 73 4 79 66 69 47 91 79 54 8 42 56 54 77 43 69 81 19 87 76 45 68 22 18 11 56 12 89 50 59 0 88 50 58 36 76 81 52 50 81 75 60 
56 105 69 44 28 109 15 52 59 85 53 30 92 51 35 9 39 96 47 35 35 111 88 49 59 78 73 85 59 68 84 70 78 99 92 4 77 81 88 0 54 39 54 33 21 41 57 25 17 39 
2 95 29 72 45 103 65 3 77 47 77 24 94 7 42 46 17 56 30 40 30 109 75 67 82 33 94 94 54 79 35 35 42 91 47 52 73 81 50 54 0 48 36 29 59 42 57 62 37 15 
48 66 44 24 11 71 37 47 30 55 29 37 56 41 61 31 33 65 21 8 19 74 49 19 34 55 47 52 20 34 62 42 48 61 65 41 39 44 58 39 48 0 22 49 24 7 18 23 34 41 
36 60 23 45 29 67 57 37 44 34 48 38 58 30 65 45 28 44 9 20 20 73 41 37 51 34 61 58 18 44 40 20 26 56 43 55 37 45 36 54 36 22 0 51 44 16 22 45 43 36 
31 110 54 67 41 117 47 26 78 73 75 13 105 30 15 29 23 83 42 42 33 122 91 67 81 61 94 101 64 84 64 58 67 106 75 30 85 92 76 33 29 49 51 0 47 47 65 51 19 16 
60 87 64 23 16 90 14 57 38 78 32 38 73 53 53 18 42 88 40 24 31 92 71 29 38 75 52 65 43 48 81 64 70 81 87 25 60 62 81 21 59 24 44 47 0 29 40 5 28 46 
42 66 38 31 14 71 42 42 35 49 35 34 58 36 59 32 28 60 15 6 15 75 47 25 40 49 52 55 19 38 55 36 42 60 59 43 39 45 52 41 42 7 16 47 29 0 18 29 34 36 
56 48 43 30 29 53 54 57 24 48 29 52 40 50 77 49 45 57 27 24 33 57 31 19 31 53 40 37 5 23 60 38 41 43 59 59 21 27 50 57 57 18 22 65 40 18 0 38 52 54 
63 84 65 19 17 86 17 60 34 78 28 42 69 56 58 23 45 88 41 25 33 88 69 25 34 76 47 61 41 44 82 64 71 78 87 29 57 59 81 25 62 23 45 51 5 29 38 0 32 50 
39 100 54 49 24 105 29 35 61 72 57 14 91 35 27 11 23 83 35 28 23 109 81 50 63 63 77 85 52 68 68 57 65 94 78 15 73 78 75 17 37 34 43 19 28 34 52 32 0 23 
17 97 38 62 35 104 51 12 70 56 69 9 93 14 31 32 9 67 28 33 22 109 77 60 75 45 87 91 52 74 48 42 50 92 59 37 73 80 60 39 15 41 36 16 46 36 54 50 23 0 
0 1000
2617 3581
2767 3065
3653 3886
448 1000
906 1862
4894 5012
4700 5062
4347 4591
816 1533
2305 2790
3853 3856
515 796
1822 2484
1586 2167
2899 3261
4434 4473
123 1073
248 331
4068 4440
4969 5559
1964 1979
1445 2086
3159 3853
2246 2781
1109 1987
1204 2131
4320 5238
1691 2659
3369 4035
3271 3657
3724 4596
2544 2828
5062 5282
3969 4924
2405 2953
4582 5269
1995 2004
3515 3851
4782 5448
3033 3580
983 1056
736 992
2111 2854
627 1595
1352 2038
2344 2944
346 1178
4181 4385
2157 2667
48.30692680486045 99.14301661903116 70.30153757643004 30.31121078528879 30.67135948716754 98.61957893672557 3.1649186946591357 43.21531036753874 45.0240934645454 88.26193810277033 36.44177714488794 26.407562261835704 79.18676478953364 47.07088238917705 3.4685514221724945 13.55300726695453 38.295291751962225 99.15836679797846 51.05792416916457 38.59288394092305 38.766428380977466 96.16618646389355 86.97910001433911 41.16285275509961 39.45379502074072 77.86575154045606 45.80479041316612 66.97403148466333 59.94268717327148 55.68588559261445 80.88591767099248 73.22830538156883 81.29541011856838 93.88521229824346 92.61298935755828 3.4552855367717794 74.06514235901072 73.66067718986926 91.63698363827639 4.2514841387711 45.91506139531736 40.533847450821206 58.075961394094556 17.36617049632049 16.91074942320284 44.31957588836662 56.6057273497795 18.686860531368232 16.407459551069614 33.26401698732929 
1.6690168065544464 80.01300184294175 16.69595142906988 71.39034620224174 44.36132751255234 89.65948030081843 50.870927843786184 1.8359641994118547 78.33866306469149 21.034593895946774 78.2059238801623 15.287366420715198 89.98719418466602 8.328754377928927 1.1391834181378901 34.70139350525591 16.224102067445155 20.092478453480457 30.891796573716956 41.40204960428574 30.316267189754996 98.63084815443916 64.58690053146753 68.58862364868294 83.47120280671301 8.662394800043327 95.59584119447113 93.50456131260461 53.87039380377715 80.05916633767653 2.6615637878884213 23.05777787046338 24.22531419420312 78.35506390272883 10.261402350807124 31.800834294689896 69.24673485297292 78.15897232839187 22.010849590633963 35.86054110860045 1.5696103498592184 49.162344882414175 35.819450032527065 5.711007395118761 52.43975865616023 43.76579434531534 57.5358954798274 56.84548727158646 24.581371759388347 9.169391871573795 