50
0 36 30 7 79 73 43 79 58 46 74 36 86 74 26 21 81 32 29 17 26 12 41 55 55 81 31 37 74 22 62 83 83 56 81 63 21 87 51 77 85 84 26 16 10 79 56 47 52 46 
36 0 63 42 62 78 18 50 45 72 40 57 70 56 61 24 50 8 24 52 61 40 19 67 43 58 32 13 49 22 36 87 59 84 48 63 54 80 81 80 71 73 40 51 42 84 20 17 20 78 
30 63 0 27 87 64 73 97 66 21 96 22 91 82 11 52 100 57 60 23 9 38 61 43 65 93 42 59 89 43 79 72 96 26 103 60 10 86 22 69 91 86 30 26 32 69 82 76 75 16 
7 42 27 0 85 76 48 86 63 44 80 36 91 79 20 26 87 38 33 10 21 12 47 56 61 87 36 44 81 28 68 85 89 52 88 66 17 91 48 80 91 89 29 9 6 81 62 53 59 42 
79 62 87 85 0 45 78 30 22 80 45 67 9 6 94 82 35 58 85 93 91 90 44 55 24 13 49 50 20 58 28 50 15 93 46 35 83 27 91 43 10 16 59 94 89 49 60 74 46 95 
73 78 64 76 45 0 95 72 39 48 82 43 43 44 75 87 77 70 93 80 72 86 60 21 40 57 48 65 61 61 60 10 60 58 86 15 65 27 57 4 41 33 47 82 82 6 86 94 72 65 
43 18 73 48 78 95 0 62 62 85 49 72 86 73 69 24 61 25 18 57 69 41 36 83 60 72 48 31 63 37 51 105 73 97 55 81 63 98 93 97 87 90 55 55 46 101 24 6 33 89 
79 50 97 86 30 72 62 0 36 95 17 81 37 28 100 74 5 50 74 95 98 87 38 75 36 18 55 43 11 57 18 78 16 109 16 59 90 57 106 71 39 46 67 95 88 76 39 57 30 108 
58 45 66 63 22 39 62 36 0 61 44 47 28 16 72 62 40 39 66 71 70 68 26 40 2 27 27 32 26 37 22 47 30 75 48 25 61 35 72 39 28 28 37 72 67 44 49 60 34 75 
46 72 21 44 80 48 85 95 61 0 98 15 82 75 33 67 99 65 75 43 30 56 64 27 60 87 44 65 86 50 78 54 90 14 104 47 27 72 11 52 81 75 32 46 51 51 89 87 79 17 
74 40 96 80 45 82 49 17 44 98 0 83 53 42 97 64 13 43 63 90 96 79 35 82 43 33 55 37 24 54 22 90 32 112 7 68 88 71 108 82 54 60 67 89 81 87 25 43 21 109 
36 57 22 36 67 43 72 81 47 15 83 0 71 63 32 55 84 50 63 38 29 47 49 22 46 74 29 50 72 35 63 52 77 29 89 38 22 64 25 47 70 65 17 41 43 48 74 73 64 28 
86 70 91 91 9 43 86 37 28 82 53 71 0 14 98 90 42 66 93 99 96 97 52 56 30 20 55 58 28 65 37 46 22 95 53 36 87 21 92 40 2 10 63 99 95 46 68 83 54 98 
74 56 82 79 6 44 73 28 16 75 42 63 14 0 88 76 34 52 79 87 86 84 38 52 18 13 43 44 18 52 23 50 16 89 44 33 77 29 86 43 14 19 53 88 83 48 55 69 41 91 
26 61 11 20 94 75 69 100 72 33 97 32 98 88 0 46 102 56 53 13 3 30 62 53 70 98 46 60 93 43 82 83 101 36 104 68 11 95 32 79 98 94 35 16 24 79 81 73 76 24 
21 24 52 26 82 87 24 74 62 67 64 55 90 76 46 0 74 25 8 34 46 18 39 71 60 80 39 33 72 27 59 97 81 77 72 74 42 96 73 90 90 90 41 31 22 93 42 29 44 67 
81 50 100 87 35 77 61 5 40 99 13 84 42 34 102 74 0 51 74 97 101 88 40 80 40 23 58 44 16 59 21 83 21 113 11 64 92 62 110 76 44 51 70 97 89 82 37 55 30 111 
32 8 57 38 58 70 25 50 39 65 43 50 66 52 56 25 51 0 27 48 55 37 14 59 37 55 24 8 47 15 34 80 57 77 50 56 47 74 73 72 66 67 33 47 39 77 26 24 21 71 
29 24 60 33 85 93 18 74 66 75 63 63 93 79 53 8 74 27 0 41 54 25 41 78 64 82 45 35 73 33 60 103 83 85 70 80 50 101 81 96 93 94 48 39 30 100 40 24 44 75 
17 52 23 10 93 80 57 95 71 43 90 38 99 87 13 34 97 48 41 0 15 17 57 60 69 96 44 54 90 38 78 89 98 49 98 72 16 98 45 84 98 96 36 4 12 85 72 62 69 37 
26 61 9 21 91 72 69 98 70 30 96 29 96 86 3 46 101 55 54 15 0 31 61 50 68 96 44 59 91 42 80 80 98 34 103 66 9 92 30 76 95 92 33 18 25 76 80 72 75 22 
12 40 38 12 90 86 41 87 68 56 79 47 97 84 30 18 88 37 25 17 31 0 49 67 66 90 42 44 83 32 70 95 92 64 87 75 29 99 60 89 96 95 38 14 6 91 59 46 58 53 
41 19 61 47 44 60 36 38 26 64 35 49 52 38 62 39 40 14 41 57 61 49 0 53 24 42 20 6 34 19 21 70 43 78 42 46 52 61 74 62 52 54 32 56 49 67 27 34 15 74 
55 67 43 56 55 21 83 75 40 27 82 22 56 52 53 71 80 59 78 60 50 67 53 0 39 65 35 56 65 47 60 30 68 39 87 20 44 45 37 26 55 48 30 62 63 26 80 84 67 44 
55 43 65 61 24 40 60 36 2 60 43 46 30 18 70 60 40 37 64 69 68 66 24 39 0 28 25 30 27 34 21 48 31 74 48 25 59 37 71 40 30 31 35 70 65 46 47 58 33 74 
81 58 93 87 13 57 72 18 27 87 33 74 20 13 98 80 23 55 82 96 96 90 42 65 28 0 52 47 10 59 22 63 3 101 33 46 87 40 99 56 21 29 63 96 90 61 52 68 39 102 
31 32 42 36 49 48 48 55 27 44 55 29 55 43 46 39 58 24 45 44 44 42 20 35 25 52 0 22 47 12 36 58 55 57 61 35 35 58 54 51 55 53 12 44 40 54 46 48 35 54 
37 13 59 44 50 65 31 43 32 65 37 50 58 44 60 33 44 8 35 54 59 44 6 56 30 47 22 0 39 17 26 75 49 78 44 51 51 67 74 67 58 60 33 53 45 71 25 29 16 73 
74 49 89 81 20 61 63 11 26 86 24 72 28 18 93 72 16 47 73 90 91 83 34 65 27 10 47 39 0 52 13 68 10 100 26 48 83 47 97 60 30 36 59 90 83 66 42 58 30 100 
22 22 43 28 58 61 37 57 37 50 54 35 65 52 43 27 59 15 33 38 42 32 19 47 34 59 12 17 52 0 40 71 61 63 61 48 34 69 59 63 65 64 18 38 31 67 40 38 32 57 
62 36 79 68 28 60 51 18 22 78 22 63 37 23 82 59 21 34 60 78 80 70 21 60 21 22 36 26 13 40 0 68 23 92 27 46 71 52 89 60 38 42 49 77 71 66 32 47 18 90 
83 87 72 85 50 10 105 78 47 54 90 52 46 50 83 97 83 80 103 89 80 95 70 30 48 63 58 75 68 71 68 0 65 63 93 24 74 27 63 8 45 36 57 92 92 4 95 104 81 71 
83 59 96 89 15 60 73 16 30 90 32 77 22 16 101 81 21 57 83 98 98 92 43 68 31 3 55 49 10 61 23 65 0 104 32 49 90 42 102 59 23 31 66 98 92 64 52 68 40 105 
56 84 26 52 93 58 97 109 75 14 112 29 95 89 36 77 113 77 85 49 34 64 78 39 74 101 57 78 100 63 92 63 104 0 118 59 35 83 4 62 93 87 45 52 58 60 102 99 93 13 
81 48 103 88 46 86 55 16 48 104 7 89 53 44 104 72 11 50 70 98 103 87 42 87 48 33 61 44 26 61 27 93 32 118 0 72 95 72 115 85 55 62 74 97 89 91 31 50 29 115 
63 63 60 66 35 15 81 59 25 47 68 38 36 33 68 74 64 56 80 72 66 75 46 20 25 46 35 51 48 48 46 24 49 59 72 0 58 26 57 16 34 28 37 74 72 21 72 80 57 64 
21 54 10 17 83 65 63 90 61 27 88 22 87 77 11 42 92 47 50 16 9 29 52 44 59 87 35 51 83 34 71 74 90 35 95 58 0 84 31 69 87 83 24 19 24 70 73 67 67 26 
87 80 86 91 27 27 98 57 35 72 71 64 21 29 95 96 62 74 101 98 92 99 61 45 37 40 58 67 47 69 52 27 42 83 72 26 84 0 82 23 19 11 62 99 97 28 83 95 68 89 
51 81 22 48 91 57 93 106 72 11 108 25 92 86 32 73 110 73 81 45 30 60 74 37 71 99 54 74 97 59 89 63 102 4 115 57 31 82 0 61 91 85 42 48 54 60 99 95 89 10 
77 80 69 80 43 4 97 71 39 52 82 47 40 43 79 90 76 72 96 84 76 89 62 26 40 56 51 67 60 63 60 8 59 62 85 16 69 23 61 0 39 30 51 86 86 6 87 96 73 69 
85 71 91 91 10 41 87 39 28 81 54 70 2 14 98 90 44 66 93 98 95 96 52 55 30 21 55 58 30 65 38 45 23 93 55 34 87 19 91 39 0 9 63 99 95 44 69 83 55 97 
84 73 86 89 16 33 90 46 28 75 60 65 10 19 94 90 51 67 94 96 92 95 54 48 31 29 53 60 36 64 42 36 31 87 62 28 83 11 85 30 9 0 60 97 93 36 73 87 59 91 
26 40 30 29 59 47 55 67 37 32 67 17 63 53 35 41 70 33 48 36 33 38 32 30 35 63 12 33 59 18 49 57 66 45 74 37 24 62 42 51 63 60 0 37 35 53 57 56 47 42 
16 51 26 9 94 82 55 95 72 46 89 41 99 88 16 31 97 47 39 4 18 14 56 62 70 96 44 53 90 38 77 92 98 52 97 74 19 99 48 86 99 97 37 0 9 88 71 60 68 40 
10 42 32 6 89 82 46 88 67 51 81 43 95 83 24 22 89 39 30 12 25 6 49 63 65 90 40 45 83 31 71 92 92 58 89 72 24 97 54 86 95 93 35 9 0 88 62 50 60 47 
79 84 69 81 49 6 101 76 44 51 87 48 46 48 79 93 82 77 100 85 76 91 67 26 46 61 54 71 66 67 66 4 64 60 91 21 70 28 60 6 44 36 53 88 88 0 92 100 78 68 
56 20 82 62 60 86 24 39 49 89 25 74 68 55 81 42 37 26 40 72 80 59 27 80 47 52 46 25 42 40 32 95 52 102 31 72 73 83 99 87 69 73 57 71 62 92 0 18 15 97 
47 17 76 53 74 94 6 57 60 87 43 73 83 69 73 29 55 24 24 62 72 46 34 84 58 68 48 29 58 38 47 104 68 99 50 80 67 95 95 96 83 87 56 60 50 100 18 0 29 92 
52 20 75 59 46 72 33 30 34 79 21 64 54 41 76 44 30 21 44 69 75 58 15 67 33 39 35 16 30 32 18 81 40 93 29 57 67 68 89 73 55 59 47 68 60 78 15 29 0 89 
46 78 16 42 95 65 89 108 75 17 109 28 98 91 24 67 111 71 75 37 22 53 74 44 74 102 54 73 100 57 90 71 105 13 115 64 26 89 10 69 97 91 42 40 47 68 97 92 89 0 
0 1000
4189 5091
1501 2299
1378 2219
822 1443
3569 4209
2888 3110
4801 5701
1880 2644
4332 5095
4135 4968
2630 2945
1169 1246
3901 4110
1324 2167
1071 1256
1766 2295
3495 3555
3746 4632
4975 5721
3411 4131
681 940
4870 5478
4679 5363
4042 4642
5252 5659
3981 4797
1644 2418
242 1240
5024 5693
2450 3008
2003 2821
3273 3591
949 1358
3160 3176
468 1074
2132 3047
2310 2585
606 1001
2690 3461
4422 4647
5135 5464
1595 1716
5369 6031
331 400
3059 3200
2806 2900
4562 5101
2554 2874
91 269
14.612892172264512 40.09740934384113 10.018494977816106 9.096637177991829 93.87939616419047 72.62574046491795 30.207508390195336 90.00552261450224 71.94896706889597 25.058339909906913 78.68979798490172 31.80359521868431 99.48039434258763 88.07600572490803 1.633689762837276 16.135226313701512 89.85798195141295 40.73761689313211 15.99712722014679 0.7998358185657306 4.3877075805635375 4.841119700472674 53.587023548493484 51.69049585747846 69.71851427059242 94.94626041889107 44.62957681466302 48.429331024582744 87.67248911902199 36.56414962207809 74.4830523173272 78.72976890532854 96.8618737766147 15.779833251435116 85.62866865017382 69.522567169253 12.623140383019782 95.87568356913316 16.007432249704234 76.98684097315642 99.07623586409468 95.85989342318516 36.06994872853574 0.151697517642424 5.242101653630282 75.52036568681172 54.2838627055396 36.161348824632746 60.126769622528734 7.6981286918416 
43.26184185657023 17.84710563009433 73.37274678417603 46.7528989559843 48.43666925148899 88.37817904418712 3.185804258561886 18.85617544587632 49.56130538756619 88.24585907297143 6.4954989457212005 74.71056676890576 54.88524851889175 47.20811876327322 65.53823085656792 22.124760838096535 13.551415944481072 25.64697902403228 14.02468324794417 52.56944374932944 66.76601448950782 35.85623643248268 31.089078414769023 83.8046265665156 48.672972292297075 35.73932279125812 49.14847026180752 27.93559495084985 29.171363134957428 39.650670490067476 28.19212955671627 96.19492503873045 33.28049909987959 98.76455186784995 3.666837487335839 74.01201252233842 63.872466889847125 75.26996484030977 94.68643461098152 88.37961472193967 56.50398947998087 64.44015569475422 58.12348555287361 49.1293124583388 41.529721898808134 93.90544077630457 3.9088667196702453 1.6254936312229518 17.332127817738275 88.89366772784018 