50
0 29 16 54 35 98 103 86 54 31 32 32 45 67 58 82 67 89 15 4 62 36 8 36 44 70 68 49 45 90 78 97 92 29 43 76 26 79 21 23 46 91 9 54 47 89 71 74 19 34 
29 0 30 63 64 114 122 96 83 59 10 60 47 67 58 88 76 88 17 27 90 23 29 46 71 98 67 60 74 106 94 114 90 25 63 78 41 75 49 9 63 104 23 75 50 91 89 69 22 53 
16 30 0 38 44 86 92 71 60 32 28 41 29 50 42 66 52 72 13 19 63 25 24 21 44 70 52 34 50 78 66 86 75 17 33 59 12 63 32 21 34 77 10 45 31 73 60 57 9 23 
54 63 38 0 66 52 61 33 73 47 56 66 19 23 20 29 13 40 50 57 66 45 62 18 52 69 26 6 64 44 33 53 44 39 23 26 27 37 61 54 16 41 48 30 16 38 31 34 43 24 
35 64 44 66 0 93 94 91 20 19 67 5 67 86 79 93 76 106 50 37 33 69 36 55 22 42 88 60 13 86 77 91 109 60 45 92 45 100 15 59 51 92 43 48 68 103 67 96 51 42 
98 114 86 52 93 0 13 27 89 77 108 96 70 63 67 42 42 61 99 102 73 97 106 68 72 69 65 54 84 8 20 5 64 90 55 55 74 70 96 105 52 15 95 46 68 52 27 72 93 64 
103 122 92 61 94 13 0 40 86 79 116 96 80 75 78 55 53 74 106 107 69 106 111 76 72 64 77 63 83 18 29 9 77 99 60 68 80 82 99 112 59 28 101 49 78 65 32 84 100 70 
86 96 71 33 91 27 40 0 92 73 89 92 49 38 43 15 20 35 83 90 80 76 94 51 72 79 39 38 85 23 20 31 37 71 47 28 60 43 90 87 42 12 81 44 47 25 29 45 76 53 
54 83 60 73 20 89 86 92 0 29 85 24 79 95 89 97 81 113 68 56 18 85 56 66 21 26 97 67 10 82 75 85 116 76 50 99 57 109 35 77 57 90 61 48 79 109 65 106 68 51 
31 59 32 47 19 77 79 73 29 0 59 20 50 68 62 74 58 87 42 34 31 57 36 38 13 40 70 41 19 69 59 75 91 48 26 73 29 82 20 51 32 74 35 31 50 84 50 78 41 24 
32 10 28 56 67 108 116 89 85 59 0 63 39 58 49 80 69 79 17 31 90 14 35 40 71 98 58 54 75 100 88 109 81 18 59 69 38 66 52 8 58 97 24 71 42 82 84 60 19 49 
32 60 41 66 5 96 96 92 24 20 63 0 66 85 78 93 77 106 46 33 37 66 32 54 25 46 87 60 17 88 78 93 109 58 46 91 43 99 11 55 52 93 40 50 66 103 69 94 48 42 
45 47 29 19 67 70 80 49 79 50 39 66 0 22 13 40 30 44 37 48 75 27 53 13 58 81 23 19 69 63 51 72 47 22 33 31 22 34 58 39 28 58 37 44 3 45 50 29 30 28 
67 67 50 23 86 63 75 38 95 68 58 85 22 0 9 24 23 22 58 70 89 44 75 32 74 92 3 28 86 57 48 66 25 43 45 12 43 14 78 59 39 49 59 53 20 25 50 11 51 44 
58 58 42 20 79 67 78 43 89 62 49 78 13 9 0 31 25 31 49 61 84 36 66 25 69 89 10 24 80 60 50 69 33 34 41 20 35 21 71 50 35 53 50 50 12 33 51 16 42 38 
82 88 66 29 93 42 55 15 97 74 80 93 40 24 31 0 17 21 77 85 86 66 90 46 76 88 26 34 89 38 32 46 24 63 48 14 56 28 89 79 42 27 76 49 38 12 38 31 70 52 
67 76 52 13 76 42 53 20 81 58 69 77 30 23 25 17 0 33 63 71 71 56 75 31 60 73 26 19 73 35 25 44 36 51 32 20 41 34 73 67 25 29 61 34 27 28 27 34 56 36 
89 88 72 40 106 61 74 35 113 87 79 106 44 22 31 21 33 0 80 92 104 65 97 53 92 106 21 46 104 58 52 65 4 64 63 14 64 14 100 81 56 46 81 67 42 10 58 20 73 64 
15 17 13 50 50 99 106 83 68 42 17 46 37 58 49 77 63 80 0 15 73 21 20 32 54 81 59 46 58 91 79 99 83 17 46 68 25 69 35 9 47 90 7 58 39 82 73 63 7 36 
4 27 19 57 37 102 107 90 56 34 31 33 48 70 61 85 71 92 15 0 65 37 5 40 47 74 71 52 47 94 82 101 95 31 47 79 30 82 22 23 50 95 11 58 50 92 75 76 20 38 
62 90 63 66 33 73 69 80 18 31 90 37 75 89 84 86 71 104 73 65 0 87 65 63 19 9 91 61 20 66 61 69 108 78 43 90 57 102 45 83 50 76 67 37 75 99 51 100 72 48 
36 23 25 45 69 97 106 76 85 57 14 66 27 44 36 66 56 65 21 37 87 0 41 30 68 94 44 43 75 89 77 98 67 9 51 55 31 52 55 17 49 85 27 63 29 69 74 46 17 42 
8 29 24 62 36 106 111 94 56 36 35 32 53 75 66 90 75 97 20 5 65 41 0 45 48 74 76 57 47 98 86 105 100 36 51 84 35 87 21 26 54 99 16 61 55 97 79 81 25 42 
36 46 21 18 55 68 76 51 66 38 40 54 13 32 25 46 31 53 32 40 63 30 45 0 46 69 34 14 56 60 48 69 56 23 22 40 11 45 46 37 19 58 30 34 13 53 44 41 25 15 
44 71 44 52 22 72 72 72 21 13 71 25 58 74 69 76 60 92 54 47 19 68 48 46 0 27 76 46 13 64 56 69 95 60 29 78 39 88 30 64 36 71 48 28 58 87 46 85 53 31 
70 98 70 69 42 69 64 79 26 40 98 46 81 92 89 88 73 106 81 74 9 94 74 69 27 0 95 65 29 64 60 65 110 85 48 93 64 105 54 91 54 74 75 40 80 100 51 103 80 54 
68 67 52 26 88 65 77 39 97 70 58 87 23 3 10 26 26 21 59 71 91 44 76 34 76 95 0 30 88 60 50 68 24 43 48 12 45 12 80 59 41 51 60 55 21 25 53 9 52 46 
49 60 34 6 60 54 63 38 67 41 54 60 19 28 24 34 19 46 46 52 61 43 57 14 46 65 30 0 58 46 34 55 50 36 17 32 22 42 55 51 11 44 43 26 17 43 31 39 39 18 
45 74 50 64 13 84 83 85 10 19 75 17 69 86 80 89 73 104 58 47 20 75 47 56 13 29 88 58 0 77 69 81 108 66 41 90 47 100 26 67 48 84 51 41 69 100 59 96 58 42 
90 106 78 44 86 8 18 23 82 69 100 88 63 57 60 38 35 58 91 94 66 89 98 60 64 64 60 46 77 0 12 9 61 82 47 50 65 65 88 97 44 13 87 38 60 49 19 67 85 56 
78 94 66 33 77 20 29 20 75 59 88 78 51 48 50 32 25 52 79 82 61 77 86 48 56 60 50 34 69 12 0 20 55 71 36 42 54 57 78 85 32 15 75 29 49 44 10 58 73 44 
97 114 86 53 91 5 9 31 85 75 109 93 72 66 69 46 44 65 99 101 69 98 105 69 69 65 68 55 81 9 20 0 68 91 54 58 74 73 94 105 52 19 95 44 69 56 26 75 93 63 
92 90 75 44 109 64 77 37 116 91 81 109 47 25 33 24 36 4 83 95 108 67 100 56 95 110 24 50 108 61 55 68 0 67 66 18 67 15 103 83 60 49 84 70 45 12 62 21 76 67 
29 25 17 39 60 90 99 71 76 48 18 58 22 43 34 63 51 64 17 31 78 9 36 23 60 85 43 36 66 82 71 91 67 0 43 53 22 53 48 17 41 80 20 55 25 67 67 47 11 33 
43 63 33 23 45 55 60 47 50 26 59 46 33 45 41 48 32 63 46 47 43 51 51 22 29 48 48 17 41 47 36 54 66 43 0 49 21 59 43 54 7 49 41 13 32 59 28 56 41 10 
76 78 59 26 92 55 68 28 99 73 69 91 31 12 20 14 20 14 68 79 90 55 84 40 78 93 12 32 90 50 42 58 18 53 49 0 51 15 86 70 42 40 68 53 29 14 47 17 61 50 
26 41 12 27 45 74 80 60 57 29 38 43 22 43 35 56 41 64 25 30 57 31 35 11 39 64 45 22 47 65 54 74 67 22 21 51 0 56 36 32 22 65 22 34 23 63 48 51 20 12 
79 75 63 37 100 70 82 43 109 82 66 99 34 14 21 28 34 14 69 82 102 52 87 45 88 105 12 42 100 65 57 73 15 53 59 15 56 0 92 69 53 55 71 66 33 21 61 6 62 58 
21 49 32 61 15 96 99 90 35 20 52 11 58 78 71 89 73 100 35 22 45 55 21 46 30 54 80 55 26 88 78 94 103 48 43 86 36 92 0 44 48 92 29 50 59 98 69 87 38 37 
23 9 21 54 59 105 112 87 77 51 8 55 39 59 50 79 67 81 9 23 83 17 26 37 64 91 59 51 67 97 85 105 83 17 54 70 32 69 44 0 54 95 16 66 42 83 80 62 13 44 
46 63 34 16 51 52 59 42 57 32 58 52 28 39 35 42 25 56 47 50 50 49 54 19 36 54 41 11 48 44 32 52 60 41 7 42 22 53 48 54 0 45 43 16 27 52 26 50 41 12 
91 104 77 41 92 15 28 12 90 74 97 93 58 49 53 27 29 46 90 95 76 85 99 58 71 74 51 44 84 13 15 19 49 80 49 40 65 55 92 95 45 0 87 44 56 37 25 57 83 57 
9 23 10 48 43 95 101 81 61 35 24 40 37 59 50 76 61 81 7 11 67 27 16 30 48 75 60 43 51 87 75 95 84 20 41 68 22 71 29 16 43 87 0 53 39 82 69 65 9 32 
54 75 45 30 48 46 49 44 48 31 71 50 44 53 50 49 34 67 58 58 37 63 61 34 28 40 55 26 41 38 29 44 70 55 13 53 34 66 50 66 16 44 53 0 42 61 19 64 54 22 
47 50 31 16 68 68 78 47 79 50 42 66 3 20 12 38 27 42 39 50 75 29 55 13 58 80 21 17 69 60 49 69 45 25 32 29 23 33 59 42 27 56 39 42 0 43 47 28 32 27 
89 91 73 38 103 52 65 25 109 84 82 103 45 25 33 12 28 10 82 92 99 69 97 53 87 100 25 43 100 49 44 56 12 67 59 14 63 21 98 83 52 37 82 61 43 0 51 26 75 61 
71 89 60 31 67 27 32 29 65 50 84 69 50 50 51 38 27 58 73 75 51 74 79 44 46 51 53 31 59 19 10 26 62 67 28 47 48 61 69 80 26 25 69 19 47 51 0 61 68 38 
74 69 57 34 96 72 84 45 106 78 60 94 29 11 16 31 34 20 63 76 100 46 81 41 85 103 9 39 96 67 58 75 21 47 56 17 51 6 87 62 50 57 65 64 28 26 61 0 56 54 
19 22 9 43 51 93 100 76 68 41 19 48 30 51 42 70 56 73 7 20 72 17 25 25 53 80 52 39 58 85 73 93 76 11 41 61 20 62 38 13 41 83 9 54 32 75 68 56 0 31 
34 53 23 24 42 64 70 53 51 24 49 42 28 44 38 52 36 64 36 38 48 42 42 15 31 54 46 18 42 56 44 63 67 33 10 50 12 58 37 44 12 57 32 22 27 61 38 54 31 0 
0 1000
904 1769
987 1704
4428 4949
622 681
1969 2831
195 425
4852 5326
5148 5478
1286 1505
5034 5677
3598 4454
2598 3368
2905 3243
834 1831
2993 3827
4099 4416
3380 3903
2105 2212
1066 1527
3165 3652
2217 2327
1351 2082
4987 5611
4777 4972
1847 1913
3344 4117
1632 2040
522 1265
750 1726
4365 4891
3869 4450
2481 3433
4203 4631
2631 3497
3767 4192
3293 3739
1515 2236
359 463
1684 1923
4699 5442
3975 4943
4558 4804
284 1088
2697 3129
2809 3545
2359 2582
3406 4119
1148 1774
432 1350
8.816987978586631 8.368688580906603 24.824466079280107 62.39305783347535 4.013978286637332 97.1034389955328 95.35601103656778 93.36555284555577 9.076810512365208 21.704577010558413 18.068657160675826 2.3073150830177136 52.45798294685172 73.63980946028177 65.01949513749413 90.80451058520767 75.39442602534925 95.68463136937521 15.66242691145553 5.428487747450161 26.403781824237615 31.40572653503145 0.488681867658991 45.22946997539701 25.166191349439092 31.877893652334567 74.27218745179371 56.87956593710955 12.87268081982974 89.4432027908923 80.63144026631397 93.90247880151892 98.0250728898909 31.2560570328535 46.678710775715004 83.87725737122231 35.092147054830455 83.728703592084 3.7426060698732 15.132795215521933 51.82404061127459 95.50074260277927 15.636965453008456 52.10233459113326 54.74147875477728 97.461404790586 71.2395081401031 77.51568901937918 22.770090542695552 40.20942441402286 
31.4291945391972 2.6829821148363964 27.88803200217901 35.8952998050738 66.52488476805824 74.45820156565962 87.61668783972196 47.64638254336974 85.52856063666555 59.70289396367136 0.8811984301137277 62.33905170974988 20.054249374224952 15.728145688260131 15.843959052526701 33.069850400055756 39.013192638122554 13.135678855886079 18.172894995240597 29.310971835083155 90.7105106442246 3.6558002692873237 30.606385043233796 30.361971535313348 71.75752440314604 97.94744708849018 13.204134980311377 38.115818471598004 76.08393413477455 70.78312204942313 63.093215818422685 78.57642348467954 10.438984484163216 12.550710898432271 52.264981990095926 21.011551452813126 34.31275667629657 6.121226174296101 51.363488114525694 8.808136179431092 48.06232129656901 59.41862380955962 25.01758117364409 63.685738379974545 21.610459133477946 22.490561932573726 66.01091331460422 5.150519605840264 18.824547724733478 44.77236881770309 