50
0 48 12 59 54 26 61 50 57 77 22 83 29 64 49 59 25 48 33 31 73 54 33 71 62 18 32 52 53 65 29 66 48 8 61 24 27 67 78 27 15 79 31 54 18 57 56 30 44 19 
48 0 60 23 9 60 24 63 70 46 30 74 77 81 6 15 73 84 19 31 77 86 28 61 20 55 68 6 20 85 74 46 21 41 93 25 46 77 78 72 58 83 27 53 37 89 24 23 50 61 
12 60 0 69 66 24 72 51 58 86 32 88 17 63 61 71 13 41 45 42 75 49 43 77 73 20 27 64 64 63 19 74 59 19 55 35 31 68 80 20 14 81 42 59 27 52 66 40 49 18 
59 23 69 0 28 61 2 53 58 23 37 54 86 69 29 12 83 83 39 52 61 81 28 41 9 71 68 18 42 74 78 25 44 52 87 38 45 63 60 85 72 66 47 39 42 84 4 29 41 75 
54 9 66 28 0 68 29 72 78 51 38 81 83 89 6 18 79 93 23 33 85 94 37 68 23 59 76 11 15 93 81 53 18 47 101 31 55 85 86 77 63 91 29 61 44 97 31 31 59 65 
26 60 24 61 68 0 63 28 34 72 30 67 33 40 63 66 32 25 51 54 52 29 34 57 67 42 8 62 71 40 19 58 67 27 36 38 16 45 58 43 37 57 52 39 24 32 57 38 29 41 
61 24 72 2 29 63 0 55 60 22 40 54 88 71 30 12 85 85 41 54 62 83 30 42 8 73 70 19 43 76 80 25 45 54 89 40 48 64 61 88 74 67 49 40 45 86 6 32 43 77 
50 63 51 53 72 28 55 0 7 54 41 39 61 18 68 63 60 35 63 71 24 30 35 32 61 67 30 62 80 22 45 39 78 48 36 50 24 18 29 71 63 29 67 17 38 32 49 44 13 68 
57 70 58 58 78 34 60 7 0 56 48 36 66 11 75 68 66 37 70 78 18 30 42 31 66 74 34 68 87 16 50 41 85 55 34 58 31 11 24 77 70 23 74 20 45 31 54 51 19 74 
77 46 86 23 51 72 22 54 56 0 55 38 101 66 52 33 98 89 62 75 52 84 43 29 28 91 77 41 65 72 90 15 67 70 90 58 57 57 49 103 91 56 70 37 59 87 23 49 45 94 
22 30 32 37 38 30 40 41 48 55 0 67 49 58 33 39 46 55 23 30 61 58 12 53 41 36 38 33 42 61 43 46 38 15 64 10 18 58 64 48 36 67 26 38 6 61 35 8 30 39 
83 74 88 54 81 67 54 39 36 38 67 0 100 41 80 65 98 73 83 95 21 65 56 14 61 100 69 70 94 46 84 29 94 79 69 74 57 30 16 107 98 22 90 29 67 66 51 64 39 102 
29 77 17 86 83 33 88 61 66 101 49 100 0 69 77 87 4 40 61 57 84 50 59 89 90 30 32 80 80 68 17 88 75 36 54 52 45 77 90 17 24 89 57 72 44 52 83 57 61 25 
64 81 63 69 89 40 71 18 11 66 58 41 69 0 86 79 70 35 80 87 20 25 53 39 78 81 37 79 97 6 52 51 95 63 28 67 40 11 26 82 77 22 84 31 54 26 65 61 30 81 
49 6 61 29 6 63 30 68 75 52 33 80 77 86 0 20 73 88 17 28 83 90 33 67 25 54 71 11 13 90 76 52 15 42 97 26 50 82 84 71 58 89 24 59 39 93 31 26 56 59 
59 15 71 12 18 66 12 63 68 33 39 65 87 79 20 0 84 89 34 46 72 89 32 53 5 69 74 9 32 84 82 36 35 52 95 36 51 73 72 85 71 77 41 49 45 92 15 30 50 74 
25 73 13 83 79 32 85 60 66 98 46 98 4 70 73 84 0 41 57 52 84 51 56 88 87 26 32 77 76 69 18 86 71 32 56 48 43 76 89 14 19 89 53 70 41 54 80 54 60 21 
48 84 41 83 93 25 85 35 37 89 55 73 40 35 88 89 41 0 76 78 54 11 57 67 90 61 17 85 96 32 23 74 92 51 14 63 38 45 60 55 55 57 76 52 49 12 78 62 44 58 
33 19 45 39 23 51 41 63 70 62 23 83 61 80 17 34 57 76 0 13 81 80 29 70 38 37 59 25 20 83 61 58 16 26 87 13 41 79 84 54 41 88 8 58 28 83 39 20 51 42 
31 31 42 52 33 54 54 71 78 75 30 95 57 87 28 46 52 78 13 0 91 84 39 81 51 29 62 37 25 90 60 70 19 27 90 21 47 88 94 47 34 97 5 68 33 87 52 30 60 35 
73 77 75 61 85 52 62 24 18 52 61 21 84 20 83 72 84 54 81 91 0 45 52 23 69 91 52 74 96 25 68 38 95 70 48 70 46 9 6 95 87 6 87 24 59 46 57 62 31 91 
54 86 49 81 94 29 83 30 30 84 58 65 50 25 90 89 51 11 80 84 45 0 58 60 89 69 23 86 99 22 33 69 96 57 7 67 40 36 51 65 64 48 81 47 52 3 77 64 41 67 
33 28 43 28 37 34 30 35 42 43 12 56 59 53 33 32 56 57 29 39 52 58 0 42 33 48 42 29 45 57 51 33 43 27 64 18 19 50 55 60 48 59 35 29 15 61 24 9 23 51 
71 61 77 41 68 57 42 32 31 29 53 14 89 39 67 53 88 67 70 81 23 60 42 0 49 88 60 57 80 44 75 17 81 66 65 61 45 29 20 96 86 27 76 17 54 62 38 51 28 90 
62 20 73 9 23 67 8 61 66 28 41 61 90 78 25 5 87 90 38 51 69 89 33 49 0 73 75 14 37 82 84 33 40 55 95 40 52 71 69 88 75 74 46 47 47 91 13 33 49 77 
18 55 20 71 59 42 73 67 74 91 36 100 30 81 54 69 26 61 37 29 91 69 48 88 73 0 47 60 53 82 39 81 48 22 75 33 44 85 95 18 6 96 31 71 34 72 69 42 61 6 
32 68 27 68 76 8 70 30 34 77 38 69 32 37 71 74 32 17 59 62 52 23 42 60 75 47 0 70 79 37 16 63 75 35 29 46 23 44 58 45 41 57 60 43 32 26 64 45 33 45 
52 6 64 18 11 62 19 62 68 41 33 70 80 79 11 9 77 85 25 37 74 86 29 57 14 60 70 0 25 84 76 41 27 44 93 28 47 75 75 77 63 80 32 51 39 89 20 25 49 65 
53 20 64 42 15 71 43 80 87 65 42 94 80 97 13 32 76 96 20 25 96 99 45 80 37 53 79 25 0 101 81 66 6 46 106 33 60 95 97 71 58 102 23 71 47 102 44 36 67 59 
65 85 63 74 93 40 76 22 16 72 61 46 68 6 90 84 69 32 83 90 25 22 57 44 82 82 37 84 101 0 51 57 99 65 23 70 43 16 31 81 77 27 87 36 57 22 70 65 35 81 
29 74 19 78 81 19 80 45 50 90 43 84 17 52 76 82 18 23 61 60 68 33 51 75 84 39 16 76 81 51 0 76 76 35 38 50 34 60 74 32 33 73 59 58 37 35 75 52 47 36 
66 46 74 25 53 58 25 39 41 15 46 29 88 51 52 36 86 74 58 70 38 69 33 17 33 81 63 41 66 57 76 0 67 60 75 51 43 43 37 92 81 43 65 22 48 71 22 41 30 85 
48 21 59 44 18 67 45 78 85 67 38 94 75 95 15 35 71 92 16 19 95 96 43 81 40 48 75 27 6 99 76 67 0 42 102 29 57 93 96 66 53 101 18 71 44 99 46 34 66 54 
8 41 19 52 47 27 54 48 55 70 15 79 36 63 42 52 32 51 26 27 70 57 27 66 55 22 35 44 46 65 35 60 42 0 63 16 24 65 74 34 21 76 25 50 12 60 49 22 40 25 
61 93 55 87 101 36 89 36 34 90 64 69 54 28 97 95 56 14 87 90 48 7 64 65 95 75 29 93 106 23 38 75 102 63 0 73 46 39 54 69 69 50 88 53 59 4 83 70 47 72 
24 25 35 38 31 38 40 50 58 58 10 74 52 67 26 36 48 63 13 21 70 67 18 61 40 33 46 28 33 70 50 51 29 16 73 0 28 67 73 48 35 76 17 47 14 70 36 10 40 38 
27 46 31 45 55 16 48 24 31 57 18 57 45 40 50 51 43 38 41 47 46 40 19 45 52 44 23 47 60 43 34 43 57 24 46 28 0 41 51 51 41 52 44 28 14 43 42 24 17 46 
67 77 68 63 85 45 64 18 11 57 58 30 77 11 82 73 76 45 79 88 9 36 50 29 71 85 44 75 95 16 60 43 93 65 39 67 41 0 15 88 81 13 84 24 55 37 59 59 28 85 
78 78 80 60 86 58 61 29 24 49 64 16 90 26 84 72 89 60 84 94 6 51 55 20 69 95 58 75 97 31 74 37 96 74 54 73 51 15 0 100 92 7 89 26 63 52 57 64 34 96 
27 72 20 85 77 43 88 71 77 103 48 107 17 82 71 85 14 55 54 47 95 65 60 96 88 18 45 77 71 81 32 92 66 34 69 48 51 88 100 0 14 100 49 79 45 67 83 56 68 12 
15 58 14 72 63 37 74 63 70 91 36 98 24 77 58 71 19 55 41 34 87 64 48 86 75 6 41 63 58 77 33 81 53 21 69 35 41 81 92 14 0 93 35 69 33 66 70 43 59 4 
79 83 81 66 91 57 67 29 23 56 67 22 89 22 89 77 89 57 88 97 6 48 59 27 74 96 57 80 102 27 73 43 101 76 50 76 52 13 7 100 93 0 93 30 65 48 62 68 37 97 
31 27 42 47 29 52 49 67 74 70 26 90 57 84 24 41 53 76 8 5 87 81 35 76 46 31 60 32 23 87 59 65 18 25 88 17 44 84 89 49 35 93 0 63 30 84 47 25 56 37 
54 53 59 39 61 39 40 17 20 37 38 29 72 31 59 49 70 52 58 68 24 47 29 17 47 71 43 51 71 36 58 22 71 50 53 47 28 24 26 79 69 30 63 0 38 49 35 38 11 73 
18 37 27 42 44 24 45 38 45 59 6 67 44 54 39 45 41 49 28 33 59 52 15 54 47 34 32 39 47 57 37 48 44 12 59 14 14 55 63 45 33 65 30 38 0 55 39 14 29 37 
57 89 52 84 97 32 86 32 31 87 61 66 52 26 93 92 54 12 83 87 46 3 61 62 91 72 26 89 102 22 35 71 99 60 4 70 43 37 52 67 66 48 84 49 55 0 80 67 43 70 
56 24 66 4 31 57 6 49 54 23 35 51 83 65 31 15 80 78 39 52 57 77 24 38 13 69 64 20 44 70 75 22 46 49 83 36 42 59 57 83 70 62 47 35 39 80 0 27 36 73 
30 23 40 29 31 38 32 44 51 49 8 64 57 61 26 30 54 62 20 30 62 64 9 51 33 42 45 25 36 65 52 41 34 22 70 10 24 59 64 56 43 68 25 38 14 67 27 0 32 46 
44 50 49 41 59 29 43 13 19 45 30 39 61 30 56 50 60 44 51 60 31 41 23 28 49 61 33 49 67 35 47 30 66 40 47 40 17 28 34 68 59 37 56 11 29 43 36 32 0 63 
19 61 18 75 65 41 77 68 74 94 39 102 25 81 59 74 21 58 42 35 91 67 51 90 77 6 45 65 59 81 36 85 54 25 72 38 46 85 96 12 4 97 37 73 37 70 73 46 63 0 
0 1000
115 600
1018 2013
1533 2038
1603 1824
2166 2972
2794 3026
3918 4358
3874 4579
3449 4410
450 650
1852 2129
3670 4344
4348 5328
942 1255
1254 1774
698 1333
1977 2889
2924 3399
848 1770
235 380
4775 5403
2071 2884
3371 4270
4553 5400
1742 2466
3057 3620
410 873
1143 1743
4678 5422
2476 2489
2565 2567
3206 3888
4031 4862
4188 4443
324 355
559 781
3948 4205
241 293
1434 1778
3557 4199
2378 3007
2279 3218
3289 4185
495 1091
4242 4426
1309 1446
4442 5010
3803 4455
2698 3315
39.98595397620499 88.02231654197699 28.204613295821535 92.1867748134114 94.41813116055908 31.032045720328906 94.39152949958935 43.65221500821289 42.011666868072226 97.99435107202919 58.47441529394369 71.77857264166897 11.453811056618212 33.24936541638216 88.82583858129595 96.84041602625933 15.393118090141321 10.250484458309417 72.40721947462286 65.9415679560031 51.34563180226017 13.614036928777395 65.18989335222155 72.03284190149274 98.42222792424599 37.18911087416309 23.907357789991824 91.05526570071122 90.5228802032807 27.69296834477455 15.101718703698575 82.70061270119497 84.95977438499823 47.27927963797934 8.111062385487278 63.27866842821743 46.82354835397978 43.56590533115487 56.24215404015559 19.268217328754233 32.409902953417394 50.19684928963834 67.66124685152373 60.70663740389086 52.432453279140226 11.414937579960704 88.21305230731288 66.72565565002431 54.08845106621663 31.308534394864008 
21.207787503463116 25.78177765810442 21.647460633877845 48.50557444369697 20.162112672188627 45.26684689198137 49.17230797264415 70.667185860518 77.88229136942168 71.0924990600587 32.715474638418186 98.03319069268088 18.886282385699104 84.80979325320054 19.438714100256206 37.776667509233064 17.58373986257541 58.65675582511678 14.763670883614067 3.656856505341788 93.29361218461268 68.82976305290627 42.808877190884765 84.37780438307348 42.712185935941605 3.8851118145846075 48.68550138153661 30.713816332821754 6.157326330658042 85.13664211634374 35.8433473916661 71.35377105869128 4.869107918861603 23.128034114416685 72.69307239261406 24.427259685380008 47.04486065352346 88.38894119848278 96.99689192859626 4.241660777300127 8.173490428622054 99.41924233557083 8.304808735153124 71.1145992057112 34.04806685432522 71.02483559971319 50.272520249942495 33.74201653230705 62.86540982340636 4.211034111850964 