50
0 63 20 78 59 35 25 65 19 2 44 53 50 64 9 12 54 55 56 36 47 66 7 63 32 51 17 27 68 31 26 18 28 65 67 51 15 54 30 45 35 30 12 86 53 40 30 18 68 92 
63 0 78 85 75 29 84 3 68 64 95 35 57 31 60 67 102 72 82 56 101 82 70 99 58 15 59 64 67 93 72 58 90 84 15 15 76 101 93 94 30 77 74 94 40 56 46 45 28 77 
20 78 0 97 77 50 6 80 13 18 51 72 69 83 28 29 63 73 73 56 52 84 17 76 51 64 19 45 88 19 42 21 29 82 84 64 7 63 23 55 48 43 21 104 72 59 50 35 87 111 
78 85 97 0 20 75 101 83 97 80 62 50 32 55 70 68 57 24 28 43 68 15 80 40 47 87 92 52 17 97 56 92 80 18 73 87 90 57 90 57 83 56 77 10 45 40 54 75 61 27 
59 75 77 20 0 59 81 74 78 60 45 40 17 49 51 48 43 4 12 25 52 8 60 30 28 74 73 32 18 77 36 73 60 9 65 74 70 42 71 41 68 37 57 27 35 23 37 57 55 41 
35 29 50 75 59 0 57 31 41 35 69 30 43 37 31 38 77 56 63 36 74 68 41 78 35 18 33 39 59 65 46 32 61 68 34 18 48 76 64 68 9 51 45 84 33 37 23 16 39 77 
25 84 6 101 81 57 0 87 18 24 52 78 74 89 33 33 64 77 76 60 52 87 21 78 55 70 25 49 92 15 45 27 29 85 90 70 11 64 21 56 55 46 24 107 78 64 56 41 93 116 
65 3 80 83 74 31 87 0 70 66 96 34 57 29 61 68 102 72 81 57 102 81 72 99 58 18 62 65 66 95 73 61 91 83 12 19 78 101 95 94 32 78 76 93 39 56 47 47 25 75 
19 68 13 97 78 41 18 70 0 18 59 66 68 76 27 31 71 74 75 54 61 85 21 82 50 53 8 46 86 31 45 10 39 84 75 53 16 71 35 62 38 48 27 105 68 58 47 28 79 109 
2 64 18 80 60 35 24 66 18 0 44 54 52 66 10 13 55 57 57 38 47 67 6 64 33 52 16 28 70 29 28 17 28 66 68 52 13 54 29 46 36 31 12 88 54 42 32 19 69 93 
44 95 51 62 45 69 52 96 59 44 0 69 51 82 40 33 12 43 35 42 7 48 39 28 38 87 60 31 63 41 23 61 23 44 92 87 45 12 34 5 74 18 33 66 66 45 49 56 87 86 
53 35 72 50 40 30 78 34 66 54 69 0 23 13 45 49 73 38 48 27 75 47 58 66 31 38 59 39 32 82 48 58 71 49 26 38 67 72 78 66 38 52 59 60 5 25 23 39 19 47 
50 57 69 32 17 43 74 57 68 52 51 23 0 34 41 42 52 15 25 14 57 25 53 44 19 57 62 27 18 74 34 62 60 26 49 57 63 51 69 47 52 37 51 41 18 10 22 43 40 42 
64 31 83 55 49 37 89 29 76 66 82 13 34 0 57 62 85 48 59 40 88 56 70 77 44 39 69 52 38 94 60 67 84 58 18 39 79 84 91 79 44 65 71 65 16 37 36 49 6 46 
9 60 28 70 51 31 33 61 27 10 40 45 41 57 0 8 50 47 48 28 45 58 13 57 23 49 24 19 60 36 20 24 30 57 62 49 23 50 34 41 34 24 14 78 45 32 23 16 62 83 
12 67 29 68 48 38 33 68 31 13 33 49 42 62 8 0 43 44 44 28 37 55 12 51 23 56 29 16 59 33 14 30 23 53 68 56 22 42 29 34 42 17 10 75 48 32 26 24 66 83 
54 102 63 57 43 77 64 102 71 55 12 73 52 85 50 43 0 41 31 46 14 43 51 19 44 95 71 38 61 53 31 72 35 40 97 95 57 1 46 9 82 27 44 59 69 48 56 65 91 83 
55 72 73 24 4 56 77 72 74 57 43 38 15 48 47 44 41 0 11 21 49 12 57 30 25 71 70 28 20 74 33 70 57 12 64 71 67 40 68 38 64 34 53 31 33 19 33 53 54 43 
56 82 73 28 12 63 76 81 75 57 35 48 25 59 48 44 31 11 0 27 41 13 56 19 29 79 72 29 30 70 31 72 53 10 74 80 66 31 63 30 71 30 52 32 43 27 40 57 65 51 
36 56 56 43 25 36 60 57 54 38 42 27 14 40 28 28 46 21 27 0 48 33 39 43 5 52 49 13 32 60 21 49 47 33 51 53 49 45 55 39 44 25 37 52 24 4 12 32 46 56 
47 101 52 68 52 74 52 102 61 47 7 75 57 88 45 37 14 49 41 48 0 53 42 32 45 92 63 37 69 40 29 64 23 50 98 92 46 14 33 11 78 24 35 71 72 51 55 60 94 92 
66 82 84 15 8 68 87 81 85 67 48 47 25 56 58 55 43 12 13 33 53 0 67 27 36 82 81 39 21 82 42 81 65 4 72 82 77 42 76 43 76 42 63 20 42 31 45 65 62 40 
7 70 17 80 60 41 21 72 21 6 39 58 53 70 13 12 51 57 56 39 42 67 0 61 34 58 21 28 71 24 25 22 22 65 74 58 10 50 23 42 42 28 6 87 58 43 35 25 74 95 
63 99 76 40 30 78 78 99 82 64 28 66 44 77 57 51 19 30 19 43 32 27 61 0 43 95 80 40 47 69 37 80 51 24 92 95 69 18 62 23 85 34 55 41 62 43 55 69 84 67 
32 58 51 47 28 35 55 58 50 33 38 31 19 44 23 23 44 25 29 5 45 36 34 43 0 52 45 9 37 55 17 45 42 36 54 53 44 43 50 36 42 21 32 56 28 9 12 29 49 61 
51 15 64 87 74 18 70 18 53 52 87 38 57 39 49 56 95 71 79 52 92 82 58 95 52 0 45 58 70 80 64 44 79 83 27 0 63 94 81 86 16 69 62 97 43 53 40 33 38 84 
17 59 19 92 73 33 25 62 8 16 60 59 62 69 24 29 71 70 72 49 63 81 21 80 45 45 0 42 81 37 43 2 42 80 67 45 20 71 40 62 30 47 28 101 60 53 40 20 71 102 
27 64 45 52 32 39 49 65 46 28 31 39 27 52 19 16 38 28 29 13 37 39 28 40 9 58 42 0 44 47 8 43 33 38 62 58 38 37 42 29 46 13 25 59 37 17 19 30 58 68 
68 67 88 17 18 59 92 66 86 70 63 32 18 38 60 59 61 20 30 32 69 21 71 47 37 70 81 44 0 91 50 80 75 24 55 71 82 60 85 58 68 52 69 27 27 28 41 61 44 24 
31 93 19 97 77 65 15 95 31 29 41 82 74 94 36 33 53 74 70 60 40 82 24 69 55 80 37 47 91 0 41 39 18 80 97 80 18 53 7 46 65 40 23 102 81 64 58 49 98 115 
26 72 42 56 36 46 45 73 45 28 23 48 34 60 20 14 31 33 31 21 29 42 25 37 17 64 43 8 50 41 0 43 26 40 70 64 35 30 35 23 51 5 21 62 45 25 26 34 66 74 
18 58 21 92 73 32 27 61 10 17 61 58 62 67 24 30 72 70 72 49 64 81 22 80 45 44 2 43 80 39 43 0 43 80 65 43 22 71 41 63 28 47 29 101 60 52 40 20 70 102 
28 90 29 80 60 61 29 91 39 28 23 71 60 84 30 23 35 57 53 47 23 65 22 51 42 79 42 33 75 18 26 43 0 62 91 79 24 35 11 28 63 24 16 85 70 51 48 45 89 100 
65 84 82 18 9 68 85 83 84 66 44 49 26 58 57 53 40 12 10 33 50 4 65 24 36 83 80 38 24 80 40 80 62 0 74 83 75 39 73 39 76 40 61 22 44 31 45 64 64 43 
67 15 84 73 65 34 90 12 75 68 92 26 49 18 62 68 97 64 74 51 98 72 74 92 54 27 67 62 55 97 70 65 91 74 0 28 81 96 96 90 38 75 76 82 31 50 43 49 13 63 
51 15 64 87 74 18 70 19 53 52 87 38 57 39 49 56 95 71 80 53 92 82 58 95 53 0 45 58 71 80 64 43 79 83 28 0 63 94 81 87 16 69 62 97 43 53 41 33 38 85 
15 76 7 90 70 48 11 78 16 13 45 67 63 79 23 22 57 67 66 49 46 77 10 69 44 63 20 38 82 18 35 22 24 75 81 63 0 56 20 48 47 36 14 97 67 53 45 32 83 105 
54 101 63 57 42 76 64 101 71 54 12 72 51 84 50 42 1 40 31 45 14 42 50 18 43 94 71 37 60 53 30 71 35 39 96 94 56 0 45 9 81 26 44 58 68 47 55 64 90 82 
30 93 23 90 71 64 21 95 35 29 34 78 69 91 34 29 46 68 63 55 33 76 23 62 50 81 40 42 85 7 35 41 11 73 96 81 20 45 0 39 65 34 20 96 77 59 55 48 95 110 
45 94 55 57 41 68 56 94 62 46 5 66 47 79 41 34 9 38 30 39 11 43 42 23 36 86 62 29 58 46 23 63 28 39 90 87 48 9 39 0 74 18 35 61 63 42 48 56 85 81 
35 30 48 83 68 9 55 32 38 36 74 38 52 44 34 42 82 64 71 44 78 76 42 85 42 16 30 46 68 65 51 28 63 76 38 16 47 81 65 74 0 56 47 93 42 45 31 18 45 85 
30 77 43 56 37 51 46 78 48 31 18 52 37 65 24 17 27 34 30 25 24 42 28 34 21 69 47 13 52 40 5 47 24 40 75 69 36 26 34 18 56 0 22 62 49 29 31 39 71 76 
12 74 21 77 57 45 24 76 27 12 33 59 51 71 14 10 44 53 52 37 35 63 6 55 32 62 28 25 69 23 21 29 16 61 76 62 14 44 20 35 47 22 0 83 58 42 36 29 76 93 
86 94 104 10 27 84 107 93 105 88 66 60 41 65 78 75 59 31 32 52 71 20 87 41 56 97 101 59 27 102 62 101 85 22 82 97 97 58 96 61 93 62 83 0 54 49 63 83 70 32 
53 40 72 45 35 33 78 39 68 54 66 5 18 16 45 48 69 33 43 24 72 42 58 62 28 43 60 37 27 81 45 60 70 44 31 43 67 68 77 63 42 49 58 54 0 21 22 40 22 44 
40 56 59 40 23 37 64 56 58 42 45 25 10 37 32 32 48 19 27 4 51 31 43 43 9 53 53 17 28 64 25 52 51 31 50 53 53 47 59 42 45 29 42 49 21 0 14 34 43 52 
30 46 50 54 37 23 56 47 47 32 49 23 22 36 23 26 56 33 40 12 55 45 35 55 12 40 40 19 41 58 26 40 48 45 43 41 45 55 55 48 31 31 36 63 22 14 0 21 41 62 
18 45 35 75 57 16 41 47 28 19 56 39 43 49 16 24 65 53 57 32 60 65 25 69 29 33 20 30 61 49 34 20 45 64 49 33 32 64 48 56 18 39 29 83 40 34 21 0 52 82 
68 28 87 61 55 39 93 25 79 69 87 19 40 6 62 66 91 54 65 46 94 62 74 84 49 38 71 58 44 98 66 70 89 64 13 38 83 90 95 85 45 71 76 70 22 43 41 52 0 50 
92 77 111 27 41 77 116 75 109 93 86 47 42 46 83 83 83 43 51 56 92 40 95 67 61 84 102 68 24 115 74 102 100 43 63 85 105 82 110 81 85 76 93 32 44 52 62 82 50 0 
0 1000
4382 5043
3834 4440
718 1414
1777 2433
1894 2188
33 1016
1520 1764
4552 4931
573 853
1356 1884
4908 5902
413 1338
3996 4270
4774 5319
4667 5407
2424 2565
158 298
2771 2788
987 1251
1717 2630
2354 2935
4169 4719
2087 2583
4102 5098
1187 1304
2661 3289
1093 1166
3333 4286
4257 4563
1978 2356
1266 1294
4483 5164
3452 3707
255 919
314 1291
881 1240
1687 2317
2223 2584
2821 3008
3192 3883
2151 2562
3144 3283
3693 4027
449 1274
4851 5026
2567 3327
3795 4461
3584 4208
2997 3011
18.67612090319749 8.019069979872729 6.662127740581925 88.38342427800119 72.29389580001505 13.767829800819342 6.019782824645581 10.275224876614997 0.1505640460333746 17.5576165182174 58.074326882536006 40.15777191545404 56.872207597261294 39.12239704189413 25.44669773855499 31.007325086712733 69.99357670392376 68.73514789327207 73.28832117298965 47.5299261271418 58.10014427797709 80.42066061068708 20.682095775097075 81.76163204347809 44.791369725901895 2.243960360035635 2.01201948026547 44.111757441083675 72.19128590657213 18.382543663236472 45.0200490118269 1.7110659880603563 35.129073648263734 80.2332323858621 22.352612077070056 1.8246668602013405 13.261106648239085 69.57195075135364 25.639061443428 61.474572078116594 5.2827025903728675 48.053151846427475 26.63482879340524 97.951232543328 44.90451876669908 49.71674786061171 35.5175622974994 16.014281334894264 35.4995861457884 85.13465836694243 
30.88280083426813 93.17098673924545 15.213655986144348 66.93007909547232 55.384623044421545 65.07035455386831 8.967914835516865 95.51987220089781 25.915717467771394 29.826187387370585 12.403093202318981 78.99555426097106 63.21395450503387 91.69148560094376 36.13521362980738 30.67069773674913 12.607385019236483 53.99490375356759 43.921790486890124 52.82040027009691 5.877300593964874 54.35668739613126 24.177605789094358 27.254716364126885 48.53303404567361 79.2102490208625 34.059748024041006 39.785467776166904 73.53308621819757 0.3736235000992849 31.647267927362076 35.60550865952632 7.778345755208105 50.850327408305255 97.65989752381569 79.0462740544992 17.133566115787314 13.57623706675881 1.9587273435149766 16.188747631218202 63.58529471776653 27.52258526086411 21.738372721723596 64.63223851887653 76.62825711342145 56.23464887048662 56.26264417478025 48.96221022488301 96.92308373330508 93.90488638584145 