50
0 56 41 41 65 23 47 11 42 19 66 57 36 56 55 56 30 46 5 48 37 56 35 13 68 29 37 49 16 41 79 82 63 62 22 20 67 15 45 27 34 39 50 50 16 21 18 64 10 46 
56 0 46 82 71 47 73 45 97 38 119 2 68 49 39 20 28 10 54 104 39 47 58 50 62 83 85 22 40 85 79 88 99 71 42 76 75 68 15 55 89 73 88 105 54 35 38 81 56 98 
41 46 0 81 29 18 28 37 67 39 84 46 26 16 17 32 27 40 35 75 8 16 15 28 27 54 48 26 35 82 41 47 54 27 20 53 32 55 46 18 72 30 90 74 52 34 33 35 48 62 
41 82 81 0 106 64 86 45 55 48 78 83 75 96 93 90 63 73 46 55 76 96 75 54 108 51 66 83 49 5 119 123 96 103 62 41 108 28 67 68 29 76 9 61 30 52 52 104 33 68 
65 71 29 106 0 43 26 64 78 67 88 70 34 22 32 52 55 67 60 86 36 24 31 53 14 68 56 49 63 106 14 19 45 4 47 71 5 78 74 38 91 36 115 84 78 62 61 15 74 68 
23 47 18 64 43 0 31 21 54 25 74 48 22 33 33 40 20 39 18 61 15 33 15 10 45 40 38 32 21 65 56 61 54 41 6 36 46 38 41 9 55 27 72 61 35 21 19 45 31 51 
47 73 28 86 26 31 0 50 53 55 63 73 11 36 42 59 49 66 42 61 34 37 16 37 37 43 30 53 51 85 38 38 26 22 37 47 25 57 71 22 68 10 95 58 62 52 49 18 56 43 
11 45 37 45 64 21 50 0 53 8 77 47 40 52 48 47 20 35 10 59 31 51 35 13 64 40 46 40 5 47 77 82 69 62 17 31 67 24 34 28 44 43 53 61 15 10 8 66 13 56 
42 97 67 55 78 54 53 53 0 61 25 98 45 82 84 93 69 87 44 8 68 83 53 48 88 14 22 86 58 52 91 89 49 75 57 22 78 36 87 50 27 43 63 8 52 62 59 69 47 14 
19 38 39 48 67 25 55 8 61 0 85 39 46 52 47 42 16 28 19 67 32 51 40 20 65 48 54 36 4 50 79 85 76 65 20 40 70 30 26 33 51 50 55 70 18 5 6 70 18 65 
66 119 84 78 88 74 63 77 25 85 0 120 59 97 101 113 91 110 67 23 87 98 69 69 100 37 36 105 82 74 99 95 48 84 78 46 86 61 110 68 49 55 85 17 77 86 82 76 71 22 
57 2 46 83 70 48 73 47 98 39 120 0 68 48 38 18 29 11 55 105 39 46 58 51 61 84 85 21 41 87 78 88 99 70 42 77 74 70 17 55 90 73 89 106 56 36 39 80 57 98 
36 68 26 75 34 22 11 40 45 46 59 68 0 38 43 57 42 60 32 53 31 39 11 27 43 34 23 50 41 74 48 49 32 31 29 37 35 46 64 14 57 5 84 51 51 43 40 29 45 37 
56 49 16 96 22 33 36 52 82 52 97 48 38 0 10 30 38 46 51 90 20 2 28 43 14 69 61 27 49 98 31 40 61 23 35 68 27 71 53 33 88 42 105 88 67 47 46 35 64 75 
55 39 17 93 32 33 42 48 84 47 101 38 43 10 0 20 32 37 50 92 18 8 32 42 23 71 65 18 45 95 40 49 68 33 32 69 37 69 45 35 88 47 101 92 63 42 42 44 61 79 
56 20 32 90 52 40 59 47 93 42 113 18 57 30 20 0 27 21 52 100 26 28 46 46 43 79 77 8 42 92 60 70 86 53 36 74 57 70 29 46 91 62 96 101 60 38 39 64 59 91 
30 28 27 63 55 20 49 20 69 16 91 29 42 38 32 27 0 19 26 76 19 37 33 22 52 55 57 20 15 66 67 74 74 54 14 49 59 43 22 29 64 47 71 77 33 11 12 61 32 70 
46 10 40 73 67 39 66 35 87 28 110 11 60 46 37 21 19 0 44 94 32 45 51 41 60 74 76 19 30 76 77 85 92 67 33 66 71 58 8 47 79 65 79 96 45 25 28 76 46 88 
5 54 35 46 60 18 42 10 44 19 67 55 32 51 50 52 26 44 0 50 32 51 30 8 62 30 35 45 15 47 73 77 60 57 17 23 62 20 43 22 39 35 55 52 20 19 16 59 14 46 
48 104 75 55 86 61 61 59 8 67 23 105 53 90 92 100 76 94 50 0 76 91 61 55 96 22 30 93 64 51 99 97 55 83 65 28 86 40 93 57 26 51 62 6 56 69 66 77 52 21 
37 39 8 76 36 15 34 31 68 32 87 39 31 20 18 26 19 32 32 76 0 20 20 24 34 54 51 19 29 78 48 55 61 35 15 52 40 52 38 19 70 36 85 76 46 27 26 44 43 65 
56 47 16 96 24 33 37 51 83 51 98 46 39 2 8 28 37 45 51 91 20 0 29 43 15 70 62 26 49 97 32 41 62 25 35 69 29 71 52 34 88 43 105 89 66 46 46 37 63 76 
35 58 15 75 31 15 16 35 53 40 69 58 11 28 32 46 33 51 30 61 20 29 0 23 36 41 33 39 36 75 44 48 41 28 21 41 33 47 55 8 62 16 84 60 49 36 34 30 44 47 
13 50 28 54 53 10 37 13 48 20 69 51 27 43 42 46 22 41 8 55 24 43 23 0 55 33 36 39 15 54 66 70 57 50 10 28 55 28 41 15 46 31 62 56 26 18 15 53 21 48 
68 62 27 108 14 45 37 64 88 65 100 61 43 14 23 43 52 60 62 96 34 15 36 55 0 76 66 41 62 109 17 27 59 17 47 77 18 82 67 42 98 46 117 94 79 60 60 29 76 79 
29 83 54 51 68 40 43 40 14 48 37 84 34 69 71 79 55 74 30 22 54 70 41 33 76 0 15 71 45 48 81 81 46 64 43 11 68 27 73 36 26 32 60 22 41 49 46 61 35 18 
37 85 48 66 56 38 30 46 22 54 36 85 23 61 65 77 57 76 35 30 51 62 33 36 66 15 0 70 50 63 69 67 31 52 43 25 56 39 77 32 42 21 75 28 51 53 50 47 45 14 
49 22 26 83 49 32 53 40 86 36 105 21 50 27 18 8 20 19 45 93 19 26 39 39 41 71 70 0 35 86 58 67 80 49 28 67 54 63 27 38 83 55 91 93 53 31 32 60 52 83 
16 40 35 49 63 21 51 5 58 4 82 41 41 49 45 42 15 30 15 64 29 49 36 15 62 45 50 35 0 51 76 82 72 61 16 37 66 29 29 29 50 46 56 66 18 5 3 66 17 61 
41 85 82 5 106 65 85 47 52 50 74 87 74 98 95 92 66 76 47 51 78 97 75 54 109 48 63 86 51 0 119 122 94 103 63 39 108 28 71 68 25 75 12 57 33 55 54 103 34 64 
79 79 41 119 14 56 38 77 91 79 99 78 48 31 40 60 67 77 73 99 48 32 44 66 17 81 69 58 76 119 0 11 53 17 60 84 13 92 84 52 105 49 128 96 92 75 73 23 87 80 
82 88 47 123 19 61 38 82 89 85 95 88 49 40 49 70 74 85 77 97 55 41 48 70 27 81 67 67 82 122 11 0 47 21 66 85 15 94 92 55 106 48 132 93 96 81 79 20 91 77 
63 99 54 96 45 54 26 69 49 76 48 99 32 61 68 86 74 92 60 55 61 62 41 57 59 46 31 80 72 94 53 47 0 42 60 55 42 69 95 45 72 27 105 50 78 74 71 31 72 35 
62 71 27 103 4 41 22 62 75 65 84 70 31 23 33 53 54 67 57 83 35 25 28 50 17 64 52 49 61 103 17 21 42 0 45 67 5 75 73 35 88 32 112 80 76 60 59 12 71 65 
22 42 20 62 47 6 37 17 57 20 78 42 29 35 32 36 14 33 17 65 15 35 21 10 47 43 43 28 16 63 60 66 60 45 0 39 50 37 35 15 56 33 70 65 32 15 13 51 29 56 
20 76 53 41 71 36 47 31 22 40 46 77 37 68 69 74 49 66 23 28 52 69 41 28 77 11 25 67 37 39 84 85 55 67 39 0 72 16 65 35 21 37 50 30 30 41 38 66 25 29 
67 75 32 108 5 46 25 67 78 70 86 74 35 27 37 57 59 71 62 86 40 29 33 55 18 68 56 54 66 108 13 15 42 5 50 72 0 80 78 40 92 36 117 83 81 65 64 12 76 67 
15 68 55 28 78 38 57 24 36 30 61 70 46 71 69 70 43 58 20 40 52 71 47 28 82 27 39 63 29 28 92 94 69 75 37 16 80 0 55 40 21 48 38 44 16 33 31 75 12 45 
45 15 46 67 74 41 71 34 87 26 110 17 64 53 45 29 22 8 43 93 38 52 55 41 67 73 77 27 29 71 84 92 95 73 35 65 78 55 0 50 76 69 72 95 40 24 27 82 43 89 
27 55 18 68 38 9 22 28 50 33 68 55 14 33 35 46 29 47 22 57 19 34 8 15 42 36 32 38 29 68 52 55 45 35 15 35 40 40 50 0 55 19 77 57 41 30 27 38 36 45 
34 89 72 29 91 55 68 44 27 51 49 90 57 88 88 91 64 79 39 26 70 88 62 46 98 26 42 83 50 25 105 106 72 88 56 21 92 21 76 55 0 57 36 32 36 54 52 86 33 40 
39 73 30 76 36 27 10 43 43 50 55 73 5 42 47 62 47 65 35 51 36 43 16 31 46 32 21 55 46 75 49 48 27 32 33 37 36 48 69 19 57 0 86 48 54 48 45 28 48 34 
50 88 90 9 115 72 95 53 63 55 85 89 84 105 101 96 71 79 55 62 85 105 84 62 117 60 75 91 56 12 128 132 105 112 70 50 117 38 72 77 36 86 0 68 38 60 59 113 41 76 
50 105 74 61 84 61 58 61 8 70 17 106 51 88 92 101 77 96 52 6 76 89 60 56 94 22 28 93 66 57 96 93 50 80 65 30 83 44 95 57 32 48 68 0 60 71 68 73 55 16 
16 54 52 30 78 35 62 15 52 18 77 56 51 67 63 60 33 45 20 56 46 66 49 26 79 41 51 53 18 33 92 96 78 76 32 30 81 16 40 41 36 54 38 60 0 22 21 79 6 59 
21 35 34 52 62 21 52 10 62 5 86 36 43 47 42 38 11 25 19 69 27 46 36 18 60 49 53 31 5 55 75 81 74 60 15 41 65 33 24 30 54 48 60 71 22 0 3 66 22 65 
18 38 33 52 61 19 49 8 59 6 82 39 40 46 42 39 12 28 16 66 26 46 34 15 60 46 50 32 3 54 73 79 71 59 13 38 64 31 27 27 52 45 59 68 21 3 0 64 20 62 
64 81 35 104 15 45 18 66 69 70 76 80 29 35 44 64 61 76 59 77 44 37 30 53 29 61 47 60 66 103 23 20 31 12 51 66 12 75 82 38 86 28 113 73 79 66 64 0 74 58 
10 56 48 33 74 31 56 13 47 18 71 57 45 64 61 59 32 46 14 52 43 63 44 21 76 35 45 52 17 34 87 91 72 71 29 25 76 12 43 36 33 48 41 55 6 22 20 74 0 53 
46 98 62 68 68 51 43 56 14 65 22 98 37 75 79 91 70 88 46 21 65 76 47 48 79 18 14 83 61 64 80 77 35 65 56 29 67 45 89 45 40 34 76 16 59 65 62 58 53 0 
0 1000
167 807
72 761
4586 5001
3518 4325
2074 2413
1095 1452
1869 2349
3252 3319
1588 2169
488 953
4324 4837
4392 5190
2781 3229
3580 4287
1470 1850
1427 1589
3371 3884
3420 4352
3996 4335
2058 2809
1230 2165
4158 4291
348 1039
3101 3341
960 1943
4026 4779
2033 2210
4489 5208
2586 3203
3014 3161
1711 2614
631 1025
3704 4574
4257 5244
3276 3813
2379 2646
1313 1819
1397 1445
4205 4966
3822 4801
2875 3632
802 1426
915 1658
3871 4365
1817 2056
2152 3077
291 789
1933 2735
2300 2998
34.66391907965851 10.460219148695826 54.08164058971913 7.968015425649366 80.83671692804609 46.17835241583486 76.81856354322788 28.445976568277953 63.251899420607174 21.88479224044696 85.1071257866703 11.3742618758784 67.68781949312555 59.05973903919342 49.56645238036488 29.376647934383193 28.215325096581477 14.057632460822234 37.574290016951096 62.5555039592039 45.88571142420973 57.435141574193175 60.93248924057002 41.11357584555856 71.99456203321589 57.29305446402561 70.12887159422264 31.972028700058054 26.277832089737263 11.81590129161515 89.36767683181291 98.90439468717793 97.59925887687962 80.63998101930106 40.06960862504734 46.59816945668076 85.29407998971246 30.972050575305367 7.869903193516025 54.66099956957916 36.67762591963617 71.84498629259427 0.27046279300596554 68.64209823030394 19.404697967178052 24.941077492079156 27.513247112954442 89.42459409669635 25.487085888238205 74.94847272089828 
56.74323197923579 5.822414230018236 21.071064796097026 87.73567501749001 11.126413684992187 36.69103484331864 36.703692724379465 47.58869746267178 87.53763321938348 42.19001587605086 99.08175966176604 4.305229867151928 42.89591248876654 5.948232473116077 4.250772271458192 0.8332639239718942 27.75265229322702 15.260001731957784 52.287108019946714 95.64392898635236 21.50371589846827 5.229732326545522 34.24635814042033 45.50066641431432 0.2361094604867442 74.79014348558857 66.23776756603841 7.94427200917156 42.6599290784206 91.27647306213603 0.37792738689395033 5.588622886873484 52.937067401469164 14.959881861250446 35.1305765804178 73.08206694427126 12.731536621992834 71.08095038945244 20.798051538282703 38.7109402086152 91.11661719308816 45.73972043457356 92.78324638706755 93.78023961021825 59.5629149179293 38.159590502457654 40.02868103877218 23.518398522991756 59.88208323718713 79.2684865331258 