50
0 40 23 21 28 15 71 33 56 50 19 37 55 12 26 36 37 54 48 38 51 38 47 50 14 49 55 57 42 26 62 22 43 25 41 55 17 21 19 16 50 31 58 13 58 42 29 28 55 58 
40 0 38 40 52 51 62 33 67 32 34 77 48 48 45 41 15 72 27 75 22 54 65 80 45 44 17 37 20 62 22 33 83 64 20 51 55 56 49 49 32 70 95 31 92 75 48 51 15 33 
23 38 0 43 51 37 87 49 78 31 6 53 71 36 7 55 27 37 58 58 57 18 70 73 37 66 54 68 50 30 58 40 59 37 49 72 39 43 15 40 61 48 78 30 80 39 51 51 51 67 
21 40 43 0 12 19 51 17 36 63 37 45 35 16 47 16 46 75 36 39 42 59 28 40 10 30 51 42 32 44 59 7 50 39 31 35 22 21 40 13 35 39 56 13 52 62 9 10 54 46 
28 52 51 12 0 18 53 25 30 74 45 40 39 17 54 21 57 80 45 30 52 66 20 28 14 34 62 50 43 46 71 19 43 38 41 37 20 16 45 13 43 34 46 24 41 63 6 2 66 55 
15 51 37 19 18 0 69 35 48 65 33 27 54 4 39 35 52 63 54 24 59 49 37 36 9 49 65 61 49 27 73 24 32 21 47 53 3 6 28 6 53 20 44 21 44 45 22 19 67 64 
71 62 87 51 53 69 0 38 34 94 81 93 16 66 93 35 76 123 35 82 43 105 44 67 61 22 57 27 42 95 65 49 96 90 42 16 72 69 89 63 29 87 92 59 83 113 47 51 64 34 
33 33 49 17 25 35 38 0 35 61 43 62 22 32 55 8 43 85 20 55 27 67 33 51 27 16 39 25 18 59 47 12 66 55 16 23 39 37 51 30 18 55 71 21 66 76 19 23 43 29 
56 67 78 36 30 48 34 35 0 95 72 65 28 47 82 27 77 110 48 53 57 94 12 34 43 28 71 46 50 75 80 39 67 67 49 24 50 45 74 42 43 60 60 48 50 92 27 29 76 54 
50 32 31 63 74 65 94 61 95 0 33 84 79 62 36 69 18 53 59 88 53 38 91 100 62 75 43 69 52 61 41 57 90 68 52 82 67 71 47 65 64 79 108 50 109 68 71 72 37 64 
19 34 6 37 45 33 81 43 72 33 0 51 65 31 12 49 25 42 52 55 52 24 65 69 32 60 51 62 45 30 55 34 57 35 44 66 35 39 16 35 56 45 75 24 76 42 45 45 48 61 
37 77 53 45 40 27 93 62 65 84 51 0 78 31 51 60 74 63 81 14 86 57 53 38 36 74 92 87 76 26 99 51 6 16 74 77 24 25 38 32 80 7 28 47 35 36 45 42 92 91 
55 48 71 35 39 54 16 22 28 79 65 78 0 51 77 19 61 107 23 68 32 89 34 58 46 6 46 18 28 79 55 33 82 74 28 4 57 54 73 48 17 72 81 42 73 96 33 37 53 26 
12 48 36 16 17 4 66 32 47 62 31 31 51 0 38 31 48 63 50 28 55 49 37 38 5 46 61 57 45 29 69 20 36 24 44 50 7 9 28 4 50 24 47 17 47 47 20 18 63 60 
26 45 7 47 54 39 93 55 82 36 12 51 77 38 0 60 34 30 65 57 64 12 74 75 40 72 62 75 57 26 65 45 56 34 56 78 40 45 12 42 68 46 77 35 80 33 55 54 58 74 
36 41 55 16 21 35 35 8 27 69 49 60 19 31 60 0 51 89 26 51 34 72 25 45 26 14 46 29 25 60 55 15 64 55 24 19 37 35 54 28 23 53 66 25 60 77 15 19 51 34 
37 15 27 46 57 52 76 43 77 18 25 74 61 48 34 51 0 59 41 75 37 41 73 84 47 56 30 51 34 55 32 40 80 59 34 63 54 57 41 51 47 68 95 33 95 66 54 56 25 47 
54 72 37 75 80 63 123 85 110 53 42 63 107 63 30 89 59 0 94 75 93 19 100 96 67 101 89 104 87 39 90 75 68 49 86 108 63 68 36 68 98 62 91 65 97 30 82 81 84 103 
48 27 58 36 45 54 35 20 48 59 52 81 23 50 65 26 41 94 0 74 9 75 50 71 45 20 23 10 8 74 32 30 86 72 8 26 57 56 64 49 6 74 91 35 85 90 39 43 30 10 
38 75 58 39 30 24 82 55 53 88 55 14 68 28 57 51 75 75 74 0 80 66 40 24 31 64 88 80 71 36 96 45 15 25 69 66 21 19 45 27 73 13 20 45 23 48 36 32 90 84 
51 22 57 42 52 59 43 27 57 53 52 86 32 55 64 34 37 93 9 80 0 74 59 78 50 29 14 16 10 76 23 35 91 76 11 35 62 62 65 54 15 79 98 39 93 91 46 50 21 11 
38 54 18 59 66 49 105 67 94 38 24 57 89 49 12 72 41 19 75 66 74 0 85 85 52 83 70 86 68 31 72 57 62 41 67 90 50 55 21 53 79 54 84 47 89 31 67 65 66 84 
47 65 70 28 20 37 44 33 12 91 65 53 34 37 74 25 73 100 50 40 59 85 0 24 33 33 72 51 51 64 81 34 55 56 50 31 39 33 65 32 46 48 49 42 39 81 20 20 76 58 
50 80 73 40 28 36 67 51 34 100 69 38 58 38 75 45 84 96 71 24 78 85 24 0 38 55 90 73 69 58 98 47 38 47 68 55 35 30 63 35 67 36 25 51 16 72 32 29 93 79 
14 45 37 10 14 9 61 27 43 62 32 36 46 5 40 26 47 67 45 31 50 52 33 38 0 40 58 52 40 34 65 15 41 29 39 45 12 12 31 4 45 29 50 14 48 52 16 14 59 55 
49 44 66 30 34 49 22 16 28 75 60 74 6 46 72 14 56 101 20 64 29 83 33 55 40 0 44 18 24 74 53 27 78 69 24 7 52 49 67 43 15 67 78 37 71 91 28 32 50 26 
55 17 54 51 62 65 57 39 71 43 51 92 46 61 62 46 30 89 23 88 14 70 72 90 58 44 0 30 21 79 9 44 97 80 22 50 69 70 65 62 30 85 107 44 103 92 57 60 7 23 
57 37 68 42 50 61 27 25 46 69 62 87 18 57 75 29 51 104 10 80 16 86 51 73 52 18 30 0 18 83 38 37 92 80 19 22 64 63 73 55 7 81 95 44 88 99 43 48 37 8 
42 20 50 32 43 49 42 18 50 52 45 76 28 45 57 25 34 87 8 71 10 68 51 69 40 24 21 18 0 68 30 25 81 66 2 31 52 52 57 44 13 69 88 29 83 83 37 41 26 17 
26 62 30 44 46 27 95 59 75 61 30 26 79 29 26 60 55 39 74 36 76 31 64 58 34 74 79 83 68 0 84 47 31 11 66 79 26 31 15 33 75 23 54 39 59 17 49 47 77 84 
62 22 58 59 71 73 65 47 80 41 55 99 55 69 65 55 32 90 32 96 23 72 81 98 65 53 9 38 30 84 0 52 104 86 31 59 76 77 70 69 38 92 115 52 112 97 66 69 7 31 
22 33 40 7 19 24 49 12 39 57 34 51 33 20 45 15 40 75 30 45 35 57 34 47 15 27 44 37 25 47 52 0 56 43 24 33 27 27 40 19 29 44 63 10 60 64 15 17 47 40 
43 83 59 50 43 32 96 66 67 90 57 6 82 36 56 64 80 68 86 15 91 62 55 38 41 78 97 92 81 31 104 56 0 22 80 80 29 29 44 37 85 12 24 53 32 39 49 45 98 96 
25 64 37 39 38 21 90 55 67 68 35 16 74 24 34 55 59 49 72 25 76 41 56 47 29 69 80 80 66 11 86 43 22 0 65 74 18 23 22 27 73 13 43 37 48 25 43 39 79 82 
41 20 49 31 41 47 42 16 49 52 44 74 28 44 56 24 34 86 8 69 11 67 50 68 39 24 22 19 2 66 31 24 80 65 0 31 51 51 56 43 13 68 87 28 82 82 36 39 27 18 
55 51 72 35 37 53 16 23 24 82 66 77 4 50 78 19 63 108 26 66 35 90 31 55 45 7 50 22 31 79 59 33 80 74 31 0 56 53 73 47 20 71 79 43 71 96 31 35 56 30 
17 55 39 22 20 3 72 39 50 67 35 24 57 7 40 37 54 63 57 21 62 50 39 35 12 52 69 64 52 26 76 27 29 18 51 56 0 5 28 9 57 17 41 24 42 43 25 21 70 67 
21 56 43 21 16 6 69 37 45 71 39 25 54 9 45 35 57 68 56 19 62 55 33 30 12 49 70 63 52 31 77 27 29 23 51 53 5 0 34 8 55 18 38 26 38 48 21 17 71 66 
19 49 15 40 45 28 89 51 74 47 16 38 73 28 12 54 41 36 64 45 65 21 65 63 31 67 65 73 57 15 70 40 44 22 56 73 28 34 0 32 66 34 64 31 68 27 47 45 63 74 
16 49 40 13 13 6 63 30 42 65 35 32 48 4 42 28 51 68 49 27 54 53 32 35 4 43 62 55 44 33 69 19 37 27 43 47 9 8 32 0 48 25 46 18 44 51 16 13 63 59 
50 32 61 35 43 53 29 18 43 64 56 80 17 50 68 23 47 98 6 73 15 79 46 67 45 15 30 7 13 75 38 29 85 73 13 20 57 55 66 48 0 73 88 36 82 92 37 41 36 12 
31 70 48 39 34 20 87 55 60 79 45 7 72 24 46 53 68 62 74 13 79 54 48 36 29 67 85 81 69 23 92 44 12 13 68 71 17 18 34 25 73 0 31 41 35 36 39 35 86 84 
58 95 78 56 46 44 92 71 60 108 75 28 81 47 77 66 95 91 91 20 98 84 49 25 50 78 107 95 88 54 115 63 24 43 87 79 41 38 64 46 88 31 0 64 11 63 52 48 109 100 
13 31 30 13 24 21 59 21 48 50 24 47 42 17 35 25 33 65 35 45 39 47 42 51 14 37 44 44 29 39 52 10 53 37 28 43 24 26 31 18 36 41 64 0 62 55 22 23 46 45 
58 92 80 52 41 44 83 66 50 109 76 35 73 47 80 60 95 97 85 23 93 89 39 16 48 71 103 88 83 59 112 60 32 48 82 71 42 38 68 44 82 35 11 62 0 70 46 43 106 94 
42 75 39 62 63 45 113 76 92 68 42 36 96 47 33 77 66 30 90 48 91 31 81 72 52 91 92 99 83 17 97 64 39 25 82 96 43 48 27 51 92 36 63 55 70 0 67 64 90 100 
29 48 51 9 6 22 47 19 27 71 45 45 33 20 55 15 54 82 39 36 46 67 20 32 16 28 57 43 37 49 66 15 49 43 36 31 25 21 47 16 37 39 52 22 46 67 0 4 61 49 
28 51 51 10 2 19 51 23 29 72 45 42 37 18 54 19 56 81 43 32 50 65 20 29 14 32 60 48 41 47 69 17 45 39 39 35 21 17 45 13 41 35 48 23 43 64 4 0 64 53 
55 15 51 54 66 67 64 43 76 37 48 92 53 63 58 51 25 84 30 90 21 66 76 93 59 50 7 37 26 77 7 47 98 79 27 56 70 71 63 63 36 86 109 46 106 90 61 64 0 31 
58 33 67 46 55 64 34 29 54 64 61 91 26 60 74 34 47 103 10 84 11 84 58 79 55 26 23 8 17 84 31 40 96 82 18 30 67 66 74 59 12 84 100 45 94 100 49 53 31 0 
0 1000
1148 1573
4009 4346
1707 2607
4088 4777
4174 4854
219 740
571 1200
2636 2709
2130 2299
3391 3552
3193 4141
3765 4022
4197 5115
3974 4707
323 627
1851 2085
810 1314
3793 4428
984 1687
3678 4296
434 1142
2221 2804
128 689
4474 4871
2014 2948
2517 3366
4656 5428
3661 3829
4516 4967
626 1505
4381 4934
3570 4135
4272 4586
1539 2030
3738 4183
1648 2141
3089 3694
1926 2328
3876 4367
3472 4372
2884 3126
2361 3321
917 1761
1279 2219
46 392
2996 3826
1403 1749
3329 4054
2728 3583
52.40196249407374 67.29324372761201 75.89478432418498 35.15879798848482 25.294500619058503 39.13283933902123 8.661736547004484 35.67569641979868 1.2590962417801776 96.60685241556568 70.65657384257432 34.66034105734255 19.87928874980688 40.29859481257265 77.98520679348412 27.833635317156215 78.56318046107205 97.91898492993177 42.74656085516659 23.53286283951801 51.084754135375185 88.12940653058536 6.719508684024634 3.3611693358555406 38.68925990259788 23.781843445260787 65.36754677881925 35.15389284794298 47.92925106257109 59.3129793574932 73.1901102336826 39.928968309885924 30.63976467629318 48.774650211522484 47.46380176597008 16.878795000961087 38.484897254083364 33.22446317922226 66.66551080257034 36.3095432868325 36.490211148723276 36.075653838396725 7.021275158264939 48.32770398018658 0.6021949877818344 69.9235059930648 26.273371123855306 25.952637759170994 72.40434049708804 42.33671112806733 
40.53134109498351 77.14596597487039 40.57908838652 52.79272898870515 46.162253074478734 34.08852995996695 96.31691028775036 69.3013964712784 63.61629795084932 64.25533649031858 43.608578939864216 7.531065024503625 84.44215217253819 37.92431021430653 33.68584297853644 66.72563253768483 67.31701196602765 11.471029066294825 87.77245041348414 16.049968631071643 91.44206003271347 27.515314869973515 52.60338108938117 29.206607923335113 42.92377330647936 80.42813678620273 93.90658409687475 94.77648952491747 82.34497844524526 15.540536069324663 98.41189735215644 58.26031746704611 3.003997895715993 15.883229311237102 80.83036889552821 82.18301054528156 30.806792429768237 32.226321803764904 28.491945540659614 39.65178918093112 87.49889019707149 14.17083959873412 4.091462391675648 53.011507961488135 13.582233468518545 1.9417018036748779 52.22349684176122 48.10783256081651 91.72570923409575 97.99204790505303 