50
0 13 20 26 60 52 36 2 44 36 50 40 13 18 5 61 63 21 33 30 39 39 51 59 31 21 20 21 37 74 48 41 31 50 21 39 64 81 38 40 55 62 38 44 73 61 50 41 56 58 
13 0 24 13 69 61 42 11 48 45 63 48 18 30 10 64 76 20 44 32 41 40 64 69 32 9 8 10 45 87 53 53 18 51 9 35 77 94 51 37 68 75 29 42 86 73 54 49 68 61 
20 24 0 35 47 39 56 21 24 23 59 58 7 18 24 81 65 7 27 50 59 19 57 46 51 25 24 23 55 75 29 51 35 71 25 58 72 83 43 23 63 67 29 26 75 72 70 60 48 78 
26 13 35 0 81 73 48 24 58 57 74 56 29 43 21 66 88 29 57 36 43 48 76 81 34 11 11 13 52 99 62 64 9 52 11 33 88 106 64 41 79 87 29 46 98 84 57 55 80 63 
60 69 47 81 0 9 85 62 30 25 61 80 52 43 66 111 48 53 30 85 93 42 54 2 89 71 71 70 80 52 28 60 81 105 72 98 67 61 46 56 62 55 71 54 56 74 100 85 17 108 
52 61 39 73 9 0 77 53 24 16 55 72 44 34 57 103 46 45 21 76 85 36 49 8 80 63 62 62 72 51 24 53 73 97 63 89 63 60 39 50 57 52 64 49 55 68 92 77 15 100 
36 42 56 48 85 77 0 37 77 65 42 12 49 45 35 26 64 57 56 12 13 74 48 83 17 51 50 53 8 75 82 34 57 22 51 27 53 78 44 77 47 59 72 81 71 45 15 8 75 23 
2 11 21 24 62 53 37 0 44 37 51 41 13 20 4 61 65 20 34 29 38 39 53 61 31 19 18 20 38 76 49 42 29 50 20 38 66 82 40 40 57 64 37 44 75 63 50 42 58 58 
44 48 24 58 30 24 77 44 0 17 69 76 31 33 48 103 66 29 29 73 82 13 64 30 75 47 47 45 75 73 5 64 56 94 47 82 79 82 51 26 72 70 42 25 76 82 92 79 39 100 
36 45 23 57 25 16 65 37 17 0 52 62 27 20 41 91 49 30 12 63 71 25 47 24 66 47 46 46 61 58 20 47 57 84 47 75 62 66 34 37 55 53 49 38 60 65 80 66 26 88 
50 63 59 74 61 55 42 51 69 52 0 31 56 41 53 61 24 65 40 50 54 73 9 59 56 71 70 71 34 34 72 10 80 63 71 67 14 36 17 82 6 18 86 84 30 14 52 36 46 59 
40 48 58 56 80 72 12 41 76 62 31 0 52 44 40 31 54 60 52 23 24 76 38 78 28 57 57 59 4 65 81 24 65 32 58 39 42 67 36 80 36 49 77 83 60 33 22 5 68 29 
13 18 7 29 52 44 49 13 31 27 56 52 0 17 17 74 65 9 28 43 52 26 55 51 44 20 19 19 49 75 36 48 31 63 20 51 70 83 42 28 61 66 30 32 75 69 63 53 51 71 
18 30 18 43 43 34 45 20 33 20 41 44 17 0 24 71 48 24 14 43 52 33 39 42 46 35 34 35 42 59 37 34 46 64 36 55 54 66 25 41 45 49 46 43 59 54 60 47 38 68 
5 10 24 21 66 57 35 4 48 41 53 40 17 24 0 58 67 23 38 26 35 42 55 65 27 18 18 19 36 78 53 43 28 47 19 34 67 85 42 42 58 66 38 47 77 64 47 40 62 55 
61 64 81 66 111 103 26 61 103 91 61 31 74 71 58 0 85 81 81 32 23 99 69 109 32 71 71 73 31 94 107 55 75 15 72 35 69 95 68 100 65 78 93 105 89 59 11 27 100 3 
63 76 65 88 48 46 64 65 66 49 24 54 65 48 67 85 0 72 39 71 77 74 16 46 77 83 82 83 57 11 67 31 93 86 83 88 21 18 25 86 20 8 94 86 11 31 76 59 32 83 
21 20 7 29 53 45 57 20 29 30 65 60 9 24 23 81 72 0 34 49 58 20 63 53 50 19 18 17 57 82 33 56 28 70 19 55 78 90 49 20 69 73 22 24 82 77 70 61 55 78 
33 44 27 57 30 21 56 34 29 12 40 52 28 14 38 81 39 34 0 55 64 35 35 28 59 48 48 48 51 49 32 35 59 76 49 69 50 57 22 46 43 42 55 47 50 53 71 56 24 79 
30 32 50 36 85 76 12 29 73 63 50 23 43 43 26 32 71 49 55 0 9 68 56 83 6 40 40 42 19 82 77 41 46 21 41 17 63 86 48 68 56 67 62 73 79 56 21 20 77 29 
39 41 59 43 93 85 13 38 82 71 54 24 52 52 35 23 77 58 64 9 0 77 61 92 9 48 48 50 21 87 87 46 52 12 49 16 66 91 55 77 60 72 69 82 84 58 14 20 85 21 
39 40 19 48 42 36 74 39 13 25 73 76 26 33 42 99 74 20 35 68 77 0 70 43 69 37 37 35 74 82 16 67 44 89 37 75 85 91 56 14 77 77 29 13 84 87 89 78 50 97 
51 64 57 76 54 49 48 53 64 47 9 38 55 39 55 69 16 63 35 56 61 70 0 51 61 72 71 72 41 27 67 15 82 70 72 73 15 31 14 80 8 12 85 81 23 20 60 43 38 67 
59 69 46 81 2 8 83 61 30 24 59 78 51 42 65 109 46 53 28 83 92 43 51 0 87 71 70 70 78 50 29 58 81 104 71 97 65 59 44 56 59 53 71 55 54 71 98 83 14 106 
31 32 51 34 89 80 17 31 75 66 56 28 44 46 27 32 77 50 59 6 9 69 61 87 0 39 39 41 24 88 80 47 43 20 40 12 69 92 54 68 61 73 60 73 85 61 23 25 81 30 
21 9 25 11 71 63 51 19 47 47 71 57 20 35 18 71 83 19 48 40 48 37 72 71 39 0 1 2 54 94 52 61 11 58 0 41 85 101 59 32 76 83 21 37 93 82 62 57 72 69 
20 8 24 11 71 62 50 18 47 46 70 57 19 34 18 71 82 18 48 40 48 37 71 70 39 1 0 2 53 93 51 60 12 58 1 41 84 100 58 31 75 82 22 36 92 81 61 57 71 69 
21 10 23 13 70 62 53 20 45 46 71 59 19 35 19 73 83 17 48 42 50 35 72 70 41 2 2 0 55 93 50 62 11 60 2 43 85 100 58 29 76 83 19 34 93 82 64 59 70 71 
37 45 55 52 80 72 8 38 75 61 34 4 49 42 36 31 57 57 51 19 21 74 41 78 24 54 53 55 0 67 79 26 61 29 54 35 45 70 37 77 39 51 74 81 63 37 20 4 69 28 
74 87 75 99 52 51 75 76 73 58 34 65 75 59 78 94 11 82 49 82 87 82 27 50 88 94 93 93 67 0 74 41 104 96 94 99 27 9 36 95 29 16 104 95 6 38 86 70 36 92 
48 53 29 62 28 24 82 49 5 20 72 81 36 37 53 107 67 33 32 77 87 16 67 29 80 52 51 50 79 74 0 67 60 99 52 87 82 83 54 29 74 72 45 27 77 85 96 84 39 105 
41 53 51 64 60 53 34 42 64 47 10 24 48 34 43 55 31 56 35 41 46 67 15 58 47 61 60 62 26 41 67 0 71 55 62 58 24 45 14 74 15 26 77 77 38 21 46 29 46 53 
31 18 35 9 81 73 57 29 56 57 80 65 31 46 28 75 93 28 59 46 52 44 82 81 43 11 12 11 61 104 60 71 0 61 10 42 95 111 69 36 86 93 21 41 104 91 66 64 82 72 
50 51 71 52 105 97 22 50 94 84 63 32 63 64 47 15 86 70 76 21 12 89 70 104 20 58 58 60 29 96 99 55 61 0 59 19 74 99 66 88 68 81 79 93 92 64 12 27 96 13 
21 9 25 11 72 63 51 20 47 47 71 58 20 36 19 72 83 19 49 41 49 37 72 71 40 0 1 2 54 94 52 62 10 59 0 41 85 101 59 31 76 83 21 36 93 82 62 58 72 69 
39 35 58 33 98 89 27 38 82 75 67 39 51 55 34 35 88 55 69 17 16 75 73 97 12 41 41 43 35 99 87 58 42 19 41 0 80 103 65 72 73 84 62 77 96 72 28 35 92 32 
64 77 72 88 67 63 53 66 79 62 14 42 70 54 67 69 21 78 50 63 66 85 15 65 69 85 84 85 45 27 82 24 95 74 85 80 0 26 29 95 9 13 100 97 21 11 62 47 51 68 
81 94 83 106 61 60 78 82 82 66 36 67 83 66 85 95 18 90 57 86 91 91 31 59 92 101 100 100 70 9 83 45 111 99 101 103 26 0 42 103 31 19 112 104 8 37 88 72 45 94 
38 51 43 64 46 39 44 40 51 34 17 36 42 25 42 68 25 49 22 48 55 56 14 44 54 59 58 58 37 36 54 14 69 66 59 65 29 42 0 66 21 24 71 68 35 31 58 41 32 65 
40 37 23 41 56 50 77 40 26 37 82 80 28 41 42 100 86 20 46 68 77 14 80 56 68 32 31 29 77 95 29 74 36 88 31 72 95 103 66 0 86 88 17 5 96 95 90 81 63 97 
55 68 63 79 62 57 47 57 72 55 6 36 61 45 58 65 20 69 43 56 60 77 8 59 61 76 75 76 39 29 74 15 86 68 76 73 9 31 21 86 0 13 91 88 24 12 57 41 46 63 
62 75 67 87 55 52 59 64 70 53 18 49 66 49 66 78 8 73 42 67 72 77 12 53 73 83 82 83 51 16 72 26 93 81 83 84 13 19 24 88 13 0 95 90 12 23 70 54 39 76 
38 29 29 29 71 64 72 37 42 49 86 77 30 46 38 93 94 22 55 62 69 29 85 71 60 21 22 19 74 104 45 77 21 79 21 62 100 112 71 17 91 95 0 21 104 98 83 78 75 90 
44 42 26 46 54 49 81 44 25 38 84 83 32 43 47 105 86 24 47 73 82 13 81 55 73 37 36 34 81 95 27 77 41 93 36 77 97 104 68 5 88 90 21 0 97 98 94 85 63 102 
73 86 75 98 56 55 71 75 76 60 30 60 75 59 77 89 11 82 50 79 84 84 23 54 85 93 92 93 63 6 77 38 104 92 93 96 21 8 35 96 24 12 104 97 0 32 82 65 40 88 
61 73 72 84 74 68 45 63 82 65 14 33 69 54 64 59 31 77 53 56 58 87 20 71 61 82 81 82 37 38 85 21 91 64 82 72 11 37 31 95 12 23 98 98 32 0 52 38 58 58 
50 54 70 57 100 92 15 50 92 80 52 22 63 60 47 11 76 70 71 21 14 89 60 98 23 62 61 64 20 86 96 46 66 12 62 28 62 88 58 90 57 70 83 94 82 52 0 17 89 8 
41 49 60 55 85 77 8 42 79 66 36 5 53 47 40 27 59 61 56 20 20 78 43 83 25 57 57 59 4 70 84 29 64 27 58 35 47 72 41 81 41 54 78 85 65 38 17 0 73 24 
56 68 48 80 17 15 75 58 39 26 46 68 51 38 62 100 32 55 24 77 85 50 38 14 81 72 71 70 69 36 39 46 82 96 72 92 51 45 32 63 46 39 75 63 40 58 89 73 0 97 
58 61 78 63 108 100 23 58 100 88 59 29 71 68 55 3 83 78 79 29 21 97 67 106 30 69 69 71 28 92 105 53 72 13 69 32 68 94 65 97 63 76 90 102 88 58 8 24 97 0 
0 1000
2932 3590
3327 3868
3895 4413
330 1143
981 1583
5021 5884
2980 3833
4239 4290
3555 4044
78 98
815 1438
4830 5264
1857 2058
602 1435
3733 4201
1387 1485
3984 4599
4886 5422
514 1443
2490 3389
3224 3285
4952 5389
2228 3162
2036 2507
884 1058
3374 3380
2694 3147
2126 2331
4555 5009
4726 4947
4423 4961
2620 3012
1276 1886
1970 2602
3060 3268
1742 2113
209 746
680 1166
3495 4343
4099 4319
1645 2643
1533 2001
2313 2562
4346 5313
4139 4848
1158 1922
2811 3056
302 711
1180 1949
41.75709415809236 32.29864915223145 27.472041003771153 26.082757418641023 37.22928342180462 38.29568852056514 73.96867109379282 40.62827643365217 18.597343364015416 35.58382256102327 85.92905337133291 80.70967544957038 31.65113057126242 45.106842205849354 41.23326757031295 89.41776422352802 83.5994785944334 23.06542200820495 47.27062663515233 62.411299316734556 68.2191236033162 12.820359454723606 82.2880071727902 39.50920091759323 59.32995225472337 23.492975997350086 24.085853459203076 22.130546628007973 77.38967926148833 89.18007007745294 16.541999356928528 78.71278601083563 16.950990312658277 74.2271439632369 23.033693428156344 54.887606691377634 97.68339255349228 98.33348338778197 68.90364059655508 4.310608726893827 89.53164418410324 88.69318666598046 3.7844841459425127 1.681276815113486 93.07969764936941 99.28876903254378 82.27034044411292 80.78337143575332 52.986562684095674 87.29964287985378 
60.88576154513422 70.13964143927802 46.41369013968427 81.09958930896319 0.8206055111299904 9.46574651630554 77.58450022493099 62.29584871751535 23.81524392048926 25.368551539583585 37.80525236481416 68.2136361177587 52.471058163273675 42.868038520441154 66.24458423183476 98.41879572293351 13.860204184525859 52.32104362052009 28.679552963818868 81.95007705849127 88.92154080805665 35.08737815301319 29.911538317528574 1.7245341830707916 86.70526081020444 70.90341023958827 70.21186443013367 69.02829427518674 70.31363773753483 4.233240350601375 19.533084047001235 44.291059268472935 79.29163537915174 99.51429542907664 70.9036111920383 97.37421231675522 29.857080581355067 3.513423528889259 34.01474237725072 45.901279046875295 33.28997644251944 20.206154300402236 62.90576657049042 41.59576680097674 9.112298459878321 40.36786949497092 90.0016154843149 73.25794892967488 5.74802102120715 96.63319304834613 