50
0 89 37 39 72 49 89 57 92 54 18 92 8 1 97 34 44 39 17 29 63 40 51 37 33 43 101 37 60 85 59 89 14 33 40 90 44 35 82 60 80 47 80 37 25 61 83 101 71 10 
89 0 53 98 83 43 53 56 5 43 79 63 85 90 91 93 81 99 74 71 88 70 43 58 105 50 12 58 48 92 75 88 76 60 100 4 49 106 61 31 91 88 77 73 68 44 7 21 21 89 
37 53 0 56 66 14 66 39 55 26 30 72 32 37 87 50 47 57 22 23 63 35 17 14 59 11 65 12 31 79 53 80 23 17 58 54 17 60 63 24 76 54 69 35 21 30 46 67 35 38 
39 98 56 0 42 70 75 46 102 55 28 74 46 38 68 6 19 1 49 63 31 28 73 65 13 66 108 64 87 53 35 60 45 40 2 97 50 13 63 78 49 16 55 25 36 86 93 102 86 29 
72 83 66 42 0 76 41 30 88 47 53 36 75 71 26 42 28 43 72 84 12 34 78 79 55 76 90 78 94 14 13 18 70 50 43 81 51 55 28 77 10 27 13 35 52 91 80 78 81 62 
49 43 14 70 76 0 68 47 44 30 44 76 43 50 95 64 60 71 33 28 75 47 3 15 73 7 55 14 19 88 63 89 35 30 72 46 25 74 68 12 85 67 76 48 35 16 37 60 23 51 
89 53 66 75 41 68 0 33 59 40 72 10 90 89 39 72 56 76 82 89 51 52 70 79 87 72 56 77 84 43 41 38 81 57 77 50 50 87 13 63 44 60 29 55 64 80 54 41 61 83 
57 56 39 46 30 47 33 0 61 17 39 36 57 56 48 42 27 46 51 60 32 19 49 53 56 48 65 51 65 42 19 42 50 26 48 55 23 57 26 48 39 33 30 23 32 62 53 57 52 50 
92 5 55 102 88 44 59 61 0 47 82 68 87 92 96 97 86 103 76 72 93 74 44 59 109 51 12 59 47 97 80 93 78 64 104 9 53 110 67 32 96 93 82 77 71 43 9 25 21 92 
54 43 26 55 47 30 40 17 47 0 39 46 52 54 64 50 39 56 43 49 48 27 33 39 63 33 53 37 49 59 36 59 43 21 57 42 10 64 38 30 56 46 46 30 29 45 38 49 35 50 
18 79 30 28 53 44 72 39 82 39 0 74 22 18 79 22 26 28 22 36 46 21 47 38 28 40 90 37 60 67 41 71 18 19 30 79 30 30 64 54 62 31 62 18 11 59 73 88 64 11 
92 63 72 74 36 76 10 36 68 46 74 0 93 92 29 72 56 75 87 94 47 54 78 85 86 79 66 84 92 36 39 29 85 62 75 60 56 86 11 71 37 58 23 57 68 88 63 50 70 85 
8 85 32 46 75 43 90 57 87 52 22 93 0 9 101 41 48 46 11 21 67 42 45 30 41 37 97 30 53 89 62 93 9 32 47 86 42 42 83 55 84 52 83 40 25 54 78 98 66 17 
1 90 37 38 71 50 89 56 92 54 18 92 9 0 97 34 43 38 17 30 62 39 51 38 32 43 101 38 61 84 58 89 15 33 39 91 44 34 81 61 80 47 80 36 25 61 83 101 72 9 
97 91 87 68 26 95 39 48 96 64 79 29 101 97 0 69 54 69 97 107 37 59 97 101 81 96 95 99 113 15 38 8 94 73 69 87 71 81 30 93 20 53 19 61 77 109 90 79 94 88 
34 93 50 6 42 64 72 42 97 50 22 72 41 34 69 0 16 6 43 57 32 23 67 59 14 61 103 58 81 54 33 60 40 35 8 92 45 15 61 72 50 15 54 20 30 80 88 97 81 24 
44 81 47 19 28 60 56 27 86 39 26 56 48 43 54 16 0 20 47 60 19 12 62 59 30 57 91 57 78 41 17 46 44 29 21 80 36 31 45 65 36 7 38 12 28 76 77 84 72 34 
39 99 57 1 43 71 76 46 103 56 28 75 46 38 69 6 20 0 49 63 31 29 73 65 12 67 109 64 87 54 35 60 45 41 2 98 51 12 64 78 49 16 55 26 36 86 93 102 87 29 
17 74 22 49 72 33 82 51 76 43 22 87 11 17 97 43 47 49 0 14 66 39 34 20 47 26 86 20 44 86 59 89 3 25 50 76 33 48 77 45 82 52 78 37 20 44 68 88 56 22 
29 71 23 63 84 28 89 60 72 49 36 94 21 30 107 57 60 63 14 0 79 51 28 13 61 21 83 14 33 98 71 100 18 35 65 73 39 62 85 40 94 66 89 49 32 34 65 88 51 36 
63 88 63 31 12 75 51 32 93 48 46 47 67 62 37 32 19 31 66 79 0 29 77 76 44 74 96 74 93 23 13 29 63 46 32 86 50 44 38 78 18 16 25 29 47 91 85 85 83 53 
40 70 35 28 34 47 52 19 74 27 21 54 42 39 59 23 12 29 39 51 29 0 50 47 37 45 80 46 66 47 20 51 36 17 30 69 24 38 43 53 43 20 41 3 19 64 65 74 60 32 
51 43 17 73 78 3 70 49 44 33 47 78 45 51 97 67 62 73 34 28 77 50 0 15 75 8 55 15 16 91 66 91 36 33 75 46 28 76 70 12 88 69 79 51 37 14 37 61 23 53 
37 58 14 65 79 15 79 53 59 39 38 85 30 38 101 59 59 65 20 13 76 47 15 0 65 8 70 2 23 93 66 94 23 30 67 61 30 67 76 27 89 65 82 47 31 24 52 75 38 42 
33 105 59 13 55 73 87 56 109 63 28 86 41 32 81 14 30 12 47 61 44 37 75 65 0 68 116 65 88 66 47 73 43 45 12 105 56 1 75 82 61 28 67 34 39 88 100 111 91 25 
43 50 11 66 76 7 72 48 51 33 40 79 37 43 96 61 57 67 26 21 74 45 8 8 68 0 62 8 21 89 63 90 29 28 69 52 25 70 70 19 85 64 78 46 31 19 43 67 30 46 
101 12 65 108 90 55 56 65 12 53 90 66 97 101 95 103 91 109 86 83 96 80 55 70 116 62 0 70 59 97 83 93 88 72 111 11 60 117 66 43 97 98 82 83 79 54 19 17 33 100 
37 58 12 64 78 14 77 51 59 37 37 84 30 38 99 58 57 64 20 14 74 46 15 2 65 8 70 0 24 91 65 93 23 29 66 60 29 66 75 26 88 64 81 46 29 24 51 74 37 41 
60 48 31 87 94 19 84 65 47 49 60 92 53 61 113 81 78 87 44 33 93 66 16 23 88 21 59 24 0 107 82 107 46 49 89 51 44 90 85 21 104 85 95 66 51 4 42 68 28 65 
85 92 79 53 14 88 43 42 97 59 67 36 89 84 15 54 41 54 86 98 23 47 91 93 66 89 97 91 107 0 27 8 83 63 54 89 64 66 31 89 5 39 15 49 66 104 90 84 92 75 
59 75 53 35 13 63 41 19 80 36 41 39 62 58 38 33 17 35 59 71 13 20 66 66 47 63 83 65 82 27 0 31 57 36 36 73 38 47 29 66 23 19 21 22 39 79 72 73 70 50 
89 88 80 60 18 89 38 42 93 59 71 29 93 89 8 60 46 60 89 100 29 51 91 94 73 90 93 93 107 8 31 0 87 65 61 85 64 73 27 88 12 45 12 53 69 104 87 78 90 80 
14 76 23 45 70 35 81 50 78 43 18 85 9 15 94 40 44 45 3 18 63 36 36 23 43 29 88 23 46 83 57 87 0 24 47 77 32 45 75 46 79 49 76 34 18 47 69 89 57 19 
33 60 17 40 50 30 57 26 64 21 19 62 32 33 73 35 29 41 25 35 46 17 33 30 45 28 72 29 49 63 36 65 24 0 43 60 11 46 51 38 59 36 54 18 8 47 54 69 46 29 
40 100 58 2 43 72 77 48 104 57 30 75 47 39 69 8 21 2 50 65 32 30 75 67 12 69 111 66 89 54 36 61 47 43 0 100 52 12 65 80 49 17 56 28 38 88 95 104 89 30 
90 4 54 97 81 46 50 55 9 42 79 60 86 91 87 92 80 98 76 73 86 69 46 61 105 52 11 60 51 89 73 85 77 60 100 0 49 106 58 34 88 87 74 72 68 47 9 17 24 89 
44 49 17 50 51 25 50 23 53 10 30 56 42 44 71 45 36 51 33 39 50 24 28 30 56 25 60 29 44 64 38 64 32 11 52 49 0 57 46 29 60 43 52 25 19 41 43 58 36 41 
35 106 60 13 55 74 87 57 110 64 30 86 42 34 81 15 31 12 48 62 44 38 76 67 1 70 117 66 90 66 47 73 45 46 12 106 57 0 76 83 61 28 67 35 40 89 101 112 93 26 
82 61 63 63 28 68 13 26 67 38 64 11 83 81 30 61 45 64 77 85 38 43 70 76 75 70 66 75 85 31 29 27 75 51 65 58 46 76 0 65 32 48 17 46 57 81 60 52 65 74 
60 31 24 78 77 12 63 48 32 30 54 71 55 61 93 72 65 78 45 40 78 53 12 27 82 19 43 26 21 89 66 88 46 38 80 34 29 83 65 0 86 72 76 54 43 17 25 49 11 62 
80 91 76 49 10 85 44 39 96 56 62 37 84 80 20 50 36 49 82 94 18 43 88 89 61 85 97 88 104 5 23 12 79 59 49 88 60 61 32 86 0 34 15 45 62 101 88 84 90 71 
47 88 54 16 27 67 60 33 93 46 31 58 52 47 53 15 7 16 52 66 16 20 69 65 28 64 98 64 85 39 19 45 49 36 17 87 43 28 48 72 34 0 39 19 35 83 84 90 79 37 
80 77 69 55 13 76 29 30 82 46 62 23 83 80 19 54 38 55 78 89 25 41 79 82 67 78 82 81 95 15 21 12 76 54 56 74 52 67 17 76 15 39 0 43 58 91 75 69 78 72 
37 73 35 25 35 48 55 23 77 30 18 57 40 36 61 20 12 26 37 49 29 3 51 47 34 46 83 46 66 49 22 53 34 18 28 72 25 35 46 54 45 19 43 0 17 64 68 77 62 29 
25 68 21 36 52 35 64 32 71 29 11 68 25 25 77 30 28 36 20 32 47 19 37 31 39 31 79 29 51 66 39 69 18 8 38 68 19 40 57 43 62 35 58 17 0 50 62 77 53 21 
61 44 30 86 91 16 80 62 43 45 59 88 54 61 109 80 76 86 44 34 91 64 14 24 88 19 54 24 4 104 79 104 47 47 88 47 41 89 81 17 101 83 91 64 50 0 37 64 23 65 
83 7 46 93 80 37 54 53 9 38 73 63 78 83 90 88 77 93 68 65 85 65 37 52 100 43 19 51 42 90 72 87 69 54 95 9 43 101 60 25 88 84 75 68 62 37 0 27 14 83 
101 21 67 102 78 60 41 57 25 49 88 50 98 101 79 97 84 102 88 88 85 74 61 75 111 67 17 74 68 84 73 78 89 69 104 17 58 112 52 49 84 90 69 77 77 64 27 0 41 98 
71 21 35 86 81 23 61 52 21 35 64 70 66 72 94 81 72 87 56 51 83 60 23 38 91 30 33 37 28 92 70 90 57 46 89 24 36 93 65 11 90 79 78 62 53 23 14 41 0 72 
10 89 38 29 62 51 83 50 92 50 11 85 17 9 88 24 34 29 22 36 53 32 53 42 25 46 100 41 65 75 50 80 19 29 30 89 41 26 74 62 71 37 72 29 21 65 83 98 72 0 
0 1000
1095 1369
626 875
2270 2588
4615 5109
2171 2477
4534 4841
2415 2742
3896 4254
186 236
440 1027
3975 4311
1273 1718
3187 4110
3440 3646
2520 3386
492 1202
3735 4109
4939 5498
4157 4894
1713 1918
65 312
4243 5068
2339 3165
4689 4761
2359 2951
4821 5462
2666 2734
755 1421
1975 2180
3520 4385
2880 3335
4083 4311
1383 2244
1887 2342
948 1053
1009 1631
1799 2542
2030 2169
852 1406
2769 2883
1578 2197
3596 3758
1477 1486
1625 2180
4305 4453
3055 4028
265 290
4398 4982
3293 3728
97.67375033809125 23.55234360918773 69.23578935263865 76.43410165819152 34.11545934093678 64.89162720126946 8.275897417398692 41.13425292480657 24.459011429234668 45.626867276479125 80.0006975142918 5.870844952544152 97.32002654548836 97.3742153483347 8.783357380594815 76.0818374222038 60.28500268369095 76.98367523650175 88.92774726170902 91.66422776002953 45.5970322088031 59.42601898726011 65.55485660292729 79.36510997453732 89.13237910775182 70.95575775673011 12.667891948366773 78.18438624050194 71.2408249610867 23.87209200687671 43.203453866885575 16.6853869671167 88.50397510011094 65.03517671097538 77.43557320129965 20.531006330092783 56.09619310774827 89.18292661271452 16.70519527887543 54.03523370643859 28.41211979600472 61.086936893877485 22.129444972179225 62.64774558404132 72.48192290507768 67.04037978297093 29.942280274148693 4.68671404959391 44.408492710645554 91.04197644743898 
56.346238539373495 6.652591437888433 33.43827755272933 89.17669358277315 89.10957850174061 19.942379207085438 57.664764469761366 60.34040447661644 1.4161930524768551 43.51216653247385 61.78694601097294 67.20696661606208 48.637680636319445 57.339518273879484 96.22017654349891 83.22959774488588 79.37643732948959 89.47427971447284 42.15334729528384 27.94018853235616 91.9349962668846 66.92939320632598 17.349801426103472 24.049492019952922 88.706850221097 22.94005922227881 1.635906630309758 25.043863940362744 2.310532148491018 98.22489324318053 79.2975237861607 94.384898688712 45.480698372554954 50.412931324723345 91.21567899607531 9.522600005282955 43.431304382803305 90.1045332395627 67.70325603338104 14.4968952302445 97.0522254074813 86.45730696730425 83.35316772904605 68.01941490214466 53.79310739154446 3.844911692194386 8.719571226304357 16.929589446739257 8.914608164554771 64.25986900460259 