50
0 71 61 6 79 38 63 55 72 79 70 81 84 7 60 88 13 75 40 87 47 71 80 71 48 88 73 39 84 13 37 51 80 29 40 90 39 51 20 51 70 10 38 9 10 55 17 75 19 98 
71 0 54 70 75 37 9 23 13 78 12 80 35 68 20 44 83 45 41 54 83 5 69 25 26 17 25 70 17 72 56 21 28 69 35 56 41 55 79 51 3 67 97 68 79 45 81 80 53 32 
61 54 0 56 24 58 54 61 65 26 63 28 36 64 34 36 67 19 27 28 39 50 21 32 55 63 33 31 53 71 76 51 37 38 57 31 63 85 54 82 51 65 63 53 63 79 58 27 54 60 
6 70 56 0 73 39 62 55 72 73 69 75 80 13 57 84 14 70 36 82 41 69 74 68 48 86 69 33 82 19 41 51 76 23 41 86 40 54 15 55 69 15 34 3 9 57 13 69 19 95 
79 75 24 73 0 82 77 84 87 3 86 5 50 84 56 45 82 32 50 32 43 71 8 51 79 82 52 42 71 91 99 75 53 52 81 34 87 108 68 105 72 85 70 71 79 103 72 10 76 74 
38 37 58 39 82 0 28 17 35 83 33 86 62 34 36 70 51 62 32 74 68 39 79 49 11 54 50 56 53 36 21 17 56 50 2 77 6 27 53 24 38 32 72 39 47 23 52 82 20 68 
63 9 54 62 77 28 0 14 11 79 9 82 42 60 21 50 76 49 37 59 79 13 72 30 17 26 30 67 26 64 47 12 35 65 26 61 32 46 73 42 11 58 91 61 71 36 74 81 45 41 
55 23 61 55 84 17 14 0 18 86 16 89 55 51 30 63 68 59 38 70 79 26 80 42 8 39 42 67 40 53 34 9 48 63 15 73 19 32 68 28 25 49 87 55 64 23 68 87 37 55 
72 13 65 72 87 35 11 18 0 89 3 92 48 69 31 56 85 58 48 67 91 17 81 38 25 22 37 78 27 72 51 21 41 76 33 68 38 48 84 43 15 67 102 71 81 37 84 91 54 41 
79 78 26 73 3 83 79 86 89 0 88 3 53 84 59 48 81 35 51 35 41 74 11 54 80 85 55 41 74 91 100 77 56 51 82 37 88 109 67 107 75 85 68 70 78 105 71 7 76 77 
70 12 63 69 86 33 9 16 3 88 0 91 47 66 29 56 82 57 46 66 88 17 80 37 22 24 37 76 28 69 49 19 41 73 31 68 35 46 81 41 15 64 99 68 78 35 81 90 51 42 
81 80 28 75 5 86 82 89 92 3 91 0 55 86 61 50 83 37 54 37 42 76 13 57 83 87 58 43 76 93 103 80 59 53 85 38 91 112 69 109 78 87 70 73 80 107 73 7 79 79 
84 35 36 80 50 62 42 55 48 53 47 55 0 84 27 9 93 18 44 21 74 31 42 13 54 35 13 65 24 90 83 48 7 69 60 22 68 86 84 82 32 84 96 78 89 77 87 57 70 24 
7 68 64 13 84 34 60 51 69 84 66 86 84 0 59 89 19 77 41 89 54 69 84 71 44 85 72 45 82 7 30 48 79 35 35 92 33 44 27 44 68 2 45 15 16 48 24 80 15 97 
60 20 34 57 56 36 21 30 31 59 29 61 27 59 0 34 71 29 24 40 64 17 51 13 28 33 14 52 25 65 57 22 21 52 34 43 41 60 64 57 17 58 80 55 66 52 66 61 44 38 
88 44 36 84 45 70 50 63 56 48 56 50 9 89 34 0 97 17 49 14 74 39 37 21 61 43 21 66 32 96 91 55 15 71 68 14 75 94 87 90 41 89 98 82 93 85 90 54 76 30 
13 83 67 14 82 51 76 68 85 81 82 83 93 19 71 97 0 82 49 94 45 83 84 81 60 100 83 40 95 21 49 64 90 31 53 97 51 62 15 63 82 21 28 16 5 67 10 77 31 109 
75 45 19 70 32 62 49 59 58 35 57 37 18 77 29 17 82 0 36 12 58 41 25 20 56 50 21 49 39 83 82 51 21 55 60 16 68 88 71 84 42 76 81 68 78 81 75 39 64 43 
40 41 27 36 50 32 37 38 48 51 46 54 44 41 24 49 49 36 0 48 43 39 48 33 31 56 34 30 49 47 50 29 41 29 31 52 37 58 41 56 39 41 57 34 44 54 43 50 28 61 
87 54 28 82 32 74 59 70 67 35 66 37 21 89 40 14 94 12 48 0 65 49 24 29 67 56 29 59 45 95 95 62 27 66 72 4 80 100 82 96 51 89 91 79 90 92 86 41 76 44 
47 83 39 41 43 68 79 79 91 41 88 42 74 54 64 74 45 58 43 65 0 80 47 68 72 96 69 13 87 60 79 71 74 19 69 69 72 91 30 90 81 55 28 39 43 90 34 35 53 97 
71 5 50 69 71 39 13 26 17 74 17 76 31 69 17 39 83 41 39 49 80 0 65 21 29 17 20 68 14 73 59 22 24 68 37 51 44 59 79 54 2 68 95 68 79 49 80 76 54 29 
80 69 21 74 8 79 72 80 81 11 80 13 42 84 51 37 84 25 48 24 47 65 0 45 75 75 46 45 64 91 97 71 46 54 78 26 84 105 70 102 66 85 75 72 80 100 75 17 75 66 
71 25 32 68 51 49 30 42 38 54 37 57 13 71 13 21 81 20 33 29 68 21 45 0 41 31 1 57 21 77 70 35 8 59 47 31 54 73 73 69 23 71 87 66 77 65 76 57 57 29 
48 26 55 48 79 11 17 8 25 80 22 83 54 44 28 61 60 56 31 67 72 29 75 41 0 43 41 59 43 47 31 6 47 55 9 70 15 33 60 29 27 42 79 47 56 25 60 81 29 58 
88 17 63 86 82 54 26 39 22 85 24 87 35 85 33 43 100 50 56 56 96 17 75 31 43 0 30 84 11 89 72 38 29 84 52 56 58 70 96 65 18 84 112 85 96 59 97 88 70 20 
73 25 33 69 52 50 30 42 37 55 37 58 13 72 14 21 83 21 34 29 69 20 46 1 41 30 0 58 19 78 71 35 7 61 48 31 55 74 75 70 22 72 89 67 78 65 77 58 58 28 
39 70 31 33 42 56 67 67 78 41 76 43 65 45 52 66 40 49 30 59 13 68 45 57 59 84 58 0 76 51 68 58 64 10 56 62 60 79 26 78 68 46 32 30 37 78 30 37 42 86 
84 17 53 82 71 53 26 40 27 74 28 76 24 82 25 32 95 39 49 45 87 14 64 21 43 11 19 76 0 87 73 37 18 77 51 45 58 73 90 68 16 81 105 80 91 62 91 78 67 15 
13 72 71 19 91 36 64 53 72 91 69 93 90 7 65 96 21 83 47 95 60 73 91 77 47 89 78 51 87 0 28 52 85 42 38 99 35 42 32 43 72 7 49 21 20 48 28 87 20 102 
37 56 76 41 99 21 47 34 51 100 49 103 83 30 57 91 49 82 50 95 79 59 97 70 31 72 71 68 73 28 0 37 77 59 23 98 16 14 56 15 57 28 75 42 46 20 54 98 26 88 
51 21 51 51 75 17 12 9 21 77 19 80 48 48 22 55 64 51 29 62 71 22 71 35 6 38 35 58 37 52 37 0 41 55 15 65 21 39 62 35 21 46 80 50 60 30 63 77 33 52 
80 28 37 76 53 56 35 48 41 56 41 59 7 79 21 15 90 21 41 27 74 24 46 8 47 29 7 64 18 85 77 41 0 67 54 28 62 80 81 76 26 79 95 74 85 71 84 60 65 23 
29 69 38 23 52 50 65 63 76 51 73 53 69 35 52 71 31 55 29 66 19 68 54 59 55 84 61 10 77 42 59 55 67 0 50 69 53 72 17 71 68 37 28 21 27 72 21 47 34 89 
40 35 57 41 81 2 26 15 33 82 31 85 60 35 34 68 53 60 31 72 69 37 78 47 9 52 48 56 51 38 23 15 54 50 0 76 7 28 54 25 36 33 73 40 49 23 53 81 21 66 
90 56 31 86 34 77 61 73 68 37 68 38 22 92 43 14 97 16 52 4 69 51 26 31 70 56 31 62 45 99 98 65 28 69 76 0 83 103 86 99 53 92 94 83 93 95 89 43 80 44 
39 41 63 40 87 6 32 19 38 88 35 91 68 33 41 75 51 68 37 80 72 44 84 54 15 58 55 60 58 35 16 21 62 53 7 83 0 21 55 19 42 31 74 41 48 18 53 87 21 73 
51 55 85 54 108 27 46 32 48 109 46 112 86 44 60 94 62 88 58 100 91 59 105 73 33 70 74 79 73 42 14 39 80 72 28 103 21 0 69 5 57 41 88 56 60 11 67 108 38 87 
20 79 54 15 68 53 73 68 84 67 81 69 84 27 64 87 15 71 41 82 30 79 70 73 60 96 75 26 90 32 56 62 81 17 54 86 55 69 0 69 78 29 19 14 13 72 5 62 33 102 
51 51 82 55 105 24 42 28 43 107 41 109 82 44 57 90 63 84 56 96 90 54 102 69 29 65 70 78 68 43 15 35 76 71 25 99 19 5 69 0 53 42 88 55 61 7 67 106 37 83 
70 3 51 69 72 38 11 25 15 75 15 78 32 68 17 41 82 42 39 51 81 2 66 23 27 18 22 68 16 72 57 21 26 68 36 53 42 57 78 53 0 67 95 67 78 47 79 77 53 31 
10 67 65 15 85 32 58 49 67 85 64 87 84 2 58 89 21 76 41 89 55 68 85 71 42 84 72 46 81 7 28 46 79 37 33 92 31 41 29 42 67 0 47 17 19 46 26 81 14 95 
38 97 63 34 70 72 91 87 102 68 99 70 96 45 80 98 28 81 57 91 28 95 75 87 79 112 89 32 105 49 75 80 95 28 73 94 74 88 19 88 95 47 0 33 29 91 21 63 52 117 
9 68 53 3 71 39 61 55 71 70 68 73 78 15 55 82 16 68 34 79 39 68 72 66 47 85 67 30 80 21 42 50 74 21 40 83 41 56 14 55 67 17 33 0 11 58 13 67 19 93 
10 79 63 9 79 47 71 64 81 78 78 80 89 16 66 93 5 78 44 90 43 79 80 77 56 96 78 37 91 20 46 60 85 27 49 93 48 60 13 61 78 19 29 11 0 64 9 74 28 104 
55 45 79 57 103 23 36 23 37 105 35 107 77 48 52 85 67 81 54 92 90 49 100 65 25 59 65 78 62 48 20 30 71 72 23 95 18 11 72 7 47 46 91 58 64 0 70 104 39 77 
17 81 58 13 72 52 74 68 84 71 81 73 87 24 66 90 10 75 43 86 34 80 75 76 60 97 77 30 91 28 54 63 84 21 53 89 53 67 5 67 79 26 21 13 9 70 0 67 32 104 
75 80 27 69 10 82 81 87 91 7 90 7 57 80 61 54 77 39 50 41 35 76 17 57 81 88 58 37 78 87 98 77 60 47 81 43 87 108 62 106 77 81 63 67 74 104 67 0 74 82 
19 53 54 19 76 20 45 37 54 76 51 79 70 15 44 76 31 64 28 76 53 54 75 57 29 70 58 42 67 20 26 33 65 34 21 80 21 38 33 37 53 14 52 19 28 39 32 74 0 81 
98 32 60 95 74 68 41 55 41 77 42 79 24 97 38 30 109 43 61 44 97 29 66 29 58 20 28 86 15 102 88 52 23 89 66 44 73 87 102 83 31 95 117 93 104 77 104 82 81 0 
0 1000
379 1126
4050 4123
4567 4996
4115 4854
820 1496
109 516
3508 3896
4734 5476
2059 2367
3583 4167
3291 4133
2342 2816
4840 5053
2921 3155
718 1204
3075 3166
2696 3463
1315 2176
299 573
5186 5235
3619 4424
4437 4706
1504 1665
3893 3949
1222 1428
206 882
2591 3375
1623 2285
901 1181
5071 5751
3962 4948
4931 4954
2181 2205
2485 2591
3350 3500
1006 1902
1124 1796
547 938
2841 3062
3601 4056
1734 1965
3753 4608
512 772
1400 2148
4287 4751
3730 4412
3228 3487
955 1297
1921 2608
59.07876468637815 11.11820699936088 63.9675065780582 62.29735623001077 82.69530404420034 25.243186294774134 12.747525836297434 12.36466920933319 1.655893922942564 85.78120801359059 3.8708413606360015 88.04253952467374 33.25401933470068 52.032179289020384 31.00694902554524 38.88231909810161 70.63193426417116 50.7094535100484 49.390321312667695 52.98624853869446 91.63925870405095 14.492259565327304 75.28755446765331 32.35329931858164 20.258621743224126 1.2323931940262711 31.19443237232382 78.89665481573161 11.875321399411675 49.76657271082002 22.156355597385293 20.407566009363777 29.474426645561014 74.71548647382184 24.544432336879662 52.381771076336726 22.707456192288323 8.513890658936463 77.07243560042258 7.899329852312242 13.638465538957146 49.66687191599497 96.13532049373433 62.95188574557046 68.41626600722577 5.049603438427786 75.31013608897219 89.54222593346401 43.85947534558229 9.255087993434907 
90.52847283778458 38.26624708104688 29.656110278321478 85.45514239125404 14.865882115114392 72.70553127691896 47.52822635538635 61.350058679230656 46.453206587529536 16.267089545902003 48.09892876960531 14.672308075530927 10.856043895345335 92.8877790487101 37.417957501967706 4.42989445255918 96.21605224211883 16.288526707021045 52.06419277126155 4.056002441799855 56.68710878040504 35.03433017432782 12.129458322710029 24.272633094056474 63.01298550580259 24.306643670146144 23.542681808073674 56.89471853714658 21.124851305914394 99.35652643701427 93.57613300060899 56.7203577895321 16.68288329356884 65.86544470022535 70.72502267174391 0.5124298013854944 77.8620209160221 93.58048075815441 82.44963769729561 89.03983028647004 36.76793108475779 92.75879860445872 83.92797810148936 82.75117899940723 92.28745634335641 82.92660332131592 86.86006470212055 21.745450441553327 79.8655223022125 6.249464642482572 