50
0 60 66 37 37 67 13 50 44 60 60 38 41 44 56 22 27 46 37 67 26 28 35 61 43 12 31 9 37 34 38 29 21 26 18 8 51 29 61 21 25 55 47 59 51 19 53 27 44 54 
60 0 59 97 96 15 57 91 87 98 110 65 19 26 9 44 34 102 80 53 39 81 57 52 99 65 40 55 23 92 30 63 43 84 66 61 21 46 35 44 42 72 16 107 105 53 92 74 85 106 
66 59 0 91 88 73 53 56 56 58 79 34 59 37 50 70 63 82 53 8 44 65 33 7 81 78 75 70 58 81 71 89 67 90 54 72 38 78 25 46 72 26 64 75 82 76 54 55 53 80 
37 97 91 0 6 103 43 49 44 58 43 57 78 79 92 56 64 23 42 95 61 27 59 89 20 34 65 43 74 13 73 50 56 19 38 37 87 60 94 56 59 71 84 45 30 50 53 37 47 35 
37 96 88 6 0 103 41 43 39 52 38 53 78 77 91 57 64 18 37 92 60 23 55 85 15 36 66 43 74 7 74 53 57 23 35 38 85 62 92 54 60 67 84 39 24 51 48 33 42 30 
67 15 73 103 103 0 66 103 99 110 121 77 26 40 23 48 39 111 91 67 50 90 70 66 108 70 41 61 30 101 31 64 47 88 76 66 36 47 50 55 45 86 19 118 115 56 104 84 96 117 
13 57 53 43 41 66 0 41 35 50 55 25 40 36 51 29 30 45 28 56 19 24 22 49 42 25 37 20 37 36 42 40 26 37 10 20 44 37 52 13 32 42 48 53 49 30 44 19 35 50 
50 91 56 49 43 103 41 0 6 10 23 27 78 66 84 70 71 31 13 64 54 25 34 58 31 59 79 59 75 36 82 78 67 59 32 57 73 78 71 49 73 31 86 18 28 69 4 23 7 24 
44 87 56 44 39 99 35 6 0 16 24 25 73 62 80 64 65 27 8 63 49 19 31 57 27 53 73 53 70 31 77 72 62 53 26 50 69 72 69 45 67 32 81 20 26 63 10 17 4 23 
60 98 58 58 52 110 50 10 16 0 24 33 86 72 90 79 79 38 23 65 61 35 40 60 39 69 88 69 83 45 91 88 76 69 42 66 78 87 75 58 82 32 94 20 33 79 7 32 16 29 
60 110 79 43 38 121 55 23 24 24 0 49 95 86 103 82 85 20 30 86 71 33 55 80 23 66 91 69 92 33 97 85 80 59 46 65 93 89 93 66 85 53 103 4 14 79 25 37 28 8 
38 65 34 57 53 77 25 27 25 33 49 0 54 39 57 52 50 49 20 40 29 30 7 33 47 50 59 45 51 46 61 66 49 58 22 45 45 60 44 27 54 17 61 45 49 54 27 21 21 48 
41 19 59 78 78 26 40 78 73 86 95 54 0 22 18 25 15 85 66 55 25 64 47 52 82 46 22 36 4 75 14 45 24 64 50 42 23 28 40 29 24 65 8 93 89 34 80 59 72 91 
44 26 37 79 77 40 36 66 62 72 86 39 22 0 18 38 29 80 55 33 18 58 31 30 77 53 40 43 22 72 35 59 35 70 43 48 8 44 20 23 38 46 28 82 82 46 66 50 59 83 
56 9 50 92 91 23 51 84 80 90 103 57 18 18 0 43 33 96 73 44 33 75 50 43 93 63 41 53 21 87 32 63 41 81 60 58 13 46 27 38 42 64 19 100 99 52 84 67 77 100 
22 44 70 56 57 48 29 70 64 79 82 52 25 38 43 0 10 68 56 69 26 49 46 64 65 23 9 14 22 56 17 21 3 40 38 19 43 8 58 26 3 67 29 80 73 9 72 47 63 76 
27 34 63 64 64 39 30 71 65 79 85 50 15 29 33 10 0 73 58 62 21 53 43 57 70 31 11 21 12 62 12 30 9 49 40 27 34 15 49 23 9 64 20 83 78 19 73 49 64 80 
46 102 82 23 18 111 45 31 27 38 20 49 85 80 96 68 73 0 29 88 64 21 53 82 4 49 77 54 81 14 84 67 67 40 37 50 88 74 91 58 71 59 92 22 7 64 35 30 31 12 
37 80 53 42 37 91 28 13 8 23 30 20 66 55 73 56 58 29 0 59 42 15 25 53 28 46 65 46 63 30 69 65 54 48 19 44 63 64 64 37 59 30 74 27 29 56 16 10 7 28 
67 53 8 95 92 67 56 64 63 65 86 40 55 33 44 69 62 88 59 0 44 70 37 7 87 79 73 71 55 85 68 89 66 92 58 73 33 76 18 47 70 34 60 82 88 76 62 60 59 86 
26 39 44 61 60 50 19 54 49 61 71 29 25 18 33 26 21 64 42 44 0 42 23 38 61 37 32 27 22 55 31 45 23 52 27 31 26 34 35 6 28 43 32 69 67 32 55 35 47 68 
28 81 65 27 23 90 24 25 19 35 33 30 64 58 75 49 53 21 15 70 42 0 33 63 19 35 59 37 61 16 65 54 48 34 15 33 66 56 71 37 53 44 72 31 25 47 29 10 21 27 
35 57 33 59 55 70 22 34 31 40 55 7 47 31 50 46 43 53 25 37 23 33 0 30 51 47 53 41 44 49 54 62 43 58 22 42 38 55 39 21 48 21 54 51 54 50 35 23 28 53 
61 52 7 89 85 66 49 58 57 60 80 33 52 30 43 64 57 82 53 7 38 63 30 0 80 73 68 65 51 79 64 83 61 86 51 67 31 72 18 41 65 28 57 76 82 70 56 53 53 80 
43 99 81 20 15 108 42 31 27 39 23 47 82 77 93 65 70 4 28 87 61 19 51 80 0 46 74 51 78 10 81 64 63 37 34 46 85 71 89 55 68 58 89 24 10 60 35 28 31 15 
12 65 78 34 36 70 25 59 53 69 66 50 46 53 63 23 31 49 46 79 37 35 47 73 46 0 31 10 43 36 40 19 23 18 29 6 60 26 72 32 25 67 52 65 55 15 62 37 53 59 
31 40 75 65 66 41 37 79 73 88 91 59 22 40 41 9 11 77 65 73 32 59 53 68 74 31 0 23 20 65 10 23 11 48 47 28 44 6 60 33 6 74 24 90 82 15 81 56 72 85 
9 55 70 43 43 61 20 59 53 69 69 45 36 43 53 14 21 54 46 71 27 37 41 65 51 10 23 0 33 42 31 21 13 28 27 5 50 20 63 24 17 62 42 68 60 10 62 36 53 63 
37 23 58 74 74 30 37 75 70 83 92 51 4 22 21 22 12 81 63 55 22 61 44 51 78 43 20 33 0 71 13 42 20 61 46 38 24 25 40 26 21 63 11 89 85 31 76 55 68 87 
34 92 81 13 7 101 36 36 31 45 33 46 75 72 87 56 62 14 30 85 55 16 49 79 10 36 65 42 71 0 72 54 55 27 29 37 80 61 86 49 59 59 82 34 20 51 41 26 34 25 
38 30 71 73 74 31 42 82 77 91 97 61 14 35 32 17 12 84 69 68 31 65 54 64 81 40 10 31 13 72 0 33 18 57 51 36 37 16 54 34 14 74 14 95 89 25 84 61 76 91 
29 63 89 50 53 64 40 78 72 88 85 66 45 59 63 21 30 67 65 89 45 54 62 83 64 19 23 21 42 54 33 0 23 31 47 21 64 17 79 43 21 82 47 84 74 13 81 55 72 78 
21 43 67 56 57 47 26 67 62 76 80 49 24 35 41 3 9 67 54 66 23 48 43 61 63 23 11 13 20 55 18 23 0 41 35 19 41 11 55 23 6 64 29 78 72 11 70 45 61 74 
26 84 90 19 23 88 37 59 53 69 59 58 64 70 81 40 49 40 48 92 52 34 58 86 37 18 48 28 61 27 57 31 41 0 37 23 77 43 88 47 43 74 70 60 47 33 63 40 55 51 
18 66 54 38 35 76 10 32 26 42 46 22 50 43 60 38 40 37 19 58 27 15 22 51 34 29 47 27 46 29 51 47 35 37 0 26 51 46 57 21 41 38 57 44 40 37 35 10 26 41 
8 61 72 37 38 66 20 57 50 66 65 45 42 48 58 19 27 50 44 73 31 33 42 67 46 6 28 5 38 37 36 21 19 23 26 0 55 24 66 27 22 62 47 64 55 14 60 34 51 59 
51 21 38 87 85 36 44 73 69 78 93 45 23 8 13 43 34 88 63 33 26 66 38 31 85 60 44 50 24 80 37 64 41 77 51 55 0 49 17 31 43 52 27 90 90 52 73 58 66 90 
29 46 78 60 62 47 37 78 72 87 89 60 28 44 46 8 15 74 64 76 34 56 55 72 71 26 6 20 25 61 16 17 11 43 46 24 49 0 64 34 6 76 30 88 79 11 80 55 71 83 
61 35 25 94 92 50 52 71 69 75 93 44 40 20 27 58 49 91 64 18 35 71 39 18 89 72 60 63 40 86 54 79 55 88 57 66 17 64 0 40 58 45 44 89 93 66 70 61 66 92 
21 44 46 56 54 55 13 49 45 58 66 27 29 23 38 26 23 58 37 47 6 37 21 41 55 32 33 24 26 49 34 43 23 47 21 27 31 34 40 0 28 42 37 64 61 30 51 30 43 62 
25 42 72 59 60 45 32 73 67 82 85 54 24 38 42 3 9 71 59 70 28 53 48 65 68 25 6 17 21 59 14 21 6 43 41 22 43 6 58 28 0 69 27 83 76 11 75 50 66 79 
55 72 26 71 67 86 42 31 32 32 53 17 65 46 64 67 64 59 30 34 43 44 21 28 58 67 74 62 63 59 74 82 64 74 38 62 52 76 45 42 69 0 72 49 57 70 28 35 28 54 
47 16 64 84 84 19 48 86 81 94 103 61 8 28 19 29 20 92 74 60 32 72 54 57 89 52 24 42 11 82 14 47 29 70 57 47 27 30 44 37 27 72 0 100 96 38 87 66 79 98 
59 107 75 45 39 118 53 18 20 20 4 45 93 82 100 80 83 22 27 82 69 31 51 76 24 65 90 68 89 34 95 84 78 60 44 64 90 88 89 64 83 49 100 0 16 78 21 34 24 10 
51 105 82 30 24 115 49 28 26 33 14 49 89 82 99 73 78 7 29 88 67 25 54 82 10 55 82 60 85 20 89 74 72 47 40 55 90 79 93 61 76 57 96 16 0 69 31 32 30 6 
19 53 76 50 51 56 30 69 63 79 79 54 34 46 52 9 19 64 56 76 32 47 50 70 60 15 15 10 31 51 25 13 11 33 37 14 52 11 66 30 11 70 38 78 69 0 72 46 63 73 
53 92 54 53 48 104 44 4 10 7 25 27 80 66 84 72 73 35 16 62 55 29 35 56 35 62 81 62 76 41 84 81 70 63 35 60 73 80 70 51 75 28 87 21 31 72 0 26 9 27 
27 74 55 37 33 84 19 23 17 32 37 21 59 50 67 47 49 30 10 60 35 10 23 53 28 37 56 36 55 26 61 55 45 40 10 34 58 55 61 30 50 35 66 34 32 46 26 0 17 33 
44 85 53 47 42 96 35 7 4 16 28 21 72 59 77 63 64 31 7 59 47 21 28 53 31 53 72 53 68 34 76 72 61 55 26 51 66 71 66 43 66 28 79 24 30 63 9 17 0 27 
54 106 80 35 30 117 50 24 23 29 8 48 91 83 100 76 80 12 28 86 68 27 53 80 15 59 85 63 87 25 91 78 74 51 41 59 90 83 92 62 79 54 98 10 6 73 27 33 27 0 
0 1000
3691 3790
3848 4351
3454 4090
2754 3336
847 1396
1478 2245
302 863
1778 2631
1995 2157
2351 3094
2436 2538
4344 5216
2069 2285
1117 2108
1653 2192
4208 4984
4429 5396
2910 3189
3229 3667
2277 2693
741 1146
689 844
1017 1833
3524 3848
183 1102
2555 3255
596 655
85 595
2853 3827
2998 3703
2660 3155
1443 1949
4088 4774
2814 3763
4123 4522
424 1277
4271 4456
935 1839
1878 1891
1256 1740
1524 2069
1690 1902
1362 2077
3110 3675
607 892
3377 3563
495 530
3939 4202
2202 3107
36.46376806412568 92.66585130901912 88.99999962669945 1.6095680380660449 4.1295826294637905 93.60486028651324 44.18131016999269 33.51896415593426 32.72045828730696 35.18362236563696 11.478227728796108 55.16190248259244 73.58073630700183 79.93821107826543 90.8691638779697 48.546952291846026 58.46152470792142 6.605217334956858 35.768996546982144 94.86469018355068 62.14625018774432 25.768385502649103 58.82120784798725 88.24375468676433 8.056779233778034 28.059174821436685 53.24692848304217 38.290787358866375 70.10797094560117 10.136584881968568 63.34889285019166 30.279785700154726 49.948108575046014 10.491117358215362 39.0160598333039 33.37915330511137 87.48977472823209 47.3018537238235 95.8334322260694 56.73045392432673 50.28497931627266 64.10947765792778 77.4058074779666 15.92696547340654 7.057253316349133 39.71183600706344 36.338667969908 35.48588215937407 36.699823481869785 9.61694983796212 
65.53574622403806 85.08819996527549 26.326551519703468 52.77324594167375 47.75563801056234 99.59129654382679 55.47099911740594 15.81549510157797 21.963131770374535 5.968362670494964 10.76233115449895 32.49222112328574 83.04264747671158 62.027815904701576 76.64285309014774 83.76325593777896 81.91750936212718 30.291566978241093 28.880372574294643 32.33814313757084 61.12493161821254 39.97914992292628 38.8077556426192 33.53350975704671 33.49001025572551 74.43450715524041 91.84939433279645 74.52779100979153 81.16333936159292 43.50305917299292 92.52554225166946 93.50240769653148 81.01561708373866 70.10358029571677 47.3301526315413 72.42911558354248 64.44826501121838 92.15788922931448 50.01373650017137 59.44390244891946 86.52374222071441 18.545134560468224 89.60318209105131 10.425516050629158 23.623829861026245 84.63468755853623 12.523408475356456 38.38081702783709 21.745061100032657 18.660496944489513 