50
0 44 89 35 16 57 70 82 29 57 54 51 41 49 78 102 81 74 32 73 52 31 61 23 52 75 32 98 46 65 47 31 37 47 96 69 76 101 77 28 43 46 50 59 32 66 23 50 70 39 
44 0 65 28 46 12 40 50 33 57 63 59 6 74 45 85 63 73 14 58 59 13 36 29 47 41 33 87 43 69 44 15 10 36 64 55 32 59 35 34 62 40 84 63 18 52 61 45 38 40 
89 65 0 91 77 63 25 20 60 43 54 52 61 77 24 23 12 40 64 19 51 68 29 88 40 28 57 31 44 47 108 66 62 41 18 23 57 51 47 95 67 105 96 47 80 25 88 109 27 51 
35 28 91 0 45 36 67 78 44 74 77 73 30 80 73 110 88 92 29 82 73 24 62 12 65 69 46 110 60 85 18 27 30 56 91 78 56 85 62 9 70 15 84 79 12 75 57 20 66 55 
16 46 77 45 0 57 61 73 19 42 38 35 41 35 70 88 69 59 31 60 37 33 52 34 38 67 21 83 33 49 60 31 36 36 86 55 74 97 74 41 27 58 40 44 39 53 15 63 61 26 
57 12 63 36 57 0 38 46 44 63 71 67 17 84 40 84 64 78 26 60 67 25 37 40 53 36 43 88 50 75 50 27 21 42 59 58 20 48 25 44 72 46 96 70 29 55 72 50 36 48 
70 40 25 67 61 38 0 12 43 40 51 48 37 72 9 47 27 48 41 25 47 45 9 65 32 8 41 52 33 50 84 43 38 26 26 25 35 41 26 72 60 80 89 47 56 24 74 84 2 37 
82 50 20 78 73 46 12 0 55 49 60 58 48 82 6 42 27 53 53 29 56 57 21 76 42 10 53 50 44 57 94 55 50 38 14 31 38 34 27 83 70 90 100 54 67 31 86 94 13 49 
29 33 60 44 19 44 43 55 0 30 32 28 28 41 52 73 52 48 20 44 29 24 33 35 23 49 2 70 18 41 62 20 24 18 68 39 58 79 56 43 29 59 52 35 34 37 32 64 43 11 
57 57 43 74 42 63 40 49 30 0 12 10 51 35 49 48 32 18 47 24 8 52 32 66 10 48 29 42 14 12 92 48 48 21 57 19 71 81 64 74 24 89 53 7 63 18 48 94 42 20 
54 63 54 77 38 71 51 60 32 12 0 4 57 23 60 57 43 22 51 35 4 56 43 67 20 59 31 49 21 11 94 52 54 29 69 31 80 92 75 75 15 91 42 8 67 30 41 96 53 24 
51 59 52 73 35 67 48 58 28 10 4 0 53 25 57 57 41 24 47 34 2 52 40 63 16 56 27 50 17 14 90 48 50 25 67 29 76 89 71 71 15 87 44 9 62 28 39 92 50 19 
41 6 61 30 41 17 37 48 28 51 57 53 0 68 43 81 59 67 9 53 53 10 32 29 41 39 28 82 37 63 47 11 4 31 62 50 35 60 36 35 56 43 79 57 19 48 56 48 36 34 
49 74 77 80 35 84 72 82 41 35 23 25 68 0 81 79 66 43 60 58 26 64 63 68 40 80 41 69 39 32 95 60 64 47 92 54 97 113 93 75 13 93 19 31 72 53 28 98 73 37 
78 45 24 73 70 40 9 6 52 49 60 57 43 81 0 47 30 55 48 31 56 52 19 72 41 4 50 54 42 58 89 50 45 36 19 32 33 33 22 78 69 85 98 55 62 32 84 89 9 47 
102 85 23 110 88 84 47 42 73 48 57 57 81 79 47 0 22 37 82 29 56 87 49 105 51 50 71 14 56 47 128 84 81 56 37 34 80 71 69 113 72 124 99 49 99 36 96 129 49 63 
81 63 12 88 69 64 27 27 52 32 43 41 59 66 30 22 0 29 60 8 40 65 27 83 31 32 50 25 35 35 106 62 59 34 29 13 62 60 52 91 56 102 85 35 77 16 78 107 29 42 
74 73 40 92 59 78 48 53 48 18 22 24 67 43 55 37 29 0 64 24 22 69 43 84 27 55 46 27 32 11 110 65 65 37 58 23 82 87 74 92 37 107 62 15 81 24 63 111 50 37 
32 14 64 29 31 26 41 53 20 47 51 47 9 60 48 82 60 64 0 53 47 5 34 24 37 44 20 81 32 58 47 2 5 27 67 49 44 69 45 31 48 43 70 52 17 46 46 48 40 28 
73 58 19 82 60 60 25 29 44 24 35 34 53 58 31 29 8 24 53 0 32 58 23 76 22 32 42 29 27 29 99 55 52 27 35 5 60 63 51 84 48 96 77 28 70 7 70 101 27 34 
52 59 51 73 37 67 47 56 29 8 4 2 53 26 56 56 40 22 47 32 0 52 39 64 15 55 28 48 17 13 91 48 50 25 66 28 76 88 70 72 16 88 45 7 63 27 41 93 49 20 
31 13 68 24 33 25 45 57 24 52 56 52 10 64 52 87 65 69 5 58 52 0 39 20 42 48 25 87 38 63 41 4 7 33 71 54 44 70 46 27 52 38 72 57 12 52 48 43 44 33 
61 36 29 62 52 37 9 21 33 32 43 40 32 63 19 49 27 43 34 23 39 39 0 58 23 17 31 51 24 43 79 36 32 17 34 21 39 50 32 66 51 76 80 39 50 19 65 80 10 28 
23 29 88 12 34 40 65 76 35 66 67 63 29 68 72 105 83 84 24 76 64 20 58 0 58 68 37 104 53 76 27 22 27 50 90 72 60 88 64 8 59 25 72 70 12 69 45 29 64 46 
52 47 40 65 38 53 32 42 23 10 20 16 41 40 41 51 31 27 37 22 15 42 23 58 0 40 21 47 5 22 83 39 39 11 53 18 61 73 55 66 28 80 58 17 54 15 47 85 33 12 
75 41 28 69 67 36 8 10 49 48 59 56 39 80 4 50 32 55 44 32 55 48 17 68 40 0 47 57 41 58 84 47 41 34 23 33 30 33 20 74 67 81 97 54 58 32 81 85 6 44 
32 33 57 46 21 43 41 53 2 29 31 27 28 41 50 71 50 46 20 42 28 25 31 37 21 47 0 68 16 39 63 21 24 16 66 37 57 77 55 45 29 61 53 33 36 35 34 65 41 9 
98 87 31 110 83 88 52 50 70 42 49 50 82 69 54 14 25 27 81 29 48 87 51 104 47 57 68 0 52 38 128 83 81 54 48 32 86 82 76 112 63 125 89 41 99 35 89 129 54 59 
46 43 44 60 33 50 33 44 18 14 21 17 37 39 42 56 35 32 32 27 17 38 24 53 5 41 16 52 0 26 78 34 34 8 55 22 59 73 54 61 27 75 56 20 49 20 44 80 34 7 
65 69 47 85 49 75 50 57 41 12 11 14 63 32 58 47 35 11 58 29 13 63 43 76 22 58 39 38 26 0 103 59 60 33 64 26 82 90 75 84 26 100 52 6 75 26 52 105 52 31 
47 44 108 18 60 50 84 94 62 92 94 90 47 95 89 128 106 110 47 99 91 41 79 27 83 84 63 128 78 103 0 45 47 74 107 96 67 97 75 20 86 4 97 97 29 93 70 3 82 72 
31 15 66 27 31 27 43 55 20 48 52 48 11 60 50 84 62 65 2 55 48 4 36 22 39 47 21 83 34 59 45 0 7 29 69 51 45 71 47 29 49 42 70 53 16 48 46 46 42 29 
37 10 62 30 36 21 38 50 24 48 54 50 4 64 45 81 59 65 5 52 50 7 32 27 39 41 24 81 34 60 47 7 0 28 64 49 39 64 40 34 52 44 75 54 18 46 51 48 37 30 
47 36 41 56 36 42 26 38 18 21 29 25 31 47 36 56 34 37 27 27 25 33 17 50 11 34 16 54 8 33 74 29 28 0 50 22 51 66 46 58 34 71 63 28 45 20 48 76 27 11 
96 64 18 91 86 59 26 14 68 57 69 67 62 92 19 37 29 58 67 35 66 71 34 90 53 23 66 48 55 64 107 69 64 50 0 38 47 34 37 97 81 104 110 63 81 39 98 108 26 61 
69 55 23 78 55 58 25 31 39 19 31 29 50 54 32 34 13 23 49 5 28 54 21 72 18 33 37 32 22 26 96 51 49 22 38 0 60 65 51 80 43 92 73 24 66 3 65 97 27 29 
76 32 57 56 74 20 35 38 58 71 80 76 35 97 33 80 62 82 44 60 76 44 39 60 61 30 57 86 59 82 67 45 39 51 47 60 0 29 11 64 84 64 111 77 48 58 89 67 33 60 
101 59 51 85 97 48 41 34 79 81 92 89 60 113 33 71 60 87 69 63 88 70 50 88 73 33 77 82 73 90 97 71 64 66 34 65 29 0 24 93 100 93 129 87 77 64 111 96 40 77 
77 35 47 62 74 25 26 27 56 64 75 71 36 93 22 69 52 74 45 51 70 46 32 64 55 20 55 76 54 75 75 47 40 46 37 51 11 24 0 69 80 71 108 71 53 50 88 75 24 56 
28 34 95 9 41 44 72 83 43 74 75 71 35 75 78 113 91 92 31 84 72 27 66 8 66 74 45 112 61 84 20 29 34 58 97 80 64 93 69 0 67 18 77 78 16 77 51 22 71 54 
43 62 67 70 27 72 60 70 29 24 15 15 56 13 69 72 56 37 48 48 16 52 51 59 28 67 29 63 27 26 86 49 52 34 81 43 84 100 80 67 0 84 30 22 61 42 27 89 61 25 
46 40 105 15 58 46 80 90 59 89 91 87 43 93 85 124 102 107 43 96 88 38 76 25 80 81 61 125 75 100 4 42 44 71 104 92 64 93 71 18 84 0 96 94 26 90 69 5 79 69 
50 84 96 84 40 96 89 100 52 53 42 44 79 19 98 99 85 62 70 77 45 72 80 72 58 97 53 89 56 52 97 70 75 63 110 73 111 129 108 77 30 96 0 50 78 71 27 100 90 52 
59 63 47 79 44 70 47 54 35 7 8 9 57 31 55 49 35 15 52 28 7 57 39 70 17 54 33 41 20 6 97 53 54 28 63 24 77 87 71 78 22 94 50 0 68 24 48 99 48 24 
32 18 80 12 39 29 56 67 34 63 67 62 19 72 62 99 77 81 17 70 63 12 50 12 54 58 36 99 49 75 29 16 18 45 81 66 48 77 53 16 61 26 78 68 0 64 52 31 55 44 
66 52 25 75 53 55 24 31 37 18 30 28 48 53 32 36 16 24 46 7 27 52 19 69 15 32 35 35 20 26 93 48 46 20 39 3 58 64 50 77 42 90 71 24 64 0 63 94 26 27 
23 61 88 57 15 72 74 86 32 48 41 39 56 28 84 96 78 63 46 70 41 48 65 45 47 81 34 89 44 52 70 46 51 48 98 65 89 111 88 51 27 69 27 48 52 63 0 73 75 37 
50 45 109 20 63 50 84 94 64 94 96 92 48 98 89 129 107 111 48 101 93 43 80 29 85 85 65 129 80 105 3 46 48 76 108 97 67 96 75 22 89 5 100 99 31 94 73 0 83 74 
70 38 27 66 61 36 2 13 43 42 53 50 36 73 9 49 29 50 40 27 49 44 10 64 33 6 41 54 34 52 82 42 37 27 26 27 33 40 24 71 61 79 90 48 55 26 75 83 0 38 
39 40 51 55 26 48 37 49 11 20 24 19 34 37 47 63 42 37 28 34 20 33 28 46 12 44 9 59 7 31 72 29 30 11 61 29 60 77 56 54 25 69 52 24 44 27 37 74 38 0 
0 1000
3478 4054
4872 5842
2055 2540
5050 5990
1339 2246
3597 3811
4092 5078
2557 3039
1459 2141
1822 1882
5144 5321
4595 5555
4688 4689
4821 4978
3686 3990
5228 5628
158 467
3173 3544
2766 3565
3056 3650
3827 3833
754 914
1609 2360
1734 2448
3420 4224
302 905
5322 5858
212 928
412 1188
919 1366
2903 3549
556 576
2134 3124
3989 4421
247 320
4327 4337
2390 3046
2980 3264
2649 2763
2201 2279
3310 3560
1074 1201
4234 4381
862 1672
639 640
4460 5284
1995 2745
1260 1633
4947 5491
3.3900228341390837 40.099169108353216 90.65168637600691 13.36281872002898 13.68321296579632 49.746228536143924 73.07793349944812 85.3435849731188 31.662676711572402 50.97677215297834 41.752661235606126 41.50230012486087 39.77773418742893 20.087223890649486 81.2060582075473 98.74447172246839 81.48014403595067 62.6852788276636 33.253529948180315 73.09972397497918 43.21788538349609 30.189618330047207 64.60896811259256 11.033214027972049 50.73056232050306 77.5564726501362 33.93979501028369 89.53537253292191 46.544246080650375 52.21539657821735 2.1390616106732208 31.15925831089158 37.151887793013 49.77342567182358 98.92785927905561 68.25962081116997 68.95585445648348 98.10719859911555 74.91321310854303 5.726185570879916 27.11277180870919 5.50240320450901 1.0587106479266084 49.28103904476151 22.068934103886207 66.07892100015889 3.4530365616511904 3.1125465276819364 72.77666016181921 39.90816876526512 
49.90585219076771 74.7794905358376 34.591609592781715 82.99320875690263 37.61168322442403 82.3229979180341 52.60075196277335 53.416455838710995 42.59626207678229 19.012624763572784 11.788056784813783 16.160166245764383 68.93266999696158 3.540692291138303 57.07954278589013 13.553087738232428 26.97593200419186 5.489360944860211 62.09127064232509 27.511202337856165 15.917298333247299 66.42680202976823 48.37752661329492 71.3160571300162 29.437347649126256 58.92317099683342 41.9288633590162 3.4768988978600146 32.61897015936983 7.212135998348501 96.88533993000664 62.784193786522955 65.483294646498 40.106966916114274 50.609716296796734 27.742864418879677 87.43546525117024 84.93934853342262 78.53136701203934 77.3953838659762 14.233543219745759 95.48178076046864 0.07913487885873316 12.6002612278036 75.45465473167503 29.32078330598955 26.54079195037108 99.68854858885325 54.605069315339385 35.235440956957845 