50
0 90 54 101 98 52 41 82 49 58 27 83 32 81 74 32 72 70 71 50 29 84 50 27 24 55 68 74 66 18 46 27 74 91 66 56 30 56 29 21 36 42 64 26 44 46 42 70 60 53 
90 0 66 17 9 51 63 53 41 52 71 43 80 84 37 63 20 81 51 82 117 42 63 80 112 49 50 65 60 94 74 88 84 2 38 45 68 75 91 106 86 74 27 114 54 52 64 56 44 41 
54 66 0 83 74 66 16 93 38 73 27 87 72 109 77 55 60 100 22 16 81 87 74 29 77 18 81 94 13 45 10 34 105 68 29 64 25 9 76 75 79 14 55 78 59 22 14 85 68 56 
101 17 83 0 12 56 78 48 54 55 86 38 87 80 36 72 29 80 68 99 128 36 67 95 122 66 50 63 77 107 90 103 82 16 55 50 82 92 98 116 92 90 38 124 61 67 80 55 48 49 
98 9 74 12 0 57 71 55 50 58 80 45 87 87 41 71 27 85 58 90 125 44 69 89 120 58 55 69 67 102 82 97 88 7 46 51 76 83 98 114 93 83 35 122 61 60 73 60 50 48 
52 51 66 56 57 0 52 31 29 7 50 30 31 44 23 20 31 36 67 75 74 32 12 59 69 52 17 28 70 64 66 66 41 51 53 6 48 73 42 62 36 64 25 71 9 44 54 20 9 12 
41 63 16 78 71 52 0 80 27 59 13 76 56 95 66 40 52 85 31 23 68 76 59 19 64 16 68 80 26 35 14 27 90 64 29 51 11 22 61 61 63 13 45 66 44 11 3 72 55 44 
82 53 93 48 55 31 80 0 54 24 80 10 56 32 18 51 40 34 88 104 102 11 34 90 96 77 14 16 94 95 95 97 35 52 73 29 78 101 66 90 58 93 40 98 40 71 83 13 26 37 
49 41 38 54 50 29 27 54 0 35 31 49 46 73 39 27 26 65 38 50 77 49 39 41 72 23 42 56 41 53 41 49 69 42 25 26 28 47 55 66 54 40 18 74 24 17 30 47 29 18 
58 52 73 55 58 7 59 24 35 0 57 25 34 38 19 27 33 31 72 82 79 27 12 66 74 58 10 22 76 71 73 73 35 52 58 9 55 80 45 67 38 71 28 75 16 51 61 13 8 17 
27 71 27 86 80 50 13 80 31 57 0 77 46 90 67 33 58 79 44 28 55 78 54 10 51 29 66 77 39 23 21 18 84 73 41 51 4 31 49 48 53 17 50 52 41 21 14 70 55 45 
83 43 87 38 45 30 76 10 49 25 77 0 59 42 10 51 31 42 81 99 104 2 37 87 99 70 16 25 87 94 90 94 44 43 66 27 75 96 70 92 62 89 33 101 39 66 79 18 23 33 
32 80 72 87 87 31 56 56 46 34 46 59 0 50 53 19 60 38 81 74 46 60 22 52 41 64 43 44 80 49 67 56 42 81 71 37 47 77 11 34 7 64 53 43 26 54 58 42 39 39 
81 84 109 80 87 44 95 32 73 38 90 42 50 0 46 57 67 12 110 117 92 44 36 98 88 96 34 18 114 98 108 103 8 83 96 47 89 116 56 81 47 106 65 89 50 88 97 28 45 55 
74 37 77 36 41 23 66 18 39 19 67 10 53 46 0 43 22 44 71 89 97 11 32 77 92 60 14 28 77 85 80 85 47 37 56 18 65 85 64 85 57 78 23 94 31 55 68 19 15 23 
32 63 55 72 71 20 40 51 27 27 33 51 19 57 43 0 44 46 63 61 55 52 21 41 50 46 37 45 63 44 52 47 51 64 52 25 32 61 28 44 27 49 36 52 12 36 42 39 28 23 
72 20 60 29 27 31 52 40 26 33 58 31 60 67 22 44 0 63 51 74 99 30 44 67 94 42 33 49 58 79 65 75 67 20 35 25 54 69 71 88 66 65 9 96 34 41 54 39 25 21 
70 81 100 80 85 36 85 34 65 31 79 42 38 12 44 46 63 0 103 107 81 44 27 87 76 88 31 17 105 87 99 92 5 81 89 41 79 107 45 69 36 96 59 78 41 79 88 25 39 48 
71 51 22 68 58 67 31 88 38 72 44 81 81 110 71 63 51 103 0 38 99 81 77 49 95 17 78 93 10 65 32 55 107 52 15 63 41 28 88 92 89 35 48 96 62 28 30 84 66 55 
50 82 16 99 90 75 23 104 50 82 28 99 74 117 89 61 74 107 38 0 73 100 81 24 70 33 91 103 28 36 9 25 111 84 45 75 28 10 76 70 81 11 68 72 67 34 21 95 78 67 
29 117 81 128 125 74 68 102 77 79 55 104 46 92 97 55 99 81 99 73 0 105 68 52 5 83 89 90 93 37 72 49 84 118 95 80 58 81 36 12 46 67 90 3 67 74 69 88 83 79 
84 42 87 36 44 32 76 11 49 27 78 2 60 44 11 52 30 44 81 100 105 0 38 88 100 70 18 27 87 95 90 95 46 41 65 28 75 96 71 93 64 89 33 102 40 66 79 20 24 33 
50 63 74 67 69 12 59 34 39 12 54 37 22 36 32 21 44 27 77 81 68 38 0 62 63 61 21 25 79 64 72 68 31 63 64 19 53 81 33 56 26 70 37 65 15 52 61 20 20 24 
27 80 29 95 89 59 19 90 41 66 10 87 52 98 77 41 67 87 49 24 52 88 62 0 48 35 76 86 42 16 20 8 92 82 49 60 13 29 53 47 58 16 59 50 50 29 19 79 64 54 
24 112 77 122 120 69 64 96 72 74 51 99 41 88 92 50 94 76 95 70 5 100 63 48 0 79 83 85 89 34 68 46 80 113 90 74 54 77 32 7 41 64 85 2 62 69 65 83 77 73 
55 49 18 66 58 52 16 77 23 58 29 70 64 96 60 46 42 88 17 33 83 70 61 35 79 0 65 79 18 51 24 42 92 51 14 49 25 26 71 75 72 25 37 80 46 10 17 70 52 41 
68 50 81 50 55 17 68 14 42 10 66 16 43 34 14 37 33 31 78 91 89 18 21 76 83 65 0 16 83 81 82 83 34 50 64 16 64 89 54 76 46 80 31 85 26 59 70 6 13 24 
74 65 94 63 69 28 80 16 56 22 77 25 44 18 28 45 49 17 93 103 90 27 25 86 85 79 16 0 97 89 94 92 19 65 79 30 76 102 54 78 45 92 47 87 36 72 83 10 28 38 
66 60 13 77 67 70 26 94 41 76 39 87 80 114 77 63 58 105 10 28 93 87 79 42 89 18 83 97 0 58 23 47 110 62 23 67 36 18 86 87 88 27 54 91 64 27 25 88 70 59 
18 94 45 107 102 64 35 95 53 71 23 94 49 98 85 44 79 87 65 36 37 95 64 16 34 51 81 89 58 0 35 12 91 95 64 67 26 44 47 34 54 31 70 35 55 44 35 83 71 62 
46 74 10 90 82 66 14 95 41 73 21 90 67 108 80 52 65 99 32 9 72 90 72 20 68 24 82 94 23 35 0 24 103 75 37 65 20 10 70 66 74 4 59 70 58 24 12 86 69 58 
27 88 34 103 97 66 27 97 49 73 18 94 56 103 85 47 75 92 55 25 49 95 68 8 46 42 83 92 47 12 24 0 97 90 56 67 21 32 55 45 62 20 67 47 57 37 26 85 71 62 
74 84 105 82 88 41 90 35 69 35 84 44 42 8 47 51 67 5 107 111 84 46 31 92 80 92 34 19 110 91 103 97 0 84 94 45 83 112 49 73 39 100 63 81 46 84 92 28 43 52 
91 2 68 16 7 51 64 52 42 52 73 43 81 83 37 64 20 81 52 84 118 41 63 82 113 51 50 65 62 95 75 90 84 0 40 45 69 77 91 107 87 76 28 115 54 53 66 56 44 42 
66 38 29 55 46 53 29 73 25 58 41 66 71 96 56 52 35 89 15 45 95 65 64 49 90 14 64 79 23 64 37 56 94 40 0 49 38 37 79 86 79 39 33 92 49 21 30 69 51 41 
56 45 64 50 51 6 51 29 26 9 51 27 37 47 18 25 25 41 63 75 80 28 19 60 74 49 16 30 67 67 65 67 45 45 49 0 49 72 48 68 42 64 19 76 13 42 54 21 4 8 
30 68 25 82 76 48 11 78 28 55 4 75 47 89 65 32 54 79 41 28 58 75 53 13 54 25 64 76 36 26 20 21 83 69 38 49 0 30 51 51 54 17 46 55 40 17 12 68 52 42 
56 75 9 92 83 73 22 101 47 80 31 96 77 116 85 61 69 107 28 10 81 96 81 29 77 26 89 102 18 44 10 32 112 77 37 72 30 0 80 76 84 14 63 79 66 30 19 93 76 65 
29 91 76 98 98 42 61 66 55 45 49 70 11 56 64 28 71 45 88 76 36 71 33 53 32 71 54 54 86 47 70 55 49 91 79 48 51 80 0 25 9 67 63 33 37 61 62 53 51 50 
21 106 75 116 114 62 61 90 66 67 48 92 34 81 85 44 88 69 92 70 12 93 56 47 7 75 76 78 87 34 66 45 73 107 86 68 51 76 25 0 34 62 79 9 55 66 62 76 71 67 
36 86 79 92 93 36 63 58 54 38 53 62 7 47 57 27 66 36 89 81 46 64 26 58 41 72 46 45 88 54 74 62 39 87 79 42 54 84 9 34 0 71 59 42 33 61 65 44 44 45 
42 74 14 90 83 64 13 93 40 71 17 89 64 106 78 49 65 96 35 11 67 89 70 16 64 25 80 92 27 31 4 20 100 76 39 64 17 14 67 62 71 0 58 65 56 24 11 84 67 56 
64 27 55 38 35 25 45 40 18 28 50 33 53 65 23 36 9 59 48 68 90 33 37 59 85 37 31 47 54 70 59 67 63 28 33 19 46 63 63 79 59 58 0 87 26 34 47 37 20 14 
26 114 78 124 122 71 66 98 74 75 52 101 43 89 94 52 96 78 96 72 3 102 65 50 2 80 85 87 91 35 70 47 81 115 92 76 55 79 33 9 42 65 87 0 64 71 67 85 79 75 
44 54 59 61 61 9 44 40 24 16 41 39 26 50 31 12 34 41 62 67 67 40 15 50 62 46 26 36 64 55 58 57 46 54 49 13 40 66 37 55 33 56 26 64 0 38 47 29 16 13 
46 52 22 67 60 44 11 71 17 51 21 66 54 88 55 36 41 79 28 34 74 66 52 29 69 10 59 72 27 44 24 37 84 53 21 42 17 30 61 66 61 24 34 71 38 0 13 63 46 35 
42 64 14 80 73 54 3 83 30 61 14 79 58 97 68 42 54 88 30 21 69 79 61 19 65 17 70 83 25 35 12 26 92 66 30 54 12 19 62 62 65 11 47 67 47 13 0 74 57 46 
70 56 85 55 60 20 72 13 47 13 70 18 42 28 19 39 39 25 84 95 88 20 20 79 83 70 6 10 88 83 86 85 28 56 69 21 68 93 53 76 44 84 37 85 29 63 74 0 18 29 
60 44 68 48 50 9 55 26 29 8 55 23 39 45 15 28 25 39 66 78 83 24 20 64 77 52 13 28 70 71 69 71 43 44 51 4 52 76 51 71 44 67 20 79 16 46 57 18 0 11 
53 41 56 49 48 12 44 37 18 17 45 33 39 55 23 23 21 48 55 67 79 33 24 54 73 41 24 38 59 62 58 62 52 42 41 8 42 65 50 67 45 56 14 75 13 35 46 29 11 0 
0 1000
4460 5037
3772 4498
2719 2795
4008 4854
4628 4780
1648 2290
2419 3041
439 1281
4114 4385
3679 3958
1548 1915
4560 4773
3094 3582
2392 2737
3274 3599
2833 3301
3443 4048
992 1195
943 1651
2985 3301
131 179
3253 3929
1880 2593
1984 2173
4952 5481
3207 3323
1463 2040
1218 1849
273 620
2124 2599
307 1140
3345 3824
569 1442
4914 5193
1102 1465
4841 5724
918 1888
4289 4765
1377 1784
744 782
3622 3870
2270 2385
4699 4969
3930 4341
2530 3435
4211 4395
1778 2017
836 1657
2659 3425
83.11287799794084 17.368401894430384 83.37614444060503 0.3213925489628289 9.77624224969964 32.54778049511739 76.41661110525435 1.6047132487163274 49.74545791718362 25.982817553544045 80.01221337940817 3.1071756076327395 52.999866600377175 4.702976499915989 12.737498076260989 52.644805823860665 24.556159480331196 16.15443914871172 67.42634514720753 98.51530806012038 96.610816913705 2.279897524787966 33.59120046445692 89.833258968083 92.3830807105053 65.92807904816358 15.66887442069561 9.392064608059947 77.12823210830447 96.77996780355531 89.35519781320804 97.26620220197694 12.492530716937111 15.691161161677647 55.27662903997857 30.023544723454908 77.23173212769206 92.05751288679551 61.03251765657773 85.62928411425396 51.6749052750855 89.20523736213397 31.48485781183562 93.71730088059266 41.36243433472514 65.27855402835556 78.70153498085939 13.789430628538069 26.2224850380983 35.594728628076936 
27.05564500004356 88.02911193584548 81.26416093814154 85.38522379131412 92.12274811341705 39.4763034699342 67.12168881090939 37.513696823627164 62.534986084861366 36.93789938952364 54.156207948238375 47.216248536761874 16.338300158836393 5.458536743844322 51.15870529826696 35.496982434792436 69.68004685191691 7.0639980077724545 96.39439489172192 75.08870526611823 1.7270503330647946 48.96889976711657 27.099582758564267 53.123442968300274 5.0487618182651905 79.04399006048975 37.57770433131924 23.159075685828345 93.04096789318767 38.66607142503118 73.0171340911385 50.502254390384685 4.22223400945505 87.86613413193048 87.42085285783705 45.27774587883001 56.55714697273512 82.53495141136665 8.53140057079611 6.637536194254833 8.965630516748424 68.80343197245084 64.43327691454867 3.59304156035386 39.93897542031172 68.93275223010065 68.41445821986287 32.19576126778227 45.1999818645035 51.26702495824975 