50
0 23 14 39 70 52 65 12 64 87 46 77 9 79 51 53 83 30 83 18 46 49 39 49 20 39 24 82 23 54 17 81 55 69 1 36 80 81 35 41 11 24 61 43 76 15 29 70 53 85 
23 0 9 30 54 66 47 20 59 66 29 71 20 68 65 31 67 15 63 16 45 30 31 38 39 16 20 74 2 32 16 63 33 60 22 16 70 70 25 20 28 33 60 50 55 11 9 53 53 76 
14 9 0 33 59 59 53 12 59 74 34 71 13 71 58 39 72 18 70 14 43 37 32 41 30 25 18 75 9 41 11 69 41 62 13 24 72 73 26 27 21 29 58 45 63 6 16 58 51 78 
39 30 33 0 80 90 70 44 89 81 55 100 30 96 89 44 92 44 81 21 75 54 62 68 58 30 50 104 32 33 44 86 50 90 39 23 99 98 56 44 34 25 90 78 70 38 37 79 83 105 
70 54 59 80 0 79 12 58 31 34 25 32 72 20 79 41 14 40 27 70 39 26 34 22 73 51 46 34 52 56 52 15 33 24 68 57 25 21 35 36 79 87 42 58 32 55 45 2 43 31 
52 66 59 90 79 0 83 47 53 110 69 63 61 75 2 89 89 61 103 70 39 75 50 58 33 81 48 67 65 97 50 94 86 61 52 82 72 76 53 73 61 75 42 21 102 55 66 80 36 74 
65 47 53 70 12 83 0 55 40 27 19 44 66 32 82 29 22 35 21 63 44 17 34 25 72 40 43 46 45 45 48 17 22 35 64 47 37 34 34 27 74 80 50 61 21 50 38 10 50 43 
12 20 12 44 58 47 55 0 52 78 36 65 18 67 46 48 72 21 74 24 34 40 27 38 20 36 12 69 19 52 6 71 47 56 11 35 68 69 23 33 23 35 49 34 68 9 22 59 41 73 
64 59 59 89 31 53 40 52 0 66 38 13 70 22 53 61 39 44 58 73 19 44 27 22 59 64 41 18 57 76 48 45 55 8 63 69 20 23 33 49 76 87 11 34 62 53 52 33 17 23 
87 66 74 81 34 110 27 78 66 0 43 66 86 51 110 37 32 58 8 80 71 38 61 52 97 54 68 66 65 49 72 22 33 59 86 60 57 52 59 46 94 97 76 89 11 72 58 32 76 62 
46 29 34 55 25 69 19 36 38 43 0 47 47 41 68 24 38 16 38 45 33 7 19 16 54 27 25 50 27 38 30 35 18 37 45 33 44 43 16 12 55 62 44 48 34 31 20 25 41 50 
77 71 71 100 32 63 44 65 13 66 47 0 83 16 64 69 35 56 58 85 32 51 40 32 72 74 54 4 69 84 61 44 62 11 76 80 10 16 45 58 89 100 22 46 64 66 63 35 29 10 
9 20 13 30 72 61 66 18 70 86 47 83 0 83 59 50 85 31 83 10 52 49 43 53 28 35 29 87 21 49 22 82 53 73 9 31 85 85 38 40 8 17 68 51 75 17 28 72 60 90 
79 68 71 96 20 75 32 67 22 51 41 16 83 0 75 60 19 53 43 83 39 43 40 30 78 68 55 15 66 75 62 29 52 14 78 74 6 2 45 52 90 100 33 56 50 66 59 22 39 11 
51 65 58 89 79 2 82 46 53 110 68 64 59 75 0 88 90 60 103 68 39 75 49 58 32 80 48 68 64 96 49 94 85 61 50 81 73 77 52 72 59 73 42 21 102 54 65 80 37 74 
53 31 39 44 41 89 29 48 61 37 24 69 50 60 88 0 50 29 37 43 56 18 41 40 67 16 41 72 30 16 42 43 7 59 52 23 64 62 37 16 58 60 68 69 26 39 25 39 64 71 
83 67 72 92 14 89 22 72 39 32 38 35 85 19 90 50 0 54 25 83 51 38 47 35 86 62 59 35 65 66 66 10 43 31 82 69 25 20 49 48 93 100 50 69 34 68 58 14 53 30 
30 15 18 44 40 61 35 21 44 58 16 56 31 53 60 29 54 0 53 30 32 19 18 24 40 22 12 59 13 37 15 51 27 46 29 25 56 55 12 13 39 47 46 42 47 15 7 40 40 61 
83 63 70 81 27 103 21 74 58 8 38 58 83 43 103 37 25 53 0 78 64 34 55 45 92 52 63 58 62 50 68 15 31 51 82 59 49 44 54 43 91 95 68 82 12 68 55 24 69 54 
18 16 14 21 70 70 63 24 73 80 45 85 10 83 68 43 83 30 78 0 57 46 45 54 38 27 32 89 18 39 25 79 47 75 18 22 86 85 40 36 17 18 72 58 69 20 25 70 64 91 
46 45 43 75 39 39 44 34 19 71 33 32 52 39 39 56 51 32 64 57 0 39 15 19 40 54 25 36 43 68 31 55 51 25 45 57 38 40 20 41 57 70 15 18 64 37 39 41 8 41 
49 30 37 54 26 75 17 40 44 38 7 51 49 43 75 18 38 19 34 46 39 0 26 22 59 25 30 54 29 33 34 33 12 41 48 31 48 45 23 10 58 63 50 55 28 34 21 25 47 54 
39 31 32 62 34 50 34 27 27 61 19 40 43 40 49 41 47 18 55 45 15 26 0 11 40 39 15 44 30 53 22 48 37 30 38 43 41 42 6 26 50 60 29 29 52 26 25 35 23 47 
49 38 41 68 22 58 25 38 22 52 16 32 53 30 58 40 35 24 45 54 19 22 11 0 51 42 25 36 37 53 32 37 34 22 48 47 32 32 15 27 60 70 28 37 45 36 31 24 26 38 
20 39 30 58 73 33 72 20 59 97 54 72 28 78 32 67 86 40 92 38 40 59 40 51 0 55 29 76 38 71 26 87 67 65 20 54 77 80 38 52 27 41 52 29 87 28 42 74 44 81 
39 16 25 30 51 81 40 36 64 54 27 74 35 68 80 16 62 22 52 27 54 25 39 42 55 0 33 77 17 16 31 56 21 63 38 7 71 70 33 16 43 44 68 63 42 27 15 49 62 78 
24 20 18 50 46 48 43 12 41 68 25 54 29 55 48 41 59 12 63 32 25 30 15 25 29 33 0 58 19 49 7 59 39 45 23 35 56 57 11 25 35 46 40 31 58 12 18 46 33 61 
82 74 75 104 34 67 46 69 18 66 50 4 87 15 68 72 35 59 58 89 36 54 44 36 76 77 58 0 72 87 65 44 65 14 80 83 10 15 49 62 93 104 26 50 65 70 67 36 33 7 
23 2 9 32 52 65 45 19 57 65 27 69 21 66 64 30 65 13 62 18 43 29 30 37 38 17 19 72 0 33 15 62 32 58 22 17 68 68 24 19 29 35 58 49 54 10 7 52 51 74 
54 32 41 33 56 97 45 52 76 49 38 84 49 75 96 16 66 37 50 39 68 33 53 53 71 16 49 87 33 0 47 58 23 74 53 18 80 77 48 27 56 54 81 79 38 43 31 55 76 86 
17 16 11 44 52 50 48 6 48 72 30 61 22 62 49 42 66 15 68 25 31 34 22 32 26 31 7 65 15 47 0 65 41 52 16 32 63 64 17 27 28 39 47 34 62 6 17 52 39 68 
81 63 69 86 15 94 17 71 45 22 35 44 82 29 94 43 10 51 15 79 55 33 48 37 87 56 59 44 62 58 65 0 36 38 80 63 35 30 49 44 90 97 57 73 24 66 55 14 59 40 
55 33 41 50 33 86 22 47 55 33 18 62 53 52 85 7 43 27 31 47 51 12 37 34 67 21 39 65 32 23 41 36 0 52 54 28 57 54 33 14 61 64 62 66 22 40 26 32 59 63 
69 60 62 90 24 61 35 56 8 59 37 11 73 14 61 59 31 46 51 75 25 41 30 22 65 63 45 14 58 74 52 38 52 0 67 69 12 15 35 48 80 90 20 42 56 56 53 27 25 17 
1 22 13 39 68 52 64 11 63 86 45 76 9 78 50 52 82 29 82 18 45 48 38 48 20 38 23 80 22 53 16 80 54 67 0 36 79 80 33 40 13 25 60 42 75 14 28 68 52 84 
36 16 24 23 57 82 47 35 69 60 33 80 31 74 81 23 69 25 59 22 57 31 43 47 54 7 35 83 17 18 32 63 28 69 36 0 77 76 37 22 38 38 72 65 49 27 18 56 66 84 
80 70 72 99 25 72 37 68 20 57 44 10 85 6 73 64 25 56 49 86 38 48 41 32 77 71 56 10 68 80 63 35 57 12 79 77 0 5 46 56 91 102 30 54 56 67 62 27 36 6 
81 70 73 98 21 76 34 69 23 52 43 16 85 2 77 62 20 55 44 85 40 45 42 32 80 70 57 15 68 77 64 30 54 15 80 76 5 0 47 54 92 102 34 57 52 68 61 24 40 10 
35 25 26 56 35 53 34 23 33 59 16 45 38 45 52 37 49 12 54 40 20 23 6 15 38 33 11 49 24 48 17 49 33 35 33 37 46 47 0 21 45 55 35 32 51 21 19 36 29 52 
41 20 27 44 36 73 27 33 49 46 12 58 40 52 72 16 48 13 43 36 41 10 26 27 52 16 25 62 19 27 27 44 14 48 40 22 56 54 21 0 48 53 54 53 36 26 12 35 49 62 
11 28 21 34 79 61 74 23 76 94 55 89 8 90 59 58 93 39 91 17 57 58 50 60 27 43 35 93 29 56 28 90 61 80 13 38 91 92 45 48 0 14 72 54 83 25 36 79 64 96 
24 33 29 25 87 75 80 35 87 97 62 100 17 100 73 60 100 47 95 18 70 63 60 70 41 44 46 104 35 54 39 97 64 90 25 38 102 102 55 53 14 0 85 67 86 34 42 87 77 107 
61 60 58 90 42 42 50 49 11 76 44 22 68 33 42 68 50 46 68 72 15 50 29 28 52 68 40 26 58 81 47 57 62 20 60 72 30 34 35 54 72 85 0 25 71 52 54 44 8 32 
43 50 45 78 58 21 61 34 34 89 48 46 51 56 21 69 69 42 82 58 18 55 29 37 29 63 31 50 49 79 34 73 66 42 42 65 54 57 32 53 54 67 25 0 81 40 48 59 17 56 
76 55 63 70 32 102 21 68 62 11 34 64 75 50 102 26 34 47 12 69 64 28 52 45 87 42 58 65 54 38 62 24 22 56 75 49 56 52 51 36 83 86 71 81 0 61 47 29 70 62 
15 11 6 38 55 55 50 9 53 72 31 66 17 66 54 39 68 15 68 20 37 34 26 36 28 27 12 70 10 43 6 66 40 56 14 27 67 68 21 26 25 34 52 40 61 0 14 55 45 73 
29 9 16 37 45 66 38 22 52 58 20 63 28 59 65 25 58 7 55 25 39 21 25 31 42 15 18 67 7 31 17 55 26 53 28 18 62 61 19 12 36 42 54 48 47 14 0 45 48 68 
70 53 58 79 2 80 10 59 33 32 25 35 72 22 80 39 14 40 24 70 41 25 35 24 74 49 46 36 52 55 52 14 32 27 68 56 27 24 36 35 79 87 44 59 29 55 45 0 45 33 
53 53 51 83 43 36 50 41 17 76 41 29 60 39 37 64 53 40 69 64 8 47 23 26 44 62 33 33 51 76 39 59 59 25 52 66 36 40 29 49 64 77 8 17 70 45 48 45 0 39 
85 76 78 105 31 74 43 73 23 62 50 10 90 11 74 71 30 61 54 91 41 54 47 38 81 78 61 7 74 86 68 40 63 17 84 84 6 10 52 62 96 107 32 56 62 73 68 33 39 0 
0 1000
1714 1758
2901 3823
2089 2779
2488 3337
1428 1923
985 1976
3981 4634
1925 2598
4567 4990
3750 4671
3367 4275
3620 4110
3013 3542
3508 3603
2720 2961
559 1056
3305 4238
183 954
4269 4715
3414 4169
3197 3398
2202 2482
1026 1895
4307 4588
3128 3207
4080 4301
873 1727
4351 5108
1562 1761
1652 2472
1232 1920
1137 1167
1362 1870
2840 3194
4187 4281
521 574
100 855
3859 3877
2276 2725
4010 4953
349 941
4441 4630
4115 4616
608 997
738 1597
2036 2389
1823 2690
2618 3136
2391 2707
11.380044894989073 32.37097743019359 24.580099901910057 22.32198225465678 77.78257776756647 5.7219756772197155 75.80193361538551 20.978297563065652 57.71031921341317 98.03602762514862 56.940468871361205 68.995975242298 12.270491845743624 79.50929851414355 4.8604363310603915 61.79581819979777 90.76560629623673 41.479922591033 94.6188977835093 18.51166443681036 41.1855725848808 60.833047744778476 44.2055441739496 55.45872874341755 4.725638059510628 45.55335848448704 32.647640267072205 72.50630378024805 33.34810344214383 55.22722602553271 27.397790355119533 91.53623511962753 64.93839435046446 65.71395320659738 12.464227605705569 39.782487787134045 77.35862646300323 80.90813279337212 42.78360203446427 51.9101087964142 3.948310678431821 1.9630497084417775 47.306330131345376 23.91398874750915 86.99715411206574 26.785219524410742 40.14992219627521 78.62949649186167 41.050896277502424 79.2225868191672 
60.29939460036172 68.76311056882918 64.35853021807286 97.2354837270877 39.71931752715865 8.29906480637479 51.89800495041854 52.78921156890321 15.82836543950985 67.49369772804502 53.934621576251715 8.515326186594974 68.84161342838226 20.13739726600081 9.892778152110605 77.11058343090127 35.96529455697378 57.11082670088393 60.44581165923044 76.89798218378988 25.107254484482056 59.35254122548981 39.580394830725105 37.99533640545999 41.47065887755678 78.6600071206068 48.5046094039147 6.37921585925495 67.09939431904792 91.46136452516886 53.404631259182544 46.25842600533322 70.5075331434505 18.49934511542466 59.69474460641965 82.4622083337578 14.684134722751985 18.562365127933123 45.52087013494006 64.37365920121091 68.91310550130785 82.72570651603604 11.01256643746148 19.135508778410692 69.99564840134953 59.21050947140575 64.49169850043181 41.98577553595685 16.616973323141004 8.64168727368444 