50
0 28 62 68 22 44 100 27 72 76 89 67 69 88 44 27 41 35 63 51 76 60 29 94 90 80 52 85 59 45 50 79 11 46 90 45 84 91 39 71 104 66 74 18 110 25 60 56 54 82 
28 0 37 71 21 48 86 1 54 68 76 38 45 76 24 17 18 36 70 47 53 54 6 69 64 57 62 70 60 41 38 85 20 21 70 56 56 78 21 69 80 50 81 13 89 17 36 28 38 88 
62 37 0 70 58 56 57 37 24 51 49 21 9 51 20 37 42 46 73 45 17 46 41 32 28 20 71 42 59 43 30 84 56 17 35 67 31 52 25 61 43 27 82 50 53 53 2 30 23 86 
68 71 70 0 84 24 58 70 55 31 49 90 68 46 56 55 89 36 9 26 68 24 78 87 91 74 20 51 12 31 41 15 73 65 67 25 101 49 55 14 88 47 12 74 84 84 68 90 47 16 
22 21 58 84 0 60 106 21 75 86 96 55 66 95 45 32 23 48 81 63 74 71 17 89 83 77 71 90 74 57 57 97 12 42 91 65 72 98 41 85 101 71 92 11 110 5 56 41 58 100 
44 48 56 24 60 0 66 47 49 38 55 72 56 53 38 32 66 13 21 14 59 21 54 80 81 65 16 53 15 13 27 37 49 46 66 12 87 56 35 28 85 41 33 50 85 60 54 70 34 40 
100 86 57 58 106 66 0 85 33 29 11 77 49 13 62 75 97 68 66 53 42 44 92 49 57 44 74 16 55 57 51 67 100 67 26 75 78 10 65 44 41 35 67 96 31 103 57 87 48 65 
27 1 37 70 21 47 85 0 54 67 75 40 45 75 24 15 20 34 68 46 53 53 8 69 65 57 61 69 59 40 37 84 19 21 70 55 57 78 20 68 81 50 80 12 89 18 36 29 38 86 
72 54 24 55 75 49 33 54 0 29 25 45 17 26 30 46 64 45 60 36 13 32 59 32 36 19 63 18 46 37 25 69 70 34 18 61 50 28 34 43 36 9 67 65 38 71 24 54 18 69 
76 68 51 31 86 38 29 67 29 0 18 72 45 16 46 54 83 42 38 26 43 17 74 59 64 48 45 20 26 32 30 42 78 53 38 47 80 19 47 17 58 24 41 76 54 84 50 78 31 41 
89 76 49 49 96 55 11 75 25 18 0 70 42 3 52 64 88 57 57 42 36 33 82 47 54 39 63 7 45 46 40 59 89 57 24 65 73 3 55 35 43 25 59 85 36 93 49 79 37 58 
67 38 21 90 55 72 77 40 45 72 70 0 28 71 34 47 34 61 91 64 35 66 39 40 32 34 88 62 78 61 49 104 58 27 53 84 17 73 38 82 53 48 101 50 66 50 22 15 43 106 
69 45 9 68 66 56 49 45 17 45 42 28 0 43 25 42 51 49 72 45 8 44 49 25 25 12 71 34 57 44 30 82 64 24 27 69 34 45 30 58 35 22 80 57 44 62 10 38 23 83 
88 76 51 46 95 53 13 75 26 16 3 71 43 0 52 63 88 55 54 40 38 31 82 50 57 41 61 9 42 45 39 56 88 57 27 62 76 3 55 32 46 26 56 85 39 93 50 80 37 55 
44 24 20 56 45 38 62 24 30 46 52 34 25 52 0 17 37 27 57 31 32 35 30 50 48 36 53 46 45 26 17 71 40 8 47 49 49 54 5 51 60 26 68 35 67 41 18 34 15 73 
27 17 37 55 32 32 75 15 46 54 64 47 42 63 17 0 35 19 53 31 49 39 23 68 65 54 46 59 43 25 24 68 25 21 63 40 63 66 12 53 77 40 64 22 83 31 35 40 28 71 
41 18 42 89 23 66 97 20 64 83 88 34 51 88 37 35 0 54 88 65 59 71 13 71 64 62 80 81 78 59 53 103 31 31 78 74 50 91 36 86 84 63 99 23 95 18 42 19 52 106 
35 36 46 36 48 13 68 34 45 42 57 61 49 55 27 19 54 0 34 16 53 25 42 74 73 59 27 53 25 11 21 49 38 35 63 22 77 58 24 37 80 37 45 38 83 48 44 58 28 52 
63 70 73 9 81 21 66 68 60 38 57 91 72 54 57 53 88 34 0 27 73 29 76 92 95 78 12 58 14 31 43 16 69 65 74 18 104 57 55 22 94 52 12 71 91 81 71 91 49 19 
51 47 45 26 63 14 53 46 36 26 42 64 45 40 31 31 65 16 27 0 47 9 54 67 69 53 27 40 14 6 16 40 53 39 52 25 77 43 30 22 71 27 37 53 72 62 44 65 22 42 
76 53 17 68 74 59 42 53 13 43 36 35 8 38 32 49 59 53 73 47 0 44 57 20 23 6 74 29 58 47 33 82 71 32 19 71 38 39 36 57 28 21 80 65 36 70 18 46 26 82 
60 54 46 24 71 21 44 53 32 17 33 66 44 31 35 39 71 25 29 9 44 0 61 63 67 50 32 32 14 15 18 38 62 43 46 32 77 35 35 16 66 23 36 61 65 70 44 69 23 40 
29 6 41 78 17 54 92 8 59 74 82 39 49 82 30 23 13 42 76 54 57 61 0 72 67 61 68 75 66 48 44 91 20 26 75 62 56 84 27 76 84 56 87 12 93 13 40 27 45 94 
94 69 32 87 89 80 49 69 32 59 47 40 25 50 50 68 71 74 92 67 20 63 72 0 10 15 94 41 78 67 53 100 88 48 23 92 33 49 55 75 14 40 98 81 28 85 34 54 46 100 
90 64 28 91 83 81 57 65 36 64 54 32 25 57 48 65 64 73 95 69 23 67 67 10 0 17 96 48 81 68 54 104 84 45 31 93 23 57 53 79 23 44 102 77 38 79 30 47 47 104 
80 57 20 74 77 65 44 57 19 48 39 34 12 41 36 54 62 59 78 53 6 50 61 15 17 0 80 32 64 52 39 87 75 36 19 77 34 42 41 62 24 27 85 69 33 73 21 47 32 87 
52 62 71 20 71 16 74 61 63 45 63 88 71 61 53 46 80 27 12 27 74 32 68 94 96 80 0 63 19 28 42 27 59 61 78 6 102 64 51 31 98 54 23 62 97 72 69 85 49 31 
85 70 42 51 90 53 16 69 18 20 7 62 34 9 46 59 81 53 58 40 29 32 75 41 48 32 63 0 45 43 35 62 84 50 18 64 66 10 49 37 38 19 61 80 34 87 42 72 32 61 
59 60 59 12 74 15 55 59 46 26 45 78 57 42 45 43 78 25 14 14 58 14 66 78 81 64 19 45 0 19 29 26 63 53 60 21 90 45 44 13 80 37 23 64 78 73 57 79 36 28 
45 41 43 31 57 13 57 40 37 32 46 61 44 45 26 25 59 11 31 6 47 15 48 67 68 52 28 43 19 0 14 45 47 35 54 25 74 48 25 28 73 28 41 46 74 56 41 60 21 47 
50 38 30 41 57 27 51 37 25 30 40 49 30 39 17 24 53 21 43 16 33 18 44 53 54 39 42 35 29 14 0 56 49 25 42 39 61 42 17 34 60 17 52 46 63 54 28 50 7 57 
79 85 84 15 97 37 67 84 69 42 59 104 82 56 71 68 103 49 16 40 82 38 91 100 104 87 27 62 26 45 56 0 85 79 80 33 116 58 70 25 100 61 4 87 95 97 83 105 61 4 
11 20 56 73 12 49 100 19 70 78 89 58 64 88 40 25 31 38 69 53 71 62 20 88 84 75 59 84 63 47 49 85 0 40 87 53 76 91 35 75 99 65 81 8 107 14 55 46 52 88 
46 21 17 65 42 46 67 21 34 53 57 27 24 57 8 21 31 35 65 39 32 43 26 48 45 36 61 50 53 35 25 79 40 0 49 57 42 60 11 59 59 32 76 33 68 38 15 26 22 81 
90 70 35 67 91 66 26 70 18 38 24 53 27 27 47 63 78 63 74 52 19 46 75 23 31 19 78 18 60 54 42 80 87 49 0 77 52 26 51 54 21 26 78 81 20 87 36 65 36 79 
45 56 67 25 65 12 75 55 61 47 65 84 69 62 49 40 74 22 18 25 71 32 62 92 93 77 6 64 21 25 39 33 53 57 77 0 98 65 46 34 97 52 29 56 96 65 65 80 46 37 
84 56 31 101 72 87 78 57 50 80 73 17 34 76 49 63 50 77 104 77 38 77 56 33 23 34 102 66 90 74 61 116 76 42 52 98 0 76 53 92 46 56 113 68 61 67 33 31 55 117 
91 78 52 49 98 56 10 78 28 19 3 73 45 3 54 66 91 58 57 43 39 35 84 49 57 42 64 10 45 48 42 58 91 60 26 65 76 0 57 35 45 28 58 88 37 95 52 82 40 57 
39 21 25 55 41 35 65 20 34 47 55 38 30 55 5 12 36 24 55 30 36 35 27 55 53 41 51 49 44 25 17 70 35 11 51 46 53 57 0 51 65 30 66 31 71 38 23 35 18 72 
71 69 61 14 85 28 44 68 43 17 35 82 58 32 51 53 86 37 22 22 57 16 76 75 79 62 31 37 13 28 34 25 75 59 54 34 92 35 51 0 75 36 24 75 71 84 60 85 38 25 
104 80 43 88 101 85 41 81 36 58 43 53 35 46 60 77 84 80 94 71 28 66 84 14 23 24 98 38 80 73 60 100 99 59 21 97 46 45 65 75 0 44 99 93 15 97 45 68 53 100 
66 50 27 47 71 41 35 50 9 24 25 48 22 26 26 40 63 37 52 27 21 23 56 40 44 27 54 19 37 28 17 61 65 32 26 52 56 28 30 36 44 0 59 61 46 68 26 55 12 61 
74 81 82 12 92 33 67 80 67 41 59 101 80 56 68 64 99 45 12 37 80 36 87 98 102 85 23 61 23 41 52 4 81 76 78 29 113 58 66 24 99 59 0 83 94 93 80 101 58 8 
18 13 50 74 11 50 96 12 65 76 85 50 57 85 35 22 23 38 71 53 65 61 12 81 77 69 62 80 64 46 46 87 8 33 81 56 68 88 31 75 93 61 83 0 101 10 48 38 48 90 
110 89 53 84 110 85 31 89 38 54 36 66 44 39 67 83 95 83 91 72 36 65 93 28 38 33 97 34 78 74 63 95 107 68 20 96 61 37 71 71 15 46 94 101 0 106 54 80 57 94 
25 17 53 84 5 60 103 18 71 84 93 50 62 93 41 31 18 48 81 62 70 70 13 85 79 73 72 87 73 56 54 97 14 38 87 65 67 95 38 84 97 68 93 10 106 0 52 36 56 100 
60 36 2 68 56 54 57 36 24 50 49 22 10 50 18 35 42 44 71 44 18 44 40 34 30 21 69 42 57 41 28 83 55 15 36 65 33 52 23 60 45 26 80 48 54 52 0 30 22 84 
56 28 30 90 41 70 87 29 54 78 79 15 38 80 34 40 19 58 91 65 46 69 27 54 47 47 85 72 79 60 50 105 46 26 65 80 31 82 35 85 68 55 101 38 80 36 30 0 47 107 
54 38 23 47 58 34 48 38 18 31 37 43 23 37 15 28 52 28 49 22 26 23 45 46 47 32 49 32 36 21 7 61 52 22 36 46 55 40 18 38 53 12 58 48 57 56 22 47 0 62 
82 88 86 16 100 40 65 86 69 41 58 106 83 55 73 71 106 52 19 42 82 40 94 100 104 87 31 61 28 47 57 4 88 81 79 37 117 57 72 25 100 61 8 90 94 100 84 107 62 0 
0 1000
1103 1543
5122 5384
1522 2302
3764 4257
546 1484
3079 3899
2393 2883
1655 2306
1459 2407
184 959
4950 5257
423 1011
2167 2950
3868 4359
4399 5105
1188 1695
4473 4505
3008 3762
1780 2541
1878 1941
3257 3910
4715 5000
4831 5647
4050 4784
3403 3800
2559 3050
4124 4708
2028 3004
1257 1961
5076 5735
2864 2929
1381 1987
2664 3365
2463 3217
4283 4570
3637 4383
856 1639
3182 3912
2941 3931
983 1444
3511 4034
335 1194
2346 3144
5262 5892
700 991
3947 4092
4679 4865
2725 3129
4550 4947
8.483897045470057 36.724180752345916 66.40356571447097 12.874999270694342 23.55416249305816 14.816410515979284 69.64176109958589 35.60187509807776 63.982392558396214 43.59114753820082 61.652617606166075 75.09394355756473 69.89711515425489 58.69166663218667 46.427617365072926 30.3389421522679 46.79029453429055 21.005856297774926 5.827769838731567 27.98980817204636 73.96050962087506 33.15459182201952 37.289093888670536 94.39115179645054 94.30971857902884 79.77187570469061 1.5285241901873081 63.56997463006453 19.343875804414033 27.49565999642475 40.9409948868016 3.107718828630912 17.635423614590284 51.391862411043086 79.28460352724885 2.847487380908831 92.46771429681144 61.264973047776905 41.839529915693575 26.642012701605633 99.30650275010447 55.201723028374026 3.0618459705656575 25.636681591379904 97.11163921614715 28.371384795884914 64.36742599866088 63.78484085535266 48.21613013748139 4.833163869797296 
17.902678414788465 18.150275796860083 40.44981182942369 85.47995402489454 1.8494458582798412 61.124863576122955 97.46371269175185 19.121556058370672 64.47992279846433 85.6411085274839 89.50863626184086 20.989585223902107 48.596794039319825 90.4003137647144 40.10923239177934 33.61886912254316 2.8178978853965475 50.20462655591983 80.42620351307542 64.63900983193996 55.55813312734779 72.25987604790771 11.694155945188033 55.666701380815994 45.958003849840246 54.796216115532424 69.1450297287076 82.40042007028084 75.62567246896633 58.47492026987181 55.69203673580675 96.30305714475857 12.448051017757344 33.39416130675487 73.51879854536718 62.95869188954043 22.807416811977475 92.27723328883494 38.34757707636209 86.76400027466205 68.4748133862147 65.03613425959277 91.88448099870422 12.182921751896803 83.41039774457708 2.8709021442922533 40.63032689935174 10.790736979398186 54.88617565671353 99.81267167640819 