50
0 68 68 67 56 47 41 61 46 55 61 48 46 39 36 43 68 32 26 42 70 55 36 9 43 63 49 45 51 28 87 48 60 71 76 56 55 23 25 61 19 45 53 36 33 35 41 44 65 16 
68 0 60 4 98 102 31 112 63 37 104 20 104 43 102 31 48 88 89 109 84 118 102 60 27 113 21 32 98 47 90 114 107 94 76 96 21 49 63 122 70 74 117 91 101 40 40 112 83 61 
68 60 0 55 56 70 43 73 25 24 60 53 74 77 82 67 13 100 71 92 27 91 84 61 61 72 47 37 60 43 30 94 65 39 16 53 40 68 45 92 83 35 91 62 94 40 76 94 29 52 
67 4 55 0 95 100 29 109 59 33 101 19 102 45 100 32 44 88 88 107 80 116 101 59 27 110 19 29 95 45 85 112 104 90 72 93 18 49 60 120 71 71 115 88 100 38 42 110 79 59 
56 98 56 95 0 20 68 17 37 65 6 82 25 89 41 87 66 83 37 51 35 40 43 56 83 16 79 66 8 54 52 48 9 26 50 3 77 73 39 39 74 25 42 22 61 60 90 51 30 47 
47 102 70 100 20 0 71 14 47 73 21 84 6 85 23 85 78 69 22 31 53 21 25 51 83 16 82 71 12 55 71 29 17 45 67 22 83 68 40 22 64 35 22 12 43 62 87 32 48 44 
41 31 43 29 68 71 0 81 35 20 74 14 73 34 72 25 36 67 59 79 60 88 72 32 19 82 11 6 68 17 71 84 76 68 57 66 14 29 32 91 49 45 87 60 73 9 34 82 57 31 
61 112 73 109 17 14 81 0 53 80 14 94 18 97 35 97 82 82 36 42 51 26 37 63 95 3 92 80 14 66 68 38 9 41 67 20 92 81 50 24 78 40 29 25 56 72 99 42 47 56 
46 63 25 59 37 47 35 53 0 28 43 49 51 64 58 58 31 78 46 68 27 67 59 40 53 53 44 32 39 26 42 69 46 33 31 34 42 51 21 69 63 12 68 38 69 28 65 69 23 30 
55 37 24 33 65 73 20 80 28 0 70 29 76 55 79 44 16 85 67 88 47 92 81 47 38 80 24 14 66 28 54 92 74 57 40 62 17 48 37 95 67 40 92 63 86 21 53 91 46 41 
61 104 60 101 6 21 74 14 43 70 0 88 26 95 43 93 71 87 41 52 38 39 46 62 90 12 85 73 11 60 54 49 5 27 54 8 84 79 45 37 79 30 41 26 63 66 96 52 33 53 
48 20 53 19 82 84 14 94 49 29 88 0 85 29 82 17 44 70 70 89 73 99 82 40 10 95 6 17 81 29 82 94 90 81 68 80 15 30 44 103 52 58 97 72 81 22 26 91 71 41 
46 104 74 102 25 6 73 18 51 76 26 85 0 84 17 85 82 65 20 26 58 17 20 50 84 20 83 73 18 57 76 23 22 51 73 28 85 67 41 19 61 39 17 13 38 64 86 26 53 44 
39 43 77 45 89 85 34 97 64 55 95 29 84 0 75 12 70 47 65 79 91 94 75 34 19 99 34 41 86 38 104 86 95 96 90 88 43 17 50 99 31 70 92 73 67 38 3 82 87 42 
36 102 82 100 41 23 72 35 58 79 43 82 17 75 0 79 88 49 13 10 71 19 2 43 79 38 82 73 33 55 90 12 40 66 84 43 85 59 42 25 49 48 17 21 21 63 78 12 65 41 
43 31 67 32 87 85 25 97 58 44 93 17 85 12 79 0 60 57 67 84 84 97 79 36 7 98 22 31 84 33 96 90 94 91 82 85 31 21 48 102 40 66 95 73 74 30 10 87 81 42 
68 48 13 44 66 78 36 82 31 16 71 44 82 70 88 60 0 99 76 97 40 98 89 60 53 82 38 30 69 41 42 100 75 52 28 63 30 64 47 100 81 43 98 69 97 36 69 99 41 53 
32 88 100 88 83 69 67 82 78 85 87 70 65 47 49 57 99 0 46 47 101 67 47 39 61 85 73 72 76 58 119 54 85 101 108 83 81 39 57 73 18 76 64 61 31 64 50 49 96 48 
26 89 71 88 37 22 59 36 46 67 41 70 20 65 13 67 76 46 0 22 62 30 14 32 67 39 69 61 30 43 81 25 38 58 74 38 72 48 29 34 42 38 28 15 25 51 67 24 57 29 
42 109 92 107 51 31 79 42 68 88 52 89 26 79 10 84 97 47 22 0 81 21 8 49 85 45 89 82 43 63 100 7 48 75 94 53 93 64 51 27 50 59 17 32 16 71 82 3 76 49 
70 84 27 80 35 53 60 51 27 47 38 73 58 91 71 84 40 101 62 81 0 74 73 66 79 50 68 55 41 53 18 81 43 12 16 32 63 78 46 74 88 26 75 50 87 54 91 82 6 55 
55 118 91 116 40 21 88 26 67 92 39 99 17 94 19 97 98 67 30 21 74 0 20 61 96 29 98 88 33 71 92 14 34 66 89 43 100 78 56 6 68 56 3 29 37 79 97 19 69 58 
36 102 84 101 43 25 72 37 59 81 46 82 20 75 2 79 89 47 14 8 73 20 0 44 79 40 82 74 36 56 92 12 42 68 86 45 86 59 43 26 48 50 17 24 19 64 78 10 68 42 
9 60 61 59 56 51 32 63 40 47 62 40 50 34 43 36 60 39 32 49 66 61 44 0 35 65 40 36 52 19 82 55 62 68 70 56 46 17 20 66 23 41 60 39 42 26 36 52 61 11 
43 27 61 27 83 83 19 95 53 38 90 10 84 19 79 7 53 61 67 85 79 96 79 35 0 96 15 24 82 30 90 90 91 86 76 82 25 23 45 101 44 62 95 71 75 25 17 87 76 40 
63 113 72 110 16 16 82 3 53 80 12 95 20 99 38 98 82 85 39 45 50 29 40 65 96 0 93 81 14 67 66 41 8 40 66 19 92 82 51 26 80 40 31 26 58 73 101 45 46 57 
49 21 47 19 79 82 11 92 44 24 85 6 83 34 82 22 38 73 69 89 68 98 82 40 15 93 0 13 78 27 77 94 87 77 63 77 9 34 42 102 55 55 97 70 82 19 32 92 66 41 
45 32 37 29 66 71 6 80 32 14 73 17 73 41 73 31 30 72 61 82 55 88 74 36 24 81 13 0 67 18 65 86 75 64 52 64 12 35 32 92 54 42 88 60 77 10 39 84 53 33 
51 98 60 95 8 12 68 14 39 66 11 81 18 86 33 84 69 76 30 43 41 33 36 52 82 14 78 67 0 52 59 41 10 33 56 10 78 69 37 33 69 26 34 15 53 59 87 43 36 43 
28 47 43 45 54 55 17 66 26 28 60 29 57 38 55 33 41 58 43 63 53 71 56 19 30 67 27 18 52 0 67 68 61 58 54 52 30 26 16 75 41 32 70 43 59 8 39 66 49 14 
87 90 30 85 52 71 71 68 42 54 54 82 76 104 90 96 42 119 81 100 18 92 92 82 90 66 77 65 59 67 0 99 59 27 14 49 70 92 62 91 104 44 93 68 106 66 104 101 24 71 
48 114 94 112 48 29 84 38 69 92 49 94 23 86 12 90 100 54 25 7 81 14 12 55 90 41 94 86 41 68 99 0 44 74 94 51 97 70 54 20 57 59 11 32 24 76 88 5 75 53 
60 107 65 104 9 17 76 9 46 74 5 90 22 95 40 94 75 85 38 48 43 34 42 62 91 8 87 75 10 61 59 44 0 32 59 12 86 79 46 32 78 33 36 24 60 68 97 48 38 53 
71 94 39 90 26 45 68 41 33 57 27 81 51 96 66 91 52 101 58 75 12 66 68 68 86 40 77 64 33 58 27 74 32 0 28 23 73 82 48 64 89 27 67 45 83 61 97 76 11 57 
76 76 16 72 50 67 57 67 31 40 54 68 73 90 84 82 28 108 74 94 16 89 86 70 76 66 63 52 56 54 14 94 59 28 0 47 56 80 52 89 93 36 90 62 98 53 90 95 21 60 
56 96 53 93 3 22 66 20 34 62 8 80 28 88 43 85 63 83 38 53 32 43 45 56 82 19 77 64 10 52 49 51 12 23 47 0 75 72 38 42 74 22 44 23 62 58 89 53 27 46 
55 21 40 18 77 83 14 92 42 17 84 15 85 43 85 31 30 81 72 93 63 100 86 46 25 92 9 12 78 30 70 97 86 73 56 75 0 42 44 104 62 53 99 72 87 22 41 96 62 44 
23 49 68 49 73 68 29 81 51 48 79 30 67 17 59 21 64 39 48 64 78 78 59 17 23 82 34 35 69 26 92 70 79 82 80 72 42 0 35 83 21 55 76 56 53 28 19 67 74 26 
25 63 45 60 39 40 32 50 21 37 45 44 41 50 42 48 47 57 29 51 46 56 43 20 45 51 42 32 37 16 62 54 46 48 52 38 44 35 0 60 42 21 55 28 50 23 51 53 41 9 
61 122 92 120 39 22 91 24 69 95 37 103 19 99 25 102 100 73 34 27 74 6 26 66 101 26 102 92 33 75 91 20 32 64 89 42 104 83 60 0 74 57 9 32 43 82 102 25 68 62 
19 70 83 71 74 64 49 78 63 67 79 52 61 31 49 40 81 18 42 50 88 68 48 23 44 80 55 54 69 41 104 57 78 89 93 74 62 21 42 74 0 63 65 54 36 46 35 53 83 33 
45 74 35 71 25 35 45 40 12 40 30 58 39 70 48 66 43 76 38 59 26 56 50 41 62 40 55 42 26 32 44 59 33 27 36 22 53 55 21 57 63 0 57 28 62 37 71 60 20 31 
53 117 91 115 42 22 87 29 68 92 41 97 17 92 17 95 98 64 28 17 75 3 17 60 95 31 97 88 34 70 93 11 36 67 90 44 99 76 55 9 65 57 0 29 34 78 95 16 70 56 
36 91 62 88 22 12 60 25 38 63 26 72 13 73 21 73 69 61 15 32 50 29 24 39 71 26 70 60 15 43 68 32 24 45 62 23 72 56 28 32 54 28 29 0 39 51 75 33 44 32 
33 101 94 100 61 43 73 56 69 86 63 81 38 67 21 74 97 31 25 16 87 37 19 42 75 58 82 77 53 59 106 24 60 83 98 62 87 53 50 43 36 62 34 39 0 66 70 18 82 45 
35 40 40 38 60 62 9 72 28 21 66 22 64 38 63 30 36 64 51 71 54 79 64 26 25 73 19 10 59 8 66 76 68 61 53 58 22 28 23 82 46 37 78 51 66 0 37 74 51 23 
41 40 76 42 90 87 34 99 65 53 96 26 86 3 78 10 69 50 67 82 91 97 78 36 17 101 32 39 87 39 104 88 97 97 90 89 41 19 51 102 35 71 95 75 70 37 0 85 88 44 
44 112 94 110 51 32 82 42 69 91 52 91 26 82 12 87 99 49 24 3 82 19 10 52 87 45 92 84 43 66 101 5 48 76 95 53 96 67 53 25 53 60 16 33 18 74 85 0 77 51 
65 83 29 79 30 48 57 47 23 46 33 71 53 87 65 81 41 96 57 76 6 69 68 61 76 46 66 53 36 49 24 75 38 11 21 27 62 74 41 68 83 20 70 44 82 51 88 77 0 50 
16 61 52 59 47 44 31 56 30 41 53 41 44 42 41 42 53 48 29 49 55 58 42 11 40 57 41 33 43 14 71 53 53 57 60 46 44 26 9 62 33 31 56 32 45 23 44 51 50 0 
0 1000
2058 2162
378 1368
2845 3324
3434 4109
4844 5516
5274 5858
1300 1742
4963 5498
3855 4392
3158 3612
1799 2035
3478 3756
2463 3016
4056 4267
248 333
4597 4961
1470 2156
2969 2982
801 963
3106 3637
1570 2084
4353 4449
3980 4003
1737 2706
3774 3808
2170 2500
3050 3945
5092 5194
3280 3504
641 1000
2320 2801
3591 4575
5007 5486
4719 4896
3374 3807
500 1494
4458 4777
5159 5865
1084 1750
2729 3598
956 969
86 971
3712 4577
1902 2825
4211 4999
278 919
2627 3083
4688 5342
1205 1576
35.21481304078799 8.94202474605159 68.4058789840577 13.09622024828604 90.54116289067564 81.58912889792602 30.29666854462283 95.4135217072001 64.98198829993265 45.028756774353425 96.20562021804588 17.386685449202698 78.77399245913028 2.3693080906825426 63.68625940576577 6.928527923575678 56.78492590229898 14.914159746602973 59.24763562987797 61.06410430617332 90.20283998192 81.50800954012927 62.292221362924295 34.32108684037332 11.885025858757182 97.67380400897233 22.454376520874085 34.80506874710094 85.99652798659324 40.05897620843753 98.41176222531178 68.25098214968742 95.43791129712811 97.66761088351437 84.48030185980822 89.94899652143506 28.306724152583485 17.89241293743027 52.470102041454105 87.7026490758043 17.85933765547153 72.32450620198327 78.39132894671108 71.45224557148065 44.87091342122076 37.03091119155062 1.3720234015487498 62.94401510160388 87.74024339575895 44.090722924135505 
64.8665815552092 1.811568330185831 5.369645187137884 1.2170458587246746 56.399869450361585 73.91317664985205 24.264125368433408 72.85401207964685 29.97258752890858 10.43994397515372 58.92147631425995 20.13567492135403 78.85734998188127 44.50010860945313 87.66881754598795 33.05093246220158 0.17032239718044462 89.69383101351993 75.66983800700267 97.40714263164804 21.67295480703829 95.26463958001895 89.3160714699139 55.94760116827662 28.489153046401526 71.26460726178559 17.249712336078872 20.232962265853725 62.6901856797626 37.652964459389274 5.157333073886051 99.17602037192975 64.02847190619202 31.671142311138624 6.51799110635084 53.42206099160821 10.254994526322248 50.46772804110816 47.13663686854828 95.16514432118612 71.65565832173375 39.989632127109665 96.16899078197002 67.63827697623638 96.10777285253916 30.09997382773487 41.24796231275345 99.39441472697291 26.76747623841048 51.52774925062179 