50
0 37 44 73 13 23 80 73 70 27 58 5 79 40 19 41 29 22 75 67 82 81 66 101 52 32 21 82 55 56 103 32 41 54 30 24 48 99 26 72 32 45 49 32 45 58 29 54 78 38 
37 0 46 72 44 45 82 38 56 31 34 42 66 26 51 22 45 36 69 30 50 44 64 70 29 8 25 45 34 32 71 49 15 57 25 45 10 65 39 48 23 37 30 50 32 39 23 23 48 28 
44 46 0 29 36 24 38 80 29 63 80 42 37 21 62 66 18 62 31 66 60 82 22 73 75 39 54 84 29 32 79 17 34 12 62 23 50 78 18 40 23 13 24 18 19 28 24 40 93 18 
73 72 29 0 63 51 11 101 25 92 106 71 23 46 91 93 45 91 10 85 67 100 9 72 101 66 83 102 44 47 80 42 58 18 90 50 73 82 47 44 50 35 43 43 40 39 52 58 116 44 
13 44 36 63 0 12 69 82 64 40 70 9 72 38 28 53 18 35 66 74 83 89 57 100 64 37 34 90 54 55 104 21 44 45 43 13 54 101 18 69 31 40 47 21 42 56 28 56 89 36 
23 45 24 51 12 0 57 83 53 48 74 20 61 32 40 58 7 45 55 72 77 88 46 93 68 37 40 89 46 48 97 9 40 33 50 1 53 95 8 61 26 31 40 9 34 47 24 51 92 29 
80 82 38 11 69 57 0 112 36 101 116 77 33 56 97 103 51 99 20 96 78 111 20 82 112 76 92 113 56 58 90 48 69 26 100 56 84 93 54 55 60 46 54 48 51 50 62 70 127 54 
73 38 80 101 82 83 112 0 79 55 26 78 88 59 83 36 82 63 95 17 50 13 92 68 29 45 55 12 57 54 63 86 46 90 49 83 31 54 77 64 59 68 58 87 62 63 60 43 17 62 
70 56 29 25 64 53 36 79 0 82 88 69 10 32 89 78 47 83 17 62 41 76 19 48 84 52 74 78 23 25 55 47 41 27 79 52 54 57 46 18 40 25 26 48 26 17 42 37 95 33 
27 31 63 92 40 48 101 55 82 0 34 32 92 49 28 19 52 9 91 56 80 66 84 101 28 31 9 66 62 61 101 56 43 74 6 49 40 94 48 78 42 58 57 57 56 67 40 54 56 50 
58 34 80 106 70 74 116 26 88 34 0 64 98 60 63 17 76 43 102 36 69 39 97 89 6 40 37 39 65 63 86 80 48 91 29 74 34 78 70 77 57 70 63 81 65 71 56 51 21 62 
5 42 42 71 9 20 77 78 69 32 64 0 78 41 20 47 26 27 73 71 84 86 65 103 58 35 26 87 57 58 106 29 44 52 36 21 52 102 24 73 33 45 50 29 46 59 30 56 83 39 
79 66 37 23 72 61 33 88 10 92 98 78 0 42 98 88 55 93 13 70 46 84 20 49 94 62 83 86 33 35 57 54 51 32 89 60 63 61 54 25 49 34 36 55 36 27 52 46 104 42 
40 26 21 46 38 32 56 59 32 49 60 41 42 0 59 47 28 51 43 45 45 61 37 62 56 21 41 63 16 17 66 31 13 32 47 31 28 63 24 32 8 11 9 32 6 19 11 20 72 3 
19 51 62 91 28 40 97 83 89 28 63 20 98 59 0 47 46 20 93 80 99 92 85 119 57 47 28 93 74 74 120 49 58 72 34 41 62 115 44 90 51 64 67 49 64 77 48 71 84 57 
41 22 66 93 53 58 103 36 78 19 17 47 88 47 47 0 60 27 90 39 67 47 85 88 11 27 21 48 55 54 87 64 37 77 13 58 27 80 54 70 43 58 52 65 53 61 42 44 37 49 
29 45 18 45 18 7 51 82 47 52 76 26 55 28 46 60 0 49 48 71 72 87 39 88 70 37 44 88 42 44 92 4 38 26 53 6 52 91 6 55 24 25 35 5 30 42 22 48 92 25 
22 36 62 91 35 45 99 63 83 9 43 27 93 51 20 27 49 0 92 63 86 74 84 106 37 35 11 74 65 65 107 53 47 73 15 45 46 101 45 81 44 59 59 54 58 69 41 58 64 51 
75 69 31 10 66 55 20 95 17 91 102 73 13 43 93 90 48 92 0 78 57 93 9 62 98 64 83 94 38 41 70 46 54 22 89 54 68 73 49 35 49 33 39 47 37 32 51 52 110 42 
67 30 66 85 74 72 96 17 62 56 36 71 70 45 80 39 71 63 78 0 34 16 76 53 37 36 53 18 40 38 50 74 33 75 49 72 20 42 65 46 46 54 42 75 47 46 48 26 34 48 
82 50 60 67 83 77 78 50 41 80 69 84 46 45 99 67 72 86 57 34 0 42 60 21 69 52 74 44 31 29 21 74 41 64 75 76 41 18 69 23 52 48 37 75 43 32 55 28 67 48 
81 44 82 100 89 88 111 13 76 66 39 86 84 61 92 47 87 74 93 16 42 0 92 58 42 51 64 2 56 53 53 90 49 91 59 88 35 44 81 60 63 70 58 91 63 61 64 42 27 64 
66 64 22 9 57 46 20 92 19 84 97 65 20 37 85 85 39 84 9 76 60 92 0 66 93 58 76 93 36 38 74 37 49 13 83 45 64 76 41 37 42 27 35 38 32 30 44 50 107 36 
101 70 73 72 100 93 82 68 48 101 89 103 49 62 119 88 88 106 62 53 21 58 66 0 89 72 95 60 47 45 9 89 60 74 95 92 61 17 85 33 69 62 54 90 58 46 73 48 85 65 
52 29 75 101 64 68 112 29 84 28 6 58 94 56 57 11 70 37 98 37 69 42 93 89 0 36 31 42 61 60 86 75 44 86 23 69 31 78 65 74 52 66 59 75 61 67 51 49 27 57 
32 8 39 66 37 37 76 45 52 31 40 35 62 21 47 27 37 35 64 36 52 51 58 72 36 0 23 53 31 30 73 41 12 51 27 37 16 68 31 47 16 31 27 42 27 36 16 24 55 22 
21 25 54 83 34 40 92 55 74 9 37 26 83 41 28 21 44 11 83 53 74 64 76 95 31 23 0 65 54 54 95 48 36 66 10 41 35 89 39 70 34 50 49 49 48 59 32 47 58 41 
82 45 84 102 90 89 113 12 78 66 39 87 86 63 93 48 88 74 94 18 44 2 93 60 42 53 65 0 58 55 54 92 51 93 60 89 37 45 83 61 64 71 60 93 65 63 66 44 26 66 
55 34 29 44 54 46 56 57 23 62 65 57 33 16 74 55 42 65 38 40 31 56 36 47 61 31 54 58 0 3 51 44 19 36 58 46 31 49 38 17 23 17 7 45 12 6 26 14 72 18 
56 32 32 47 55 48 58 54 25 61 63 58 35 17 74 54 44 65 41 38 29 53 38 45 60 30 54 55 3 0 49 46 18 39 57 47 29 47 40 17 24 20 8 47 14 8 27 12 70 20 
103 71 79 80 104 97 90 63 55 101 86 106 57 66 120 87 92 107 70 50 21 53 74 9 86 73 95 54 51 49 0 94 62 81 95 96 61 9 89 39 73 67 58 95 63 51 76 49 80 69 
32 49 17 42 21 9 48 86 47 56 80 29 54 31 49 64 4 53 46 74 74 90 37 89 75 41 48 92 44 46 94 0 41 24 57 8 56 93 10 56 28 27 37 1 32 43 26 51 96 27 
41 15 34 58 44 40 69 46 41 43 48 44 51 13 58 37 38 47 54 33 41 49 49 60 44 12 36 51 19 18 62 41 0 45 39 40 16 58 33 35 14 23 16 42 17 25 16 13 59 16 
54 57 12 18 45 33 26 90 27 74 91 52 32 32 72 77 26 73 22 75 64 91 13 74 86 51 66 93 36 39 81 24 45 0 74 32 60 82 29 42 35 22 32 25 28 32 36 48 103 29 
30 25 62 90 43 50 100 49 79 6 29 36 89 47 34 13 53 15 89 49 75 59 83 95 23 27 10 60 58 57 95 57 39 74 0 50 34 88 48 73 40 56 53 58 53 63 39 49 50 47 
24 45 23 50 13 1 56 83 52 49 74 21 60 31 41 58 6 45 54 72 76 88 45 92 69 37 41 89 46 47 96 8 40 32 50 0 53 94 7 60 26 30 39 8 34 46 24 51 92 28 
48 10 50 73 54 53 84 31 54 40 34 52 63 28 62 27 52 46 68 20 41 35 64 61 31 16 35 37 31 29 61 56 16 60 34 53 0 55 46 43 28 39 29 56 33 37 29 17 43 31 
99 65 78 82 101 95 93 54 57 94 78 102 61 63 115 80 91 101 73 42 18 44 76 17 78 68 89 45 49 47 9 93 58 82 88 94 55 0 87 40 69 66 55 94 61 50 72 45 71 66 
26 39 18 47 18 8 54 77 46 48 70 24 54 24 44 54 6 45 49 65 69 81 41 85 65 31 39 83 38 40 89 10 33 29 48 7 46 87 0 53 19 23 32 10 26 39 17 43 87 21 
72 48 40 44 69 61 55 64 18 78 77 73 25 32 90 70 55 81 35 46 23 60 37 33 74 47 70 61 17 17 39 56 35 42 73 60 43 40 53 0 40 30 23 57 27 14 43 26 80 34 
32 23 23 50 31 26 60 59 40 42 57 33 49 8 51 43 24 44 49 46 52 63 42 69 52 16 34 64 23 24 73 28 14 35 40 26 28 69 19 40 0 16 17 29 14 26 3 25 70 7 
45 37 13 35 40 31 46 68 25 58 70 45 34 11 64 58 25 59 33 54 48 70 27 62 66 31 50 71 17 20 67 27 23 22 56 30 39 66 23 30 16 0 12 28 7 16 18 28 82 9 
49 30 24 43 47 40 54 58 26 57 63 50 36 9 67 52 35 59 39 42 37 58 35 54 59 27 49 60 7 8 58 37 16 32 53 39 29 55 32 23 17 12 0 38 6 10 20 16 72 11 
32 50 18 43 21 9 48 87 48 57 81 29 55 32 49 65 5 54 47 75 75 91 38 90 75 42 49 93 45 47 95 1 42 25 58 8 56 94 10 57 29 28 38 0 33 44 27 52 97 28 
45 32 19 40 42 34 51 62 26 56 65 46 36 6 64 53 30 58 37 47 43 63 32 58 61 27 48 65 12 14 63 32 17 28 53 34 33 61 26 27 14 7 6 33 0 13 17 21 76 7 
58 39 28 39 56 47 50 63 17 67 71 59 27 19 77 61 42 69 32 46 32 61 30 46 67 36 59 63 6 8 51 43 25 32 63 46 37 50 39 14 26 16 10 44 13 0 30 20 78 20 
29 23 24 52 28 24 62 60 42 40 56 30 52 11 48 42 22 41 51 48 55 64 44 73 51 16 32 66 26 27 76 26 16 36 39 24 29 72 17 43 3 18 20 27 17 30 0 27 71 10 
54 23 40 58 56 51 70 43 37 54 51 56 46 20 71 44 48 58 52 26 28 42 50 48 49 24 47 44 14 12 49 51 13 48 49 51 17 45 43 26 25 28 16 52 21 20 27 0 58 24 
78 48 93 116 89 92 127 17 95 56 21 83 104 72 84 37 92 64 110 34 67 27 107 85 27 55 58 26 72 70 80 96 59 103 50 92 43 71 87 80 70 82 72 97 76 78 71 58 0 74 
38 28 18 44 36 29 54 62 33 50 62 39 42 3 57 49 25 51 42 48 48 64 36 65 57 22 41 66 18 20 69 27 16 29 47 28 31 66 21 34 7 9 11 28 7 20 10 24 74 0 
0 1000
4731 5625
2857 3818
3737 4357
4142 5036
3119 3708
3640 3979
2231 2507
3405 3520
3286 4121
3946 4717
2633 2957
2778 2955
1359 2087
557 890
4287 4406
467 1054
3232 3764
2397 3016
1657 1729
4403 4632
3992 4650
2502 3186
1793 1816
117 220
670 1418
2036 2787
4545 5429
276 680
257 333
1156 1834
1018 1506
4473 4640
1472 1847
2971 3858
917 1538
1263 1353
796 1102
3847 4213
1829 2467
1941 2703
3513 3804
4339 4736
620 661
2103 2592
4827 4834
4700 5005
3353 4061
1591 1971
357 563
79.58887228836838 70.11350067915455 35.972314809326235 6.987879249865758 68.97722058717015 57.30394458818313 0.11078380299468504 78.44844695176572 15.038292678210418 96.65328874676864 97.84417073264889 77.21469007070407 5.128045795827651 47.259441740769205 97.20315083978981 91.8164772520436 51.081726120479395 97.49252399323649 5.9050885242949995 62.84145210195735 29.192132190873675 68.37246079396179 13.623525272699844 10.464416077465321 96.095690085445 67.08490077576795 88.26912115631819 69.58526478073084 36.55312479419116 37.740318938185546 15.53148772374776 47.977642003540346 55.486351458543936 25.159521497131976 93.7964876090211 56.346112328911516 65.0840360194724 24.7728885568413 53.796276723430836 22.19122716073205 54.18933497111379 38.388095965432946 40.4926574889911 48.31579117230643 40.860624819284155 30.95753321310545 56.508672425742425 47.793841812803414 95.08289850043839 47.00211430265576 
12.226007300628583 48.41881299725661 17.294747640053487 13.915721583463124 3.9721286274519874 5.512996017374894 4.769876069858025 85.29497973319437 38.02435293516011 33.35332274557493 67.63562751514804 7.441705261019416 37.21761490092346 35.411556412221266 4.8662865846523236 51.65696249971013 7.796696908154854 24.87763414001116 24.222389611110952 77.39071069738064 76.79152850136273 92.72737704513531 19.364251961701527 85.62331918200353 61.82028422424768 41.29317138577543 31.411711351918047 93.907706200053 46.75705514154407 49.372127869938524 93.16490077439525 4.766485928225983 45.39215090980252 12.752970209112991 39.18186069328507 5.771755882802632 57.5907714970614 94.44755471565972 12.733739185777681 54.99187603586266 31.732557151713237 29.781784333843365 41.34063988027384 3.8041633514364737 35.827970773107 44.45879088625265 29.595393153909633 55.645536768894374 88.95267375899981 32.11184188851433 