50
0 103 73 114 97 33 73 45 81 118 77 36 67 9 77 40 19 35 64 93 34 80 83 59 61 96 45 62 110 112 11 55 16 59 91 107 56 60 37 57 63 103 64 91 94 29 86 42 62 70 
103 0 41 12 13 80 36 60 38 19 66 67 86 103 36 89 98 68 38 55 96 29 34 77 50 18 85 49 8 9 95 82 110 51 39 13 51 45 88 46 84 2 41 24 51 74 23 75 43 84 
73 41 0 53 30 44 7 44 52 61 27 42 86 71 6 50 76 44 24 27 57 13 50 74 12 26 75 46 49 51 69 77 76 46 18 53 19 17 74 26 43 43 34 20 25 45 42 62 37 86 
114 12 53 0 23 92 48 71 44 9 77 78 93 115 47 101 109 80 50 64 107 40 41 85 62 28 94 58 4 3 106 90 122 60 48 12 63 57 97 57 96 11 51 35 60 86 31 84 53 91 
97 13 30 23 0 71 26 57 43 31 54 61 90 96 24 79 95 63 33 42 86 18 40 79 40 5 85 49 20 21 90 83 103 51 26 26 42 37 86 41 72 15 39 12 38 68 28 74 42 88 
33 80 44 92 71 0 46 37 70 98 44 24 77 28 48 15 43 24 43 60 17 53 70 66 31 69 57 52 88 89 33 65 33 50 60 87 29 35 52 37 32 81 48 63 62 16 69 47 48 79 
73 36 7 48 26 46 0 40 45 55 35 39 81 72 5 54 74 41 18 33 60 7 43 69 15 23 70 40 44 45 68 71 78 40 21 46 18 14 70 22 49 37 28 18 31 44 34 58 31 80 
45 60 44 71 57 37 40 0 36 74 63 13 45 49 45 52 38 13 24 70 53 43 37 32 36 58 31 17 67 68 36 33 57 15 61 63 27 27 30 18 63 60 19 55 69 23 41 18 17 45 
81 38 52 44 43 70 45 36 0 44 79 48 49 85 48 84 71 49 30 77 87 42 3 41 52 47 51 19 42 42 71 46 93 22 62 33 47 41 56 35 88 36 23 49 74 58 15 44 22 47 
118 19 61 9 31 98 55 74 44 0 85 82 92 120 55 108 112 84 55 73 114 48 41 85 69 36 95 60 12 10 110 90 127 62 57 11 69 63 99 62 103 18 55 43 68 91 33 86 57 89 
77 66 27 77 54 44 35 63 79 85 0 55 108 72 32 41 86 57 49 19 50 40 77 95 28 49 92 70 73 75 77 96 74 69 30 78 36 39 89 48 23 68 59 42 23 54 69 80 61 108 
36 67 42 78 61 24 39 13 48 82 55 0 55 38 44 39 35 2 28 66 40 45 49 43 31 61 37 30 74 75 29 43 45 27 59 71 23 25 34 21 52 67 28 56 66 10 51 26 27 56 
67 86 86 93 90 77 81 45 49 92 108 55 0 75 86 92 49 54 63 113 91 82 52 12 80 92 22 42 91 91 56 13 83 41 101 82 71 70 29 60 107 85 54 92 112 61 64 30 50 4 
9 103 71 115 96 28 72 49 85 120 72 38 75 0 75 33 28 36 65 88 26 79 86 66 59 95 53 66 111 112 18 62 8 63 88 109 54 59 45 57 55 104 66 89 90 29 88 48 65 78 
77 36 6 47 24 48 5 45 48 55 32 44 86 75 0 55 78 46 23 29 62 7 46 74 17 21 75 44 43 45 72 76 81 45 16 47 22 19 75 26 49 37 32 15 26 48 37 63 35 85 
40 89 50 101 79 15 54 52 84 108 41 39 92 33 55 0 55 39 56 60 8 61 83 81 39 76 72 67 97 99 44 79 34 65 64 98 40 46 66 50 22 91 61 70 63 31 81 62 62 94 
19 98 76 109 95 43 74 38 71 112 86 35 49 28 78 55 0 33 61 99 50 79 73 42 64 94 27 52 105 106 11 37 35 50 94 100 57 60 20 54 75 98 58 91 99 32 79 28 55 52 
35 68 44 80 63 24 41 13 49 84 57 2 54 36 46 39 33 0 30 68 40 47 50 42 33 62 36 30 76 77 27 41 44 28 61 73 25 27 32 23 53 69 29 58 68 9 52 24 28 55 
64 38 24 50 33 43 18 24 30 55 49 28 63 65 23 56 61 30 0 51 60 20 29 51 22 33 54 22 46 47 57 54 72 22 38 44 17 11 54 8 58 39 10 31 49 36 25 42 13 62 
93 55 27 64 42 60 33 70 77 73 19 66 113 88 29 60 99 68 51 0 68 35 74 101 35 37 101 73 61 63 90 103 92 73 17 69 43 44 99 53 42 57 61 32 5 67 64 88 64 113 
34 96 57 107 86 17 60 53 87 114 50 40 91 26 62 8 50 40 60 68 0 68 87 80 46 83 70 69 103 105 39 78 26 67 71 104 45 51 63 54 30 97 65 77 71 31 86 61 65 93 
80 29 13 40 18 53 7 43 42 48 40 45 82 79 7 61 79 47 20 35 68 0 40 70 22 16 73 40 36 38 74 74 85 41 20 40 24 20 73 25 56 30 28 12 32 50 30 61 32 81 
83 34 50 41 40 70 43 37 3 41 77 49 52 86 46 83 73 50 29 74 87 40 0 44 51 43 54 21 39 39 73 49 94 23 59 30 46 40 58 34 87 33 22 46 71 58 12 46 22 50 
59 77 74 85 79 66 69 32 41 85 95 43 12 66 74 81 42 42 51 101 80 70 44 0 68 81 15 30 82 83 48 6 74 29 90 74 59 57 22 48 95 76 42 81 100 50 54 19 39 13 
61 50 12 62 40 31 15 36 52 69 28 31 80 59 17 39 64 33 22 35 46 22 51 68 0 38 66 42 58 60 57 69 64 41 30 60 8 11 64 20 37 51 31 31 35 33 45 53 33 80 
96 18 26 28 5 69 23 58 47 36 49 61 92 95 21 76 94 62 33 37 83 16 43 81 38 0 86 51 24 26 89 85 101 52 21 31 40 36 87 40 68 20 40 7 33 67 32 75 43 90 
45 85 75 94 85 57 70 31 51 95 92 37 22 53 75 72 27 36 54 101 70 73 54 15 66 86 0 36 91 92 34 10 61 34 91 84 57 57 8 49 88 84 46 84 100 42 63 12 43 25 
62 49 46 58 49 52 40 17 19 60 70 30 42 66 44 67 52 30 22 73 69 40 21 30 42 51 36 0 55 56 52 34 74 3 60 49 34 31 39 22 75 48 12 50 71 39 27 26 9 41 
110 8 49 4 20 88 44 67 42 12 73 74 91 111 43 97 105 76 46 61 103 36 39 82 58 24 91 55 0 2 102 87 118 57 45 11 59 53 94 54 92 7 48 31 56 82 28 81 50 88 
112 9 51 3 21 89 45 68 42 10 75 75 91 112 45 99 106 77 47 63 105 38 39 83 60 26 92 56 2 0 104 88 119 58 46 11 60 54 95 55 93 9 49 33 58 83 29 82 51 89 
11 95 69 106 90 33 68 36 71 110 77 29 56 18 72 44 11 27 57 90 39 74 73 48 57 89 34 52 102 104 0 44 26 50 87 99 51 54 27 50 65 95 55 85 92 24 77 31 53 59 
55 82 77 90 83 65 71 33 46 90 96 43 13 62 76 79 37 41 54 103 78 74 49 6 69 85 10 34 87 88 44 0 70 33 92 79 61 59 18 50 95 81 45 84 102 49 59 17 42 15 
16 110 76 122 103 33 78 57 93 127 74 45 83 8 81 34 35 44 72 92 26 85 94 74 64 101 61 74 118 119 26 70 0 71 93 116 61 66 53 65 56 111 74 95 94 37 96 57 73 86 
59 51 46 60 51 50 40 15 22 62 69 27 41 63 45 65 50 28 22 73 67 41 23 29 41 52 34 3 57 58 50 33 71 0 61 51 33 30 37 21 74 50 13 51 71 37 29 24 10 40 
91 39 18 48 26 60 21 61 62 57 30 59 101 88 16 64 94 61 38 17 71 20 59 90 30 21 91 60 45 46 87 92 93 61 0 52 36 34 91 43 51 41 48 15 13 62 48 79 51 101 
107 13 53 12 26 87 46 63 33 11 78 71 82 109 47 98 100 73 44 69 104 40 30 74 60 31 84 49 11 11 99 79 116 51 52 0 59 53 87 52 95 11 44 37 64 80 22 75 45 79 
56 51 19 63 42 29 18 27 47 69 36 23 71 54 22 40 57 25 17 43 45 24 46 59 8 40 57 34 59 60 51 61 61 33 36 59 0 6 56 13 42 52 25 35 43 27 42 45 26 72 
60 45 17 57 37 35 14 27 41 63 39 25 70 59 19 46 60 27 11 44 51 20 40 57 11 36 57 31 53 54 54 59 66 30 34 53 6 0 56 9 47 46 20 31 43 31 36 45 22 70 
37 88 74 97 86 52 70 30 56 99 89 34 29 45 75 66 20 32 54 99 63 73 58 22 64 87 8 39 94 95 27 18 53 37 91 87 56 56 0 48 83 87 47 85 99 37 66 13 45 32 
57 46 26 57 41 37 22 18 35 62 48 21 60 57 26 50 54 23 8 53 54 25 34 48 20 40 49 22 54 55 50 50 65 21 43 52 13 9 48 0 54 46 12 37 52 28 32 36 13 60 
63 84 43 96 72 32 49 63 88 103 23 52 107 55 49 22 75 53 58 42 30 56 87 95 37 68 88 75 92 93 65 95 56 74 51 95 42 47 83 54 0 86 66 61 46 47 82 77 68 108 
103 2 43 11 15 81 37 60 36 18 68 67 85 104 37 91 98 69 39 57 97 30 33 76 51 20 84 48 7 9 95 81 111 50 41 11 52 46 87 46 86 0 41 26 53 75 22 74 43 83 
64 41 34 51 39 48 28 19 23 55 59 28 54 66 32 61 58 29 10 61 65 28 22 42 31 40 46 12 48 49 55 45 74 13 48 44 25 20 47 12 66 41 0 39 59 37 22 35 3 53 
91 24 20 35 12 63 18 55 49 43 42 56 92 89 15 70 91 58 31 32 77 12 46 81 31 7 84 50 31 33 85 84 95 51 15 37 35 31 85 37 61 26 39 0 27 62 34 72 42 90 
94 51 25 60 38 62 31 69 74 68 23 66 112 90 26 63 99 68 49 5 71 32 71 100 35 33 100 71 56 58 92 102 94 71 13 64 43 43 99 52 46 53 59 27 0 67 61 88 62 111 
29 74 45 86 68 16 44 23 58 91 54 10 61 29 48 31 32 9 36 67 31 50 58 50 33 67 42 39 82 83 24 49 37 37 62 80 27 31 37 28 47 75 37 62 67 0 59 32 36 63 
86 23 42 31 28 69 34 41 15 33 69 51 64 88 37 81 79 52 25 64 86 30 12 54 45 32 63 27 28 29 77 59 96 29 48 22 42 36 66 32 82 22 22 34 61 59 0 53 24 61 
42 75 62 84 74 47 58 18 44 86 80 26 30 48 63 62 28 24 42 88 61 61 46 19 53 75 12 26 81 82 31 17 57 24 79 75 45 45 13 36 77 74 35 72 88 32 53 0 32 32 
62 43 37 53 42 48 31 17 22 57 61 27 50 65 35 62 55 28 13 64 65 32 22 39 33 43 43 9 50 51 53 42 73 10 51 45 26 22 45 13 68 43 3 42 62 36 24 32 0 50 
70 84 86 91 88 79 80 45 47 89 108 56 4 78 85 94 52 55 62 113 93 81 50 13 80 90 25 41 88 89 59 15 86 40 101 79 72 70 32 60 108 83 53 90 111 63 61 32 50 0 
0 1000
415 862
2603 2856
2760 3232
367 1068
4240 4456
1294 2009
3136 4130
227 1102
2794 3023
147 1090
3052 3576
3845 4099
4810 5090
4662 5388
2493 2931
2390 2953
2270 2823
2667 3361
4979 5825
4317 4448
4098 4864
4040 4246
1885 2146
531 788
1653 2106
624 1232
1158 1687
2099 2940
2139 2924
3937 4653
966 1380
1793 2696
1580 2541
3324 4063
805 1613
2930 2938
1062 1990
1929 2513
1395 1421
4572 5333
3445 3776
3678 4506
1452 2328
3596 4217
3199 4130
1520 2467
638 1620
3736 4438
4444 4961
26.874019966895347 80.72750166433099 42.43014926840566 89.93448977727867 67.8402786055183 22.692264702939426 49.495114434301094 59.63598139435881 90.06709278635805 98.68032134874217 15.537813415889602 46.37462291599383 93.5389932887128 18.817183616561483 47.737589160604884 7.827553605889969 45.02517472920229 46.542391347310556 59.92871699274289 25.652423594022245 6.350423287043217 55.197144675090094 89.16415013583092 84.46039813212876 38.660503900606514 62.849204024940796 71.42362132180713 74.81454533275286 86.73934235838378 88.27410104242304 37.15045538838745 81.15304971374513 10.927417499698988 72.93732528450619 42.02950121679787 93.6679486232223 43.5001689804389 48.93325891085044 64.06062996446892 55.57253692449119 2.0824608483604345 82.67665646940836 67.6466676682891 56.48125702844161 30.428858847647522 37.43802706355375 83.48338599915519 66.24435010145739 68.68035912864711 96.3913939892154 
4.5507061744218475 91.98216768235248 76.28409476546776 99.543960339662 92.32458470420987 37.467597967915225 74.26227907496356 35.74018282054754 55.449812803441525 98.56995676018657 80.89695771107989 34.92589564109717 6.5279650942071115 9.364126448871257 78.77272980334517 40.273653082153984 0.3937170041026783 32.90494608429177 59.84249737278847 97.1874118019757 31.98786151366463 78.9655813955738 58.698861106387035 14.888236186529758 64.50801797001581 93.17522339764628 7.509770401707739 43.60383497971646 97.13646220885236 97.64211639344042 7.466729398805693 10.18101723190712 6.5962630623664475 41.85924139275706 93.87749514710033 88.31092614861753 57.59877352933371 60.091927068510756 6.033562454256957 53.54418379736431 61.9882713597802 91.19354867352264 53.3648600712093 90.46684708026646 98.74649102846523 31.702415819812522 69.33679356099829 18.725794818721976 50.447027057933994 9.24611410405387 