50
0 75 96 92 96 26 66 78 81 45 51 95 56 25 55 39 36 7 89 56 91 38 93 15 38 37 45 39 90 101 52 89 64 104 35 55 78 97 46 53 42 66 60 48 27 14 95 85 81 62 
75 0 52 23 27 61 63 34 25 84 28 31 48 72 22 36 74 70 39 20 56 46 46 61 90 37 73 87 41 63 59 61 50 57 42 20 32 29 38 26 37 16 22 69 56 66 43 56 31 56 
96 52 0 36 71 95 41 86 77 78 72 79 40 79 50 67 112 95 13 63 9 58 6 81 89 68 67 124 11 11 50 17 34 8 63 63 22 74 51 71 56 42 43 61 69 95 11 16 83 39 
92 23 36 0 36 82 62 55 45 91 51 44 50 84 37 55 96 88 24 42 42 57 30 77 99 56 80 109 25 47 63 50 50 38 57 42 24 39 49 49 51 26 32 74 69 86 25 46 51 56 
96 27 71 36 0 78 89 29 19 111 45 9 74 98 48 58 86 91 59 40 77 72 65 84 116 60 100 100 60 82 86 83 77 74 66 42 55 3 65 43 63 43 49 96 81 85 60 79 24 83 
26 61 95 82 78 0 75 55 60 65 33 75 61 44 47 28 17 19 86 41 93 42 91 25 61 28 61 28 87 103 62 93 69 103 33 40 74 78 45 35 40 58 53 62 36 11 91 88 59 69 
66 63 41 62 89 75 0 92 86 37 66 94 17 44 46 53 93 67 43 61 33 34 42 53 49 53 27 101 43 41 14 27 13 49 44 60 38 92 34 66 39 47 42 21 40 70 47 25 91 7 
78 34 86 55 29 55 92 0 11 103 29 22 75 86 45 46 61 72 73 31 89 65 80 69 105 47 94 74 75 97 84 94 80 91 56 32 66 28 60 28 56 47 50 92 70 65 77 89 5 85 
81 25 77 45 19 60 86 11 0 101 30 14 69 86 40 45 68 75 64 28 81 62 71 70 105 46 92 81 66 88 80 86 74 81 55 29 57 19 56 28 53 40 44 88 69 69 67 81 6 79 
45 84 78 91 111 65 37 103 101 0 74 113 41 21 63 58 80 50 77 73 70 39 78 40 12 57 12 84 78 78 29 64 44 86 47 72 69 113 46 75 48 69 63 17 33 55 82 63 104 38 
51 28 72 51 45 33 66 29 30 74 0 44 49 57 23 17 46 46 60 9 72 36 67 40 76 18 65 59 62 81 57 75 56 79 27 9 50 46 33 2 28 30 29 63 41 40 65 70 31 59 
95 31 79 44 9 75 94 22 14 113 44 0 78 99 51 58 82 89 66 41 84 74 73 83 117 60 103 95 67 90 90 90 81 82 67 42 62 6 67 42 65 47 53 99 82 83 68 86 17 87 
56 48 40 50 74 61 17 75 69 41 49 78 0 39 29 37 79 56 37 44 35 20 39 42 50 37 30 88 38 45 13 33 8 49 28 43 28 77 17 49 22 32 26 24 29 57 42 29 74 10 
25 72 79 84 98 44 44 86 86 21 57 99 39 0 51 41 59 29 75 58 73 27 78 20 19 39 20 64 76 82 30 69 45 88 31 57 65 100 36 58 35 60 53 24 17 35 81 66 88 41 
55 22 50 37 48 47 46 45 40 63 23 51 29 51 0 19 63 52 39 15 50 24 45 41 68 20 52 75 41 59 39 52 34 57 21 14 28 50 17 22 16 11 7 48 34 49 45 47 45 39 
39 36 67 55 58 28 53 46 45 58 17 58 37 41 19 0 45 34 57 18 66 21 63 25 59 1 49 57 59 75 42 66 44 75 11 17 46 60 20 17 14 30 25 47 24 31 63 62 47 47 
36 74 112 96 86 17 93 61 68 80 46 82 79 59 63 45 0 30 102 54 110 59 108 41 74 44 77 13 104 120 79 110 86 120 50 54 91 87 63 47 57 73 70 79 53 24 108 106 65 87 
7 70 95 88 91 19 67 72 75 50 46 89 56 29 52 34 30 0 87 51 91 37 92 14 44 33 48 35 89 100 53 89 64 103 32 50 76 92 44 47 40 63 57 51 27 7 93 85 75 63 
89 39 13 24 59 86 43 73 64 77 60 66 37 75 39 57 102 87 0 52 19 51 7 74 87 58 66 114 2 24 48 26 33 18 55 51 12 62 43 59 47 30 33 60 63 86 6 22 70 39 
56 20 63 42 40 41 61 31 28 73 9 41 44 58 15 18 54 51 52 0 64 34 58 43 77 19 64 67 53 73 53 67 50 70 27 1 41 42 29 7 26 22 21 61 41 46 56 62 31 54 
91 56 9 42 77 93 33 89 81 70 72 84 35 73 50 66 110 91 19 64 0 54 13 76 81 66 59 121 18 10 43 8 28 16 60 63 24 80 48 71 53 43 43 53 64 91 19 7 87 32 
38 46 58 57 72 42 34 65 62 39 36 74 20 27 24 21 59 37 51 34 54 0 55 23 44 20 29 69 52 63 22 52 28 66 10 33 40 74 9 37 9 33 26 27 12 38 57 48 65 28 
93 46 6 30 65 91 42 80 71 78 67 73 39 78 45 63 108 92 7 58 13 55 0 78 89 64 67 120 5 17 50 21 34 12 60 57 17 68 48 65 52 37 39 61 66 91 6 19 77 40 
15 61 81 77 84 25 53 69 70 40 40 83 42 20 41 25 41 14 74 43 76 23 78 0 38 24 36 48 75 86 39 75 50 89 20 42 62 85 30 41 27 51 45 38 13 17 79 71 71 48 
38 90 89 99 116 61 49 105 105 12 76 117 50 19 68 59 74 44 87 77 81 44 89 38 0 58 22 77 88 90 39 76 55 97 50 75 78 118 52 77 53 76 69 28 35 51 92 74 107 49 
37 37 68 56 60 28 53 47 46 57 18 60 37 39 20 1 44 33 58 19 66 20 64 24 58 0 48 56 59 76 41 67 44 75 10 18 46 61 20 19 14 31 26 47 23 30 63 62 48 46 
45 73 67 80 100 61 27 94 92 12 65 103 30 20 52 49 77 48 66 64 59 29 67 36 22 48 0 83 66 68 17 54 33 75 38 62 57 103 36 66 38 58 52 6 26 53 71 52 95 27 
39 87 124 109 100 28 101 74 81 84 59 95 88 64 75 57 13 35 114 67 121 69 120 48 77 56 83 0 116 131 87 121 96 131 61 67 102 100 73 61 68 86 82 86 61 31 120 116 78 96 
90 41 11 25 60 87 43 75 66 78 62 67 38 76 41 59 104 89 2 53 18 52 5 75 88 59 66 116 0 23 49 25 33 17 56 52 13 63 45 60 49 32 34 60 64 88 4 22 72 40 
101 63 11 47 82 103 41 97 88 78 81 90 45 82 59 75 120 100 24 73 10 63 17 86 90 76 68 131 23 0 52 14 37 12 70 72 32 86 58 80 63 52 52 62 74 101 22 16 94 41 
52 59 50 63 86 62 14 84 80 29 57 90 13 30 39 42 79 53 48 53 43 22 50 39 39 41 17 87 49 52 0 39 16 58 32 51 40 89 24 57 28 43 37 12 26 56 53 36 84 11 
89 61 17 50 83 93 27 94 86 64 75 90 33 69 52 66 110 89 26 67 8 52 21 75 76 67 54 121 25 14 39 0 25 23 60 66 29 87 47 74 53 47 46 48 62 90 27 5 92 28 
64 50 34 50 77 69 13 80 74 44 56 81 8 45 34 44 86 64 33 50 28 28 34 50 55 44 33 96 33 37 16 25 0 42 36 48 26 79 24 55 30 34 30 27 37 65 38 21 78 7 
104 57 8 38 74 103 49 91 81 86 79 82 49 88 57 75 120 103 18 70 16 66 12 89 97 75 75 131 17 12 58 23 42 0 71 69 29 77 59 77 64 48 51 69 77 103 14 23 88 47 
35 42 63 57 66 33 44 56 55 47 27 67 28 31 21 11 50 32 55 27 60 10 60 20 50 10 38 61 56 70 32 60 36 71 0 26 43 68 13 28 8 31 25 36 14 31 61 55 57 37 
55 20 63 42 42 40 60 32 29 72 9 42 43 57 14 17 54 50 51 1 63 33 57 42 75 18 62 67 52 72 51 66 48 69 26 0 40 43 28 8 24 21 20 59 40 46 56 61 32 53 
78 32 22 24 55 74 38 66 57 69 50 62 28 65 28 46 91 76 12 41 24 40 17 62 78 46 57 102 13 32 40 29 26 29 43 40 0 58 32 48 36 20 21 52 52 75 17 24 63 32 
97 29 74 39 3 78 92 28 19 113 46 6 77 100 50 60 87 92 62 42 80 74 68 85 118 61 103 100 63 86 89 87 79 77 68 43 58 0 67 44 65 45 51 98 83 86 64 82 23 86 
46 38 51 49 65 45 34 60 56 46 33 67 17 36 17 20 63 44 43 29 48 9 48 30 52 20 36 73 45 58 24 47 24 59 13 28 32 67 0 33 6 24 17 32 20 44 49 43 60 27 
53 26 71 49 43 35 66 28 28 75 2 42 49 58 22 17 47 47 59 7 71 37 65 41 77 19 66 61 60 80 57 74 55 77 28 8 48 44 33 0 29 29 28 64 42 42 64 69 30 59 
42 37 56 51 63 40 39 56 53 48 28 65 22 35 16 14 57 40 47 26 53 9 52 27 53 14 38 68 49 63 28 53 30 64 8 24 36 65 6 29 0 25 18 35 19 39 53 48 57 32 
66 16 42 26 43 58 47 47 40 69 30 47 32 60 11 30 73 63 30 22 43 33 37 51 76 31 58 86 32 52 43 47 34 48 31 21 20 45 24 29 25 0 7 54 44 60 35 42 45 40 
60 22 43 32 49 53 42 50 44 63 29 53 26 53 7 25 70 57 33 21 43 26 39 45 69 26 52 82 34 52 37 46 30 51 25 20 21 51 17 28 18 7 0 47 37 55 38 41 49 35 
48 69 61 74 96 62 21 92 88 17 63 99 24 24 48 47 79 51 60 61 53 27 61 38 28 47 6 86 60 62 12 48 27 69 36 59 52 98 32 64 35 54 47 0 27 55 65 46 92 21 
27 56 69 69 81 36 40 70 69 33 41 82 29 17 34 24 53 27 63 41 64 12 66 13 35 23 26 61 64 74 26 62 37 77 14 40 52 83 20 42 19 44 37 27 0 30 68 58 71 35 
14 66 95 86 85 11 70 65 69 55 40 83 57 35 49 31 24 7 86 46 91 38 91 17 51 30 53 31 88 101 56 90 65 103 31 46 75 86 44 42 39 60 55 55 30 0 92 86 68 65 
95 43 11 25 60 91 47 77 67 82 65 68 42 81 45 63 108 93 6 56 19 57 6 79 92 63 71 120 4 22 53 27 38 14 61 56 17 64 49 64 53 35 38 65 68 92 0 24 73 44 
85 56 16 46 79 88 25 89 81 63 70 86 29 66 47 62 106 85 22 62 7 48 19 71 74 62 52 116 22 16 36 5 21 23 55 61 24 82 43 69 48 42 41 46 58 86 24 0 87 25 
81 31 83 51 24 59 91 5 6 104 31 17 74 88 45 47 65 75 70 31 87 65 77 71 107 48 95 78 72 94 84 92 78 88 57 32 63 23 60 30 57 45 49 92 71 68 73 87 0 84 
62 56 39 56 83 69 7 85 79 38 59 87 10 41 39 47 87 63 39 54 32 28 40 48 49 46 27 96 40 41 11 28 7 47 37 53 32 86 27 59 32 40 35 21 35 65 44 25 84 0 
0 1000
2862 3616
2498 3250
3287 3606
5246 5640
2318 2744
937 983
1054 1755
3846 3971
4220 5186
1362 1593
1487 1662
402 438
277 733
3586 4453
4070 4093
1130 1264
3991 4507
2030 2048
154 945
2201 2484
4866 5286
3059 3775
3541 3695
1898 2456
801 963
1661 2350
4693 4907
1759 2379
4301 4438
3357 3733
3450 3589
3110 3821
4536 5534
5086 5241
4437 5316
1601 1948
4987 5899
2647 3625
715 980
512 738
2966 3499
2072 2645
571 1318
1249 1271
2379 3189
3717 4083
2733 2902
4796 5318
3139 3826
59.23265604923284 64.07969509704525 12.750723144453435 47.78856452982393 83.30331360619297 79.44792917842553 9.31705329007696 97.44655278216932 89.23247448676331 14.990257469845858 75.45586110843436 91.3457371291213 26.278195763789636 35.81188199706391 53.88675634473458 62.461706677145465 94.86241926934692 64.55554677355836 25.53357147619798 69.3023438135526 8.264175823276421 42.259237702013166 18.82320168094873 54.401501748484705 21.529106484650782 62.00259586537137 18.096864511380794 98.34676389375012 24.186126418643795 1.4710067878781152 20.689770051183586 3.478771420079718 19.880563192350074 9.463898727155751 52.26873356348152 68.06004919394584 32.079762039480265 86.44677258878868 42.90929733154529 75.07278958011888 48.23769555223964 50.54540049191451 48.24447542958589 17.527208132807036 44.04267181710389 70.40543828402161 23.16332840733 8.377741071648103 94.95391472424475 16.270128121493656 
94.22292729548994 19.846325799207087 10.546774784829239 2.9879417366377448 1.1472413403615822 78.5728679954423 51.390576903836674 26.120743140285008 19.230515163752294 88.23442843320952 45.56094004778648 4.93582250786938 48.64804916490986 86.36208274854337 38.998951288536354 55.779294879495865 86.84276806231797 89.768071255757 11.889220458504202 39.07783066031993 18.606863783334184 60.14576448813933 10.274431084813095 79.58733643749173 98.87755260634906 56.86378036993357 77.06133092030561 99.72327630144213 10.986392656018252 11.622031455031411 59.919706353623184 25.173272410102488 44.03450615769937 2.850610595442704 59.95744652904526 39.77093375837497 21.570491407967353 0.6766908568443641 51.57700751062491 43.66695927871276 53.50222537181715 28.5179733930496 35.20051410471652 71.00970444153958 71.75685653747925 85.48905016371464 6.672523991989254 26.03318275495755 21.69159337752815 49.7591880461074 