50
0 63 89 85 55 55 51 54 42 26 75 42 15 21 45 31 16 53 69 90 65 72 66 55 27 60 89 46 69 94 12 25 14 54 54 67 37 48 84 65 84 56 34 53 50 73 60 16 54 29 
63 0 46 32 42 11 16 59 30 37 16 36 78 43 80 90 59 52 54 41 25 28 11 26 42 16 30 17 7 40 58 76 77 64 20 65 42 23 22 7 37 16 30 70 41 13 57 69 19 36 
89 46 0 17 88 43 44 51 47 65 33 78 104 73 81 120 92 44 33 9 25 73 56 71 79 35 27 55 48 18 89 109 99 56 66 46 83 67 36 39 10 38 66 62 41 54 43 86 39 62 
85 32 17 0 75 32 35 57 43 59 17 67 100 66 85 115 85 49 42 9 20 57 41 58 70 25 11 45 33 10 83 102 96 62 53 55 72 55 19 25 7 29 57 68 42 38 51 85 31 56 
55 42 88 75 0 46 46 84 53 42 58 15 64 40 93 69 41 79 88 83 64 27 35 17 29 54 71 35 43 82 44 52 68 88 22 95 18 21 62 49 79 51 32 91 68 41 86 69 52 44 
55 11 43 32 46 0 5 48 19 29 20 36 70 36 69 84 54 41 45 40 18 37 21 30 38 8 34 13 18 42 51 71 68 53 24 55 40 24 29 10 35 6 25 58 30 25 47 59 8 27 
51 16 44 35 46 5 0 45 14 25 24 35 66 32 65 80 50 37 43 42 19 40 25 31 35 10 38 11 23 45 48 67 64 49 26 52 39 24 34 15 37 6 22 54 26 29 44 55 6 22 
54 59 51 57 84 48 45 0 32 43 59 70 66 49 30 83 65 8 19 57 40 85 69 73 60 45 66 52 66 65 60 78 59 6 68 13 70 65 69 55 52 43 52 12 19 73 8 43 41 41 
42 30 47 43 53 19 14 32 0 19 36 40 57 26 50 73 46 26 35 48 23 53 39 41 34 20 48 20 37 53 42 62 54 36 36 41 42 33 46 28 42 16 23 41 15 43 33 43 14 16 
26 37 65 59 42 29 25 43 19 0 49 28 41 8 51 55 27 39 52 65 41 51 42 35 17 34 62 21 44 69 24 44 40 46 32 55 27 27 58 39 60 30 11 48 31 48 47 33 28 3 
75 16 33 17 58 20 24 59 36 49 0 51 90 55 84 103 73 51 49 26 19 40 24 41 57 16 14 31 16 24 71 90 88 64 36 62 57 39 10 10 23 20 44 70 41 21 55 78 22 46 
42 36 78 67 15 36 35 70 40 28 51 0 53 25 78 61 31 65 75 75 53 31 32 15 15 43 65 23 39 75 32 45 56 73 17 81 7 12 57 42 70 40 18 76 55 39 72 55 41 29 
15 78 104 100 64 70 66 66 57 41 90 53 0 35 51 17 23 66 82 105 81 84 80 67 39 75 104 61 84 110 21 18 9 65 67 79 46 61 99 80 100 71 48 63 64 87 73 23 69 44 
21 43 73 66 40 36 32 49 26 8 55 25 35 0 53 48 19 46 59 73 48 53 46 36 12 41 69 25 49 76 16 36 35 51 34 62 22 28 64 45 67 37 13 53 39 52 54 31 36 11 
45 80 81 85 93 69 65 30 50 51 84 78 51 53 0 67 60 36 49 86 67 101 88 86 64 69 94 68 87 94 55 68 42 26 83 39 75 78 94 78 81 66 62 20 44 93 38 29 63 50 
31 90 120 115 69 84 80 83 73 55 103 61 17 48 67 0 31 84 99 120 96 92 91 76 48 89 118 73 95 124 32 16 25 82 77 96 53 71 112 93 115 85 60 80 81 98 90 40 84 58 
16 59 92 85 41 54 50 65 46 27 73 31 23 19 60 31 0 63 77 92 67 62 60 45 17 60 87 42 64 95 5 17 27 66 45 78 24 40 81 63 86 56 29 66 57 66 70 32 55 30 
53 52 44 49 79 41 37 8 26 39 51 65 66 46 36 84 63 0 16 50 33 78 62 67 57 37 59 46 58 58 58 77 60 13 62 16 65 59 61 47 45 36 47 19 12 65 8 45 33 37 
69 54 33 42 88 45 43 19 35 52 49 75 82 59 49 99 77 16 0 40 31 82 65 74 69 39 53 53 60 49 73 92 76 24 68 13 77 67 57 48 36 39 58 30 21 67 11 61 37 49 
90 41 9 9 83 40 42 57 48 65 26 75 105 73 86 120 92 50 40 0 25 66 50 67 77 32 19 53 42 9 89 109 101 62 61 53 80 63 28 34 5 36 64 68 44 47 50 89 37 62 
65 25 25 20 64 18 19 40 23 41 19 53 81 48 67 96 67 33 31 25 0 53 36 48 54 10 27 30 29 29 64 84 77 46 42 43 58 43 28 18 19 13 40 52 23 36 36 65 13 38 
72 28 73 57 27 37 40 85 53 51 40 31 84 53 101 92 62 78 82 66 53 0 17 17 46 44 51 33 25 63 63 76 86 89 19 92 39 25 41 35 63 43 40 94 66 19 84 83 45 51 
66 11 56 41 35 21 25 69 39 42 24 32 80 46 88 91 60 62 65 50 36 17 0 19 42 26 36 21 8 48 59 76 80 74 15 76 39 20 27 18 46 27 32 79 51 7 68 74 29 41 
55 26 71 58 17 30 31 73 41 35 41 15 67 36 86 76 45 67 74 67 48 17 19 0 29 38 54 21 27 65 46 60 69 77 6 82 22 8 46 33 62 36 24 81 56 25 74 66 37 36 
27 42 79 70 29 38 35 60 34 17 57 15 39 12 64 48 17 57 69 77 54 46 42 29 0 45 71 26 47 80 17 34 41 63 29 72 11 23 65 47 72 41 14 65 48 49 64 40 41 20 
60 16 35 25 54 8 10 45 20 34 16 43 75 41 69 89 60 37 39 32 10 44 26 38 45 0 29 20 21 35 57 77 72 50 32 50 48 32 26 10 27 4 31 56 26 28 42 62 6 31 
89 30 27 11 71 34 38 66 48 62 14 65 104 69 94 118 87 59 53 19 27 51 36 54 71 29 0 45 28 12 85 104 101 72 50 66 72 53 10 25 19 33 58 78 50 32 61 91 35 60 
46 17 55 45 35 13 11 52 20 21 31 23 61 25 68 73 42 46 53 53 30 33 21 21 26 20 45 0 23 54 41 59 60 57 16 61 28 13 39 21 48 17 13 61 35 27 53 53 18 20 
69 7 48 33 43 18 23 66 37 44 16 39 84 49 87 95 64 58 60 42 29 25 8 27 47 21 28 23 0 39 63 81 83 71 22 71 46 26 19 11 38 23 36 76 47 7 63 76 25 42 
94 40 18 10 82 42 45 65 53 69 24 75 110 76 94 124 95 58 49 9 29 63 48 65 80 35 12 54 39 0 92 112 106 70 60 62 81 63 22 34 13 39 66 77 51 44 58 95 41 66 
12 58 89 83 44 51 48 60 42 24 71 32 21 16 55 32 5 58 73 89 64 63 59 46 17 57 85 41 63 92 0 20 24 61 46 73 26 40 80 61 83 53 28 61 53 66 66 28 52 26 
25 76 109 102 52 71 67 78 62 44 90 45 18 36 68 16 17 77 92 109 84 76 76 60 34 77 104 59 81 112 20 0 27 78 61 91 38 55 98 80 103 73 46 77 72 83 84 39 72 47 
14 77 99 96 68 68 64 59 54 40 88 56 9 35 42 25 27 60 76 101 77 86 80 69 41 72 101 60 83 106 24 27 0 57 68 72 50 62 98 79 96 68 48 55 59 87 66 15 66 42 
54 64 56 62 88 53 49 6 36 46 64 73 65 51 26 82 66 13 24 62 46 89 74 77 63 50 72 57 71 70 61 78 57 0 72 15 73 69 74 60 57 48 56 6 24 78 13 42 46 44 
54 20 66 53 22 24 26 68 36 32 36 17 67 34 83 77 45 62 68 61 42 19 15 6 29 32 50 16 22 60 46 61 68 72 0 77 24 6 41 27 57 30 21 76 50 22 68 64 32 32 
67 65 46 55 95 55 52 13 41 55 62 81 79 62 39 96 78 16 13 53 43 92 76 82 72 50 66 61 71 62 73 91 72 15 77 0 81 74 70 60 50 49 63 20 26 78 8 57 47 53 
37 42 83 72 18 40 39 70 42 27 57 7 46 22 75 53 24 65 77 80 58 39 39 22 11 48 72 28 46 81 26 38 50 73 24 81 0 19 64 47 75 45 19 75 56 46 73 51 45 29 
48 23 67 55 21 24 24 65 33 27 39 12 61 28 78 71 40 59 67 63 43 25 20 8 23 32 53 13 26 63 40 55 62 69 6 74 19 0 45 29 59 30 16 73 48 27 66 59 31 27 
84 22 36 19 62 29 34 69 46 58 10 57 99 64 94 112 81 61 57 28 28 41 27 46 65 26 10 39 19 22 80 98 98 74 41 70 64 45 0 19 26 30 52 80 51 22 64 88 33 56 
65 7 39 25 49 10 15 55 28 39 10 42 80 45 78 93 63 47 48 34 18 35 18 33 47 10 25 21 11 34 61 80 79 60 27 60 47 29 19 0 30 13 33 66 36 18 52 70 15 37 
84 37 10 7 79 35 37 52 42 60 23 70 100 67 81 115 86 45 36 5 19 63 46 62 72 27 19 48 38 13 83 103 96 57 57 50 75 59 26 30 0 31 59 64 39 44 45 83 32 57 
56 16 38 29 51 6 6 43 16 30 20 40 71 37 66 85 56 36 39 36 13 43 27 36 41 4 33 17 23 39 53 73 68 48 30 49 45 30 30 13 31 0 28 54 24 30 41 58 3 27 
34 30 66 57 32 25 22 52 23 11 44 18 48 13 62 60 29 47 58 64 40 40 32 24 14 31 58 13 36 66 28 46 48 56 21 63 19 16 52 33 59 28 0 59 37 39 55 43 27 12 
53 70 62 68 91 58 54 12 41 48 70 76 63 53 20 80 66 19 30 68 52 94 79 81 65 56 78 61 76 77 61 77 55 6 76 20 75 73 80 66 64 54 59 0 30 83 19 40 51 47 
50 41 41 42 68 30 26 19 15 31 41 55 64 39 44 81 57 12 21 44 23 66 51 56 48 26 50 35 47 51 53 72 59 24 50 26 56 48 51 36 39 24 37 30 0 54 18 46 22 29 
73 13 54 38 41 25 29 73 43 48 21 39 87 52 93 98 66 65 67 47 36 19 7 25 49 28 32 27 7 44 66 83 87 78 22 78 46 27 22 18 44 30 39 83 54 0 71 81 32 47 
60 57 43 51 86 47 44 8 33 47 55 72 73 54 38 90 70 8 11 50 36 84 68 74 64 42 61 53 63 58 66 84 66 13 68 8 73 66 64 52 45 41 55 19 18 71 0 51 39 45 
16 69 86 85 69 59 55 43 43 33 78 55 23 31 29 40 32 45 61 89 65 83 74 66 40 62 91 53 76 95 28 39 15 42 64 57 51 59 88 70 83 58 43 40 46 81 51 0 56 34 
54 19 39 31 52 8 6 41 14 28 22 41 69 36 63 84 55 33 37 37 13 45 29 37 41 6 35 18 25 41 52 72 66 46 32 47 45 31 33 15 32 3 27 51 22 32 39 56 0 26 
29 36 62 56 44 27 22 41 16 3 46 29 44 11 50 58 30 37 49 62 38 51 41 36 20 31 60 20 42 66 26 47 42 44 32 53 29 27 56 37 57 27 12 47 29 47 45 34 26 0 
0 1000
2968 3278
4240 5231
4257 4863
726 1135
2655 2697
1330 1640
1497 1708
2013 2390
2035 2360
4599 4813
3598 3909
936 1547
3889 4038
1696 2433
1165 2058
665 1110
2524 2587
4458 4680
3314 4199
2104 2448
2777 3340
4655 5253
3797 4162
4068 4325
1047 1826
423 1199
356 477
771 780
214 439
3716 4330
3543 4013
4375 4572
4147 4948
3434 3864
81 386
1399 1583
3675 4613
1885 2829
2908 3262
3030 3933
1763 2078
1570 2514
2303 2429
4019 4925
2402 3266
2217 2239
601 1306
2173 2592
3166 3674
72.80828942910631 50.98290578447706 4.893075686813253 19.31828232001519 92.55704400183075 46.95010197304411 47.25247141684876 20.032483677443324 43.55011122158662 60.779742988100494 36.507217801263266 81.67197890664147 82.53436606535985 67.90192154910747 32.20448776504903 98.94235487944634 84.80251828574339 22.23171586367233 8.917557137486476 10.28873701422649 28.787562679414357 76.11248826572017 60.20975281012172 76.20866042469278 77.78234761530356 39.043506341474995 25.620452084950905 58.75003160335153 52.04352779499033 13.317931611441637 79.92504084339939 97.3070113447519 73.89704785445794 19.35065525520917 70.71107722151217 6.873449687790423 84.84906434887472 71.37972932551625 35.60755712059366 43.77927549839714 14.000199545402946 41.5904033914232 66.07469726302763 20.06300999322076 29.60163474806713 57.015498659079334 14.552943628470572 59.581781080681715 41.00087945016292 58.11750156862993 
80.34552392394531 20.83628981558804 23.1842925909731 14.839621246556622 28.8160125161085 31.42967868190627 36.18991245642918 71.44972899306111 49.954336089199515 56.97490236337769 14.793075216183183 38.84639727348665 92.02657181050128 60.11058833966335 99.01464783466231 97.19598352047916 69.28188876289728 64.12142975122677 55.460267698863156 15.77538587894216 31.938933998928132 7.925690853867473 15.097103703113056 25.145827487838 53.74607226783631 30.778660332391528 5.3053558838983665 36.31128175460171 14.038258356151179 6.928093139275793 70.87789752759915 81.04422193282869 94.32591176350084 76.96201628308224 26.041843129178933 68.79377135129954 45.606722388509546 32.06098760082602 4.579056144293325 21.81478965386153 19.748100587171013 34.156865114172305 46.816345064407784 83.30419353204974 55.29007287173038 8.904088897621454 65.23931472092431 89.52047970936492 36.693102402369796 55.832257988302935 