50
0 17 54 57 83 78 74 38 13 21 52 15 81 77 93 68 73 60 34 73 41 106 29 70 47 65 15 26 10 74 75 51 83 57 6 34 78 15 4 80 30 45 39 61 34 67 43 44 68 33 
17 0 65 66 92 73 73 46 27 4 43 29 89 89 102 80 73 76 35 69 53 117 46 74 64 80 26 37 8 85 90 51 86 55 11 39 89 32 14 80 22 59 32 77 48 76 32 61 62 44 
54 65 0 10 31 68 52 21 41 68 64 59 30 24 39 14 49 26 39 60 13 52 57 34 30 29 40 29 58 20 32 41 46 50 57 31 24 46 54 53 57 17 55 29 23 16 66 40 62 22 
57 66 10 0 26 60 43 20 44 68 59 64 24 27 36 17 40 35 36 51 19 52 64 24 40 39 43 32 60 19 40 34 36 42 59 29 25 51 56 43 55 26 52 39 30 10 62 49 54 25 
83 92 31 26 0 68 49 46 70 94 78 89 4 22 12 21 46 48 60 60 44 30 88 29 58 48 69 58 85 14 43 52 32 58 85 53 16 76 82 44 78 47 73 51 54 16 84 69 66 51 
78 73 68 60 68 0 19 56 73 71 31 92 64 83 80 75 22 94 46 8 68 97 102 40 93 98 68 66 72 73 99 30 39 22 75 51 79 84 74 25 51 80 41 97 75 61 44 100 10 67 
74 73 52 43 49 19 0 44 66 73 39 87 44 64 60 56 3 78 41 12 54 78 94 21 80 81 62 56 71 55 82 23 20 19 73 42 60 77 71 8 52 66 43 81 63 43 50 87 20 55 
38 46 21 20 46 56 44 0 26 48 44 47 43 45 56 35 42 42 18 48 13 72 51 34 38 46 23 14 40 39 52 25 47 34 40 10 44 35 37 47 35 25 34 44 20 30 45 44 47 11 
13 27 41 44 70 73 66 26 0 31 51 21 68 64 80 55 65 49 27 67 28 93 30 59 37 53 4 13 19 61 63 44 73 51 17 24 65 11 14 71 31 32 37 50 21 54 44 36 63 20 
21 4 68 68 94 71 73 48 31 0 41 33 91 92 104 82 73 79 35 68 56 119 50 75 67 84 29 40 12 87 93 51 86 54 15 40 92 36 18 80 21 62 30 80 51 78 29 65 61 47 
52 43 64 59 78 31 39 44 51 41 0 67 74 85 90 75 40 86 28 31 58 107 80 51 81 91 46 48 44 77 96 25 58 21 48 36 83 62 48 47 22 69 14 89 61 65 13 84 22 53 
15 29 59 64 89 92 87 47 21 33 67 0 88 80 97 72 86 59 47 87 46 109 17 81 44 63 25 33 24 79 74 64 94 71 20 45 82 13 19 92 45 46 53 58 36 73 58 38 82 39 
81 89 30 24 4 64 44 43 68 91 74 88 0 24 16 22 42 49 56 56 42 34 87 24 59 50 66 56 83 15 45 49 28 54 83 51 18 75 80 40 75 47 70 53 53 14 80 69 62 49 
77 89 24 27 22 83 64 45 64 92 85 80 24 0 21 10 61 28 62 75 36 30 74 44 42 28 63 52 82 10 21 61 51 68 80 54 6 67 77 62 80 34 78 32 44 22 89 52 79 45 
93 102 39 36 12 80 60 56 80 104 90 97 16 21 0 25 58 50 71 72 52 18 94 41 62 49 78 67 96 19 41 65 42 70 95 64 16 84 92 56 90 53 85 53 61 27 96 73 79 60 
68 80 14 17 21 75 56 35 55 82 75 72 22 10 25 0 53 27 52 66 27 38 68 36 38 29 54 43 72 7 26 51 45 59 71 44 10 59 68 55 70 28 68 31 36 14 79 48 70 36 
73 73 49 40 46 22 3 42 65 73 40 86 42 61 58 53 0 75 40 15 52 75 92 18 77 79 61 54 70 52 79 23 18 20 72 41 57 75 70 7 52 63 44 79 61 40 51 85 22 53 
60 76 26 35 48 94 78 42 49 79 86 59 49 28 50 27 75 0 59 86 28 56 49 60 15 5 50 41 68 34 15 65 71 74 65 50 34 47 62 78 74 17 75 4 28 39 85 25 87 34 
34 35 39 36 60 46 41 18 27 35 28 47 56 62 71 52 40 59 0 40 31 87 56 40 53 63 22 21 31 55 70 18 51 24 32 9 61 38 31 47 19 42 17 61 33 44 27 57 36 25 
73 69 60 51 60 8 12 48 67 68 31 87 56 75 72 66 15 86 40 0 60 90 96 32 86 89 62 59 68 65 91 23 33 16 71 44 70 78 70 19 48 72 38 89 68 53 43 92 9 59 
41 53 13 19 44 68 54 13 28 56 58 46 42 36 52 27 52 28 31 60 0 65 45 40 25 33 27 16 45 33 39 38 53 47 44 22 37 33 41 57 47 12 47 31 11 28 57 33 60 9 
106 117 52 52 30 97 78 72 93 119 107 109 34 30 18 38 75 56 87 90 65 0 104 58 70 54 92 81 110 32 43 82 59 87 109 80 28 97 106 73 106 64 102 58 74 43 113 80 96 74 
29 46 57 64 88 102 94 51 30 50 80 17 87 74 94 68 92 49 56 96 45 104 0 84 34 53 34 38 39 75 64 72 97 80 35 52 78 18 34 98 59 41 66 48 34 73 72 25 92 40 
70 74 34 24 29 40 21 34 59 75 51 81 24 44 41 36 18 60 40 32 40 58 84 0 64 62 56 47 69 34 62 27 13 30 71 37 39 69 68 19 56 50 50 63 51 23 59 73 38 44 
47 64 30 40 58 93 80 38 37 67 81 44 59 42 62 38 77 15 53 86 25 70 34 64 0 19 39 33 55 45 30 63 76 72 53 45 46 33 50 82 65 14 68 14 20 46 78 10 85 28 
65 80 29 39 48 98 81 46 53 84 91 63 50 28 49 29 79 5 63 89 33 54 53 62 19 0 55 46 72 35 11 70 73 78 70 55 34 52 67 81 79 22 80 5 33 41 90 28 91 39 
15 26 40 43 69 68 62 23 4 29 46 25 66 63 78 54 61 50 22 62 27 92 34 56 39 55 0 11 18 60 64 39 69 47 17 20 64 16 14 67 27 33 33 51 22 52 40 40 58 19 
26 37 29 32 58 66 56 14 13 40 48 33 56 52 67 43 54 41 21 59 16 81 38 47 33 46 11 0 29 49 54 35 61 44 28 15 53 21 25 61 33 24 36 43 13 41 45 36 56 8 
10 8 58 60 85 72 71 40 19 12 44 24 83 82 96 72 70 68 31 68 45 110 39 69 55 72 18 29 0 78 82 48 82 53 4 33 82 24 6 77 22 51 32 68 40 69 34 53 62 37 
74 85 20 19 14 73 55 39 61 87 77 79 15 10 19 7 52 34 55 65 33 32 75 34 45 35 60 49 78 0 30 52 41 59 77 48 5 66 74 52 74 35 71 37 43 13 82 55 70 42 
75 90 32 40 43 99 82 52 63 93 96 74 45 21 41 26 79 15 70 91 39 43 64 62 30 11 64 54 82 30 0 73 71 82 80 61 27 62 76 81 86 30 86 16 42 39 97 39 94 47 
51 51 41 34 52 30 23 25 44 51 25 64 49 61 65 51 23 65 18 23 38 82 72 27 63 70 39 35 48 52 73 0 36 9 50 20 58 55 48 30 31 50 23 69 45 40 32 69 22 36 
83 86 46 36 32 39 20 47 73 86 58 94 28 51 42 45 18 71 51 33 53 59 97 13 76 73 69 61 82 41 71 36 0 37 83 49 45 82 81 14 67 63 59 74 64 32 68 85 41 57 
57 55 50 42 58 22 19 34 51 54 21 71 54 68 70 59 20 74 24 16 47 87 80 30 72 78 47 44 53 59 82 9 37 0 55 29 65 62 54 27 33 59 24 77 54 47 31 78 13 45 
6 11 57 59 85 75 73 40 17 15 48 20 83 80 95 71 72 65 32 71 44 109 35 71 53 70 17 28 4 77 80 50 83 55 0 34 81 21 3 79 26 49 35 66 38 69 38 50 65 36 
34 39 31 29 53 51 42 10 24 40 36 45 51 54 64 44 41 50 9 44 22 80 52 37 45 55 20 15 33 48 61 20 49 29 34 0 53 35 31 47 26 34 25 53 26 38 36 50 42 17 
78 89 24 25 16 79 60 44 65 92 83 82 18 6 16 10 57 34 61 70 37 28 78 39 46 34 64 53 82 5 27 58 45 65 81 53 0 69 78 57 79 37 76 37 46 18 87 57 75 46 
15 32 46 51 76 84 77 35 11 36 62 13 75 67 84 59 75 47 38 78 33 97 18 69 33 52 16 21 24 66 62 55 82 62 21 35 69 0 18 82 41 33 48 47 23 60 54 29 74 26 
4 14 54 56 82 74 71 37 14 18 48 19 80 77 92 68 70 62 31 70 41 106 34 68 50 67 14 25 6 74 76 48 81 54 3 31 78 18 0 77 26 46 34 63 34 66 38 47 64 33 
80 80 53 43 44 25 8 47 71 80 47 92 40 62 56 55 7 78 47 19 57 73 98 19 82 81 67 61 77 52 81 30 14 27 79 47 57 82 77 0 60 68 51 82 66 41 58 90 28 59 
30 22 57 55 78 51 52 35 31 21 22 45 75 80 90 70 52 74 19 48 47 106 59 56 65 79 27 33 22 74 86 31 67 33 26 26 79 41 26 60 0 57 10 76 46 63 13 67 41 39 
45 59 17 26 47 80 66 25 32 62 69 46 47 34 53 28 63 17 42 72 12 64 41 50 14 22 33 24 51 35 30 50 63 59 49 34 37 33 46 68 57 0 58 19 12 33 68 23 72 17 
39 32 55 52 73 41 43 34 37 30 14 53 70 78 85 68 44 75 17 38 47 102 66 50 68 80 33 36 32 71 86 23 59 24 35 25 76 48 34 51 10 58 0 77 49 59 11 71 31 41 
61 77 29 39 51 97 81 44 50 80 89 58 53 32 53 31 79 4 61 89 31 58 48 63 14 5 51 43 68 37 16 69 74 77 66 53 37 47 63 82 76 19 77 0 30 42 87 23 90 37 
34 48 23 30 54 75 63 20 21 51 61 36 53 44 61 36 61 28 33 68 11 74 34 51 20 33 22 13 40 43 42 45 64 54 38 26 46 23 34 66 46 12 49 30 0 38 58 24 67 9 
67 76 16 10 16 61 43 30 54 78 65 73 14 22 27 14 40 39 44 53 28 43 73 23 46 41 52 41 69 13 39 40 32 47 69 38 18 60 66 41 63 33 59 42 38 0 70 56 57 35 
43 32 66 62 84 44 50 45 44 29 13 58 80 89 96 79 51 85 27 43 57 113 72 59 78 90 40 45 34 82 97 32 68 31 38 36 87 54 38 58 13 68 11 87 58 70 0 80 34 51 
44 61 40 49 69 100 87 44 36 65 84 38 69 52 73 48 85 25 57 92 33 80 25 73 10 28 40 36 53 55 39 69 85 78 50 50 57 29 47 90 67 23 71 23 24 56 80 0 91 33 
68 62 62 54 66 10 20 47 63 61 22 82 62 79 79 70 22 87 36 9 60 96 92 38 85 91 58 56 62 70 94 22 41 13 65 42 75 74 64 28 41 72 31 90 67 57 34 91 0 58 
33 44 22 25 51 67 55 11 20 47 53 39 49 45 60 36 53 34 25 59 9 74 40 44 28 39 19 8 37 42 47 36 57 45 36 17 46 26 33 59 39 17 41 37 9 35 51 33 58 0 
0 1000
949 1599
1901 2860
4474 4501
3068 3783
4572 5226
3929 4084
608 913
797 995
897 1775
3222 3281
1792 1924
2744 3186
180 589
3753 4553
3799 3975
3957 4081
3346 3552
1361 1412
4216 5207
1452 2300
1250 2163
4383 5135
2823 3349
1863 2174
3400 4160
2499 2667
2335 3080
2480 3259
3656 3791
421 956
4532 4885
1102 1549
2147 2292
545 1189
3286 3889
142 211
3155 3165
2028 2706
2185 3014
2407 2486
4312 4574
2896 3763
4120 4197
682 841
1508 1934
1672 2370
3503 4034
2583 3357
282 741
13.66731037269152 13.490972482380082 58.75526534288953 66.02565402891808 89.47825555790513 84.5902907666595 86.77884122869422 50.46127070797299 24.398382684490862 14.192696078078571 53.1330603362125 3.265933113767072 88.89501005074023 73.23617612807409 94.09144444962843 69.40924787022114 86.31188606613156 44.88121577521401 46.70319213387155 82.39719582210515 47.23447490770428 99.43205549858767 2.2007739668879256 83.7951488115528 31.800567671801716 46.165122131852684 27.76558591116579 36.713762101282576 16.17969394016432 76.51917522458156 56.107563730578434 63.759379530743566 96.83176665578523 67.96365929078117 14.427269590172553 47.509137892992236 77.82088250405333 15.594278334545809 16.407598422029658 93.38827648176381 34.909378258007926 42.30469584626203 44.47917281642759 41.91268580820672 36.44697435199124 74.7693010837346 40.45710675353137 21.319166482607354 74.58410358944165 41.307484645655265 
64.3312829724004 81.38739282191177 34.281506116410185 40.980771018877974 29.75623429027636 97.62660178765798 78.25596737847445 53.83746355296496 56.69544790653638 85.43894834780357 98.25269639955752 53.78861581524513 33.84656704873053 15.431539211872325 18.418501123538753 24.640023714421332 75.39683972602722 12.664533147029577 71.39442761852797 89.62730599675427 40.77418116974497 1.6968691965671634 37.19317996420203 57.71163984699705 20.546566861855098 7.937380484578305 59.60557475086487 52.84676091871312 73.7723715505273 24.633681540541897 2.5017900329520892 75.370376684554 60.48667535862224 83.16721378622194 70.3423656420628 62.91502401329002 19.358203725217383 49.491173451760595 67.81563675227167 74.05027140680579 85.74550300962498 29.688571342240554 87.79922155977941 10.347815386862113 39.73488681514276 37.03968564795722 97.79583019991156 20.58420363691016 94.49357588554417 46.89795426858336 