50
0 75 40 80 31 40 76 50 70 39 80 56 41 92 67 46 51 24 34 73 102 74 81 88 57 69 57 58 28 62 26 47 8 87 89 88 67 80 36 21 55 88 90 35 86 50 58 93 55 60 
75 0 41 15 82 76 79 26 47 38 56 46 41 29 11 53 24 60 41 37 65 6 55 13 97 21 72 25 74 69 54 53 74 39 15 26 64 58 47 73 23 46 15 40 25 100 47 49 94 87 
40 41 0 52 60 61 83 17 61 7 73 50 32 66 31 47 20 37 12 57 91 39 73 55 83 30 68 19 33 69 31 49 36 68 53 62 69 74 6 32 18 72 57 15 61 81 52 77 79 79 
80 15 52 0 81 73 68 35 36 46 44 39 41 15 25 48 32 61 48 25 50 21 42 15 92 36 65 39 84 61 55 48 80 24 23 11 54 46 57 82 35 32 15 46 10 97 40 34 89 80 
31 82 60 81 0 13 51 62 57 56 64 45 42 89 77 34 62 23 50 65 87 84 66 93 26 84 33 74 59 39 30 34 39 79 97 86 46 64 58 52 69 77 94 48 84 21 46 81 23 30 
40 76 61 73 13 0 38 59 45 56 51 35 36 80 73 24 58 24 50 54 74 78 53 86 22 82 19 72 66 26 30 25 47 68 91 77 33 51 61 60 66 65 87 47 75 24 35 70 19 20 
76 79 83 68 51 38 0 74 32 77 27 35 51 68 81 36 71 54 72 44 44 83 30 84 39 93 19 87 99 15 56 34 82 52 91 66 15 26 85 93 80 45 83 68 65 51 33 47 38 25 
50 26 17 35 62 59 74 0 48 12 60 39 24 50 17 40 4 39 15 43 76 24 59 39 82 22 62 13 49 61 32 41 48 52 40 46 59 61 22 48 7 57 41 15 44 82 42 62 78 75 
70 47 61 36 57 45 32 48 0 54 12 14 31 37 51 25 44 46 51 12 33 52 12 52 60 63 32 59 85 26 44 24 73 23 59 35 19 13 65 81 53 20 51 47 33 68 12 24 57 47 
39 38 7 46 56 56 77 12 54 0 66 43 25 61 28 41 15 33 7 51 84 36 66 51 78 30 62 19 37 63 27 42 37 62 51 57 62 67 11 36 16 66 53 10 55 77 46 71 75 73 
80 56 73 44 64 51 27 60 12 66 0 25 43 41 61 34 56 56 63 20 23 62 2 59 62 74 34 71 97 27 55 33 84 25 67 40 19 2 77 92 64 17 58 59 38 71 22 20 59 48 
56 46 50 39 45 35 35 39 14 43 25 0 19 45 46 12 36 32 39 20 47 49 26 53 53 58 27 51 72 24 30 11 60 34 60 42 20 26 53 67 45 32 54 35 39 59 3 37 50 42 
41 41 32 41 42 36 51 24 31 25 43 19 0 51 37 16 23 21 21 32 64 42 43 52 58 46 38 37 54 38 15 17 44 46 56 48 37 44 35 50 31 47 53 17 46 60 21 52 54 50 
92 29 66 15 89 80 68 50 37 61 41 45 51 0 39 56 46 72 62 26 40 35 39 23 97 51 69 53 98 63 67 55 93 16 32 4 56 42 72 96 50 25 21 59 6 103 45 25 94 84 
67 11 31 25 77 73 81 17 51 28 61 46 37 39 0 51 16 54 33 42 73 8 60 24 95 13 72 15 64 70 48 52 65 46 23 36 66 63 37 64 13 54 26 32 35 96 48 57 91 86 
46 53 47 48 34 24 36 40 25 41 34 12 16 56 51 0 38 22 36 31 57 56 35 62 44 61 22 53 65 22 22 2 50 45 68 53 23 35 49 59 47 44 63 32 50 48 13 49 41 35 
51 24 20 32 62 58 71 4 44 15 56 36 23 46 16 38 0 39 17 39 72 23 56 37 80 23 60 15 52 59 32 39 50 48 38 42 56 58 26 50 9 53 39 16 41 81 39 58 77 73 
24 60 37 61 23 24 54 39 46 33 56 32 21 72 54 22 39 0 26 51 79 61 57 72 46 61 36 51 45 40 7 23 29 65 75 68 44 57 37 39 46 65 73 24 66 44 34 70 42 43 
34 41 12 48 50 50 72 15 51 7 63 39 21 62 33 36 17 26 0 49 82 40 63 55 72 36 57 25 36 57 20 37 33 61 55 58 58 64 14 34 21 65 56 4 56 70 42 69 68 67 
73 37 57 25 65 54 44 43 12 51 20 20 32 26 42 31 39 51 49 0 34 42 18 40 71 55 43 52 85 38 47 31 76 14 48 24 30 21 62 81 46 15 40 45 22 77 19 20 68 58 
102 65 91 50 87 74 44 76 33 84 23 47 64 40 73 57 72 79 82 34 0 71 22 62 83 85 56 85 118 49 77 56 106 27 72 42 41 23 95 113 79 19 61 79 41 93 45 16 81 68 
74 6 39 21 84 78 83 24 52 36 62 49 42 35 8 56 23 61 40 42 71 0 60 17 100 16 76 21 71 73 54 56 73 44 15 31 68 63 44 71 20 52 19 39 31 102 51 55 96 90 
81 55 73 42 66 53 30 59 12 66 2 26 43 39 60 35 56 57 63 18 22 60 0 57 64 73 36 70 97 30 56 34 85 22 66 38 21 4 77 93 64 15 56 59 36 73 23 18 62 50 
88 13 55 15 93 86 84 39 52 51 59 53 52 23 24 62 37 72 55 40 62 17 57 0 106 31 80 38 88 76 66 62 87 37 9 21 70 60 61 87 37 45 2 53 22 110 55 47 103 95 
57 97 83 92 26 22 39 82 60 78 62 53 58 97 95 44 80 46 72 71 83 100 64 106 0 104 28 94 85 34 52 44 65 83 112 94 43 61 82 78 89 78 107 69 92 13 52 82 4 14 
69 21 30 36 84 82 93 22 63 30 74 58 46 51 13 61 23 61 36 55 85 16 73 31 104 0 83 11 61 81 54 62 66 59 26 47 78 76 35 62 15 66 34 37 47 104 60 70 100 96 
57 72 68 65 33 19 19 62 32 62 34 27 38 69 72 22 60 36 57 43 56 76 36 80 28 83 0 75 81 7 39 21 64 55 87 67 15 34 70 75 69 50 80 53 65 37 25 54 25 15 
58 25 19 39 74 72 87 13 59 19 71 51 37 53 15 53 15 51 25 52 85 21 70 38 94 11 75 0 51 74 44 54 55 59 35 50 72 72 25 51 6 66 40 26 49 94 54 70 91 88 
28 74 33 84 59 66 99 49 85 37 97 72 54 98 64 65 52 45 36 85 118 71 97 88 85 61 81 51 0 84 43 66 20 97 86 94 87 98 27 7 51 100 90 40 92 78 74 105 82 86 
62 69 69 61 39 26 15 61 26 63 27 24 38 63 70 22 59 40 57 38 49 73 30 76 34 81 7 74 84 0 42 20 68 49 83 61 9 27 71 79 68 44 76 54 59 44 22 48 32 21 
26 54 31 55 30 30 56 32 44 27 55 30 15 67 48 22 32 7 20 47 77 54 56 66 52 54 39 44 43 42 0 23 29 61 69 63 44 55 31 38 39 62 67 17 61 50 32 67 48 48 
47 53 49 48 34 25 34 41 24 42 33 11 17 55 52 2 39 23 37 31 56 56 34 62 44 62 21 54 66 20 23 0 52 45 68 52 21 33 51 61 48 43 63 33 50 48 12 48 40 34 
8 74 36 80 39 47 82 48 73 37 84 60 44 93 65 50 50 29 33 76 106 73 85 87 65 66 64 55 20 68 29 52 0 89 88 89 72 85 31 13 53 91 89 35 87 58 62 96 62 67 
87 39 68 24 79 68 52 52 23 62 25 34 46 16 46 45 48 65 61 14 27 44 22 37 83 59 55 59 97 49 61 45 89 0 46 16 41 26 73 94 54 9 35 57 15 91 33 11 80 70 
89 15 53 23 97 91 91 40 59 51 67 60 56 32 23 68 38 75 55 48 72 15 66 9 112 26 87 35 86 83 69 68 88 46 0 30 77 69 59 86 35 54 11 54 31 115 61 56 108 101 
88 26 62 11 86 77 66 46 35 57 40 42 48 4 36 53 42 68 58 24 42 31 38 21 94 47 67 50 94 61 63 52 89 16 30 0 54 42 68 92 46 25 19 55 2 100 42 26 91 82 
67 64 69 54 46 33 15 59 19 62 19 20 37 56 66 23 56 44 58 30 41 68 21 70 43 78 15 72 87 9 44 21 72 41 77 54 0 18 71 82 65 35 69 54 52 52 18 39 41 29 
80 58 74 46 64 51 26 61 13 67 2 26 44 42 63 35 58 57 64 21 23 63 4 60 61 76 34 72 98 27 55 33 85 26 69 42 18 0 78 93 66 19 60 60 40 70 23 22 59 47 
36 47 6 57 58 61 85 22 65 11 77 53 35 72 37 49 26 37 14 62 95 44 77 61 82 35 70 25 27 71 31 51 31 73 59 68 71 78 0 27 24 77 63 18 66 79 56 82 79 79 
21 73 32 82 52 60 93 48 81 36 92 67 50 96 64 59 50 39 34 81 113 71 93 87 78 62 75 51 7 79 38 61 13 94 86 92 82 93 27 0 51 97 89 37 90 71 70 102 75 80 
55 23 18 35 69 66 80 7 53 16 64 45 31 50 13 47 9 46 21 46 79 20 64 37 89 15 69 6 51 68 39 48 53 54 35 46 65 66 24 51 0 60 39 22 45 89 48 64 85 81 
88 46 72 32 77 65 45 57 20 66 17 32 47 25 54 44 53 65 65 15 19 52 15 45 78 66 50 66 100 44 62 43 91 9 54 25 35 19 77 97 60 0 44 61 24 87 31 5 76 64 
90 15 57 15 94 87 83 41 51 53 58 54 53 21 26 63 39 73 56 40 61 19 56 2 107 34 80 40 90 76 67 63 89 35 11 19 69 60 63 89 39 44 0 55 20 111 55 46 103 95 
35 40 15 46 48 47 68 15 47 10 59 35 17 59 32 32 16 24 4 45 79 39 59 53 69 37 53 26 40 54 17 33 35 57 54 55 54 60 18 37 22 61 55 0 53 68 38 66 65 64 
86 25 61 10 84 75 65 44 33 55 38 39 46 6 35 50 41 66 56 22 41 31 36 22 92 47 65 49 92 59 61 50 87 15 31 2 52 40 66 90 45 24 20 53 0 98 40 26 89 80 
50 100 81 97 21 24 51 82 68 77 71 59 60 103 96 48 81 44 70 77 93 102 73 110 13 104 37 94 78 44 50 48 58 91 115 100 52 70 79 71 89 87 111 68 98 0 58 91 13 26 
58 47 52 40 46 35 33 42 12 46 22 3 21 45 48 13 39 34 42 19 45 51 23 55 52 60 25 54 74 22 32 12 62 33 61 42 18 23 56 70 48 31 55 38 40 58 0 36 49 40 
93 49 77 34 81 70 47 62 24 71 20 37 52 25 57 49 58 70 69 20 16 55 18 47 82 70 54 70 105 48 67 48 96 11 56 26 39 22 82 102 64 5 46 66 26 91 36 0 80 68 
55 94 79 89 23 19 38 78 57 75 59 50 54 94 91 41 77 42 68 68 81 96 62 103 4 100 25 91 82 32 48 40 62 80 108 91 41 59 79 75 85 76 103 65 89 13 49 80 0 13 
60 87 79 80 30 20 25 75 47 73 48 42 50 84 86 35 73 43 67 58 68 90 50 95 14 96 15 88 86 21 48 34 67 70 101 82 29 47 79 80 81 64 95 64 80 26 40 68 13 0 
0 1000
1264 1964
1555 2060
858 1178
642 848
4520 4535
4109 4881
1617 2087
1465 1653
3713 4650
4378 4565
2624 2818
3054 3942
479 656
4215 4927
3219 4148
2151 3112
4740 5512
4255 5086
2877 3362
384 868
947 1405
2368 2824
3454 3825
2504 2929
1800 1977
3825 3895
4017 4614
3966 4374
1157 1823
590 636
269 480
3637 4070
4882 5483
137 1063
815 1324
3130 3853
2270 2646
2747 3715
4641 5027
1715 2147
2340 2983
2970 3471
2062 2100
4918 4927
1088 1591
1366 1502
422 1303
1903 2649
3299 3641
36.900530827248254 18.665824816563326 13.093713878205293 32.307026033368416 67.55520253281348 72.51550159063433 93.99558204042353 20.085556259645042 64.89916224665797 18.888014966520338 75.064747699819 58.82304062942754 43.667767118744074 40.63859051884562 14.300347027904625 59.615540553524184 22.81859962293431 48.551123788926255 24.73354000843859 55.35624675799403 80.70742228022156 13.400756513957868 73.77351236876322 18.58349237704099 93.3208250711422 1.8349803709510448 81.14379561047895 7.416996705394419 9.04730033042538 81.13238188864977 43.49437543836766 60.91703758664204 29.162104290984647 55.319469954493236 9.490108258051666 39.37707021636716 79.00672026536662 76.75068021150318 12.400328028116192 15.92716841461762 13.807135256514302 63.883582089099754 20.004268650424585 28.346177093190583 40.155065351372365 87.11423501837584 61.402094871386524 65.64695513537461 90.10683496902448 91.39707210854986 
4.658314607955738 77.4686163403356 36.3515456766587 84.21415545517628 11.362541504315548 23.518886370618976 54.902690816630674 51.456802770543774 68.36065688825973 39.77469513604288 74.66599963704661 55.94369751232724 45.30478594499493 96.66291468453744 67.5234824366447 44.14853501441137 54.0463678510943 25.154626605771814 36.68574885237154 75.20225075409725 97.15591934787712 74.99800964101847 76.62855400677644 90.8912593770346 15.609679633294892 64.30376369978131 40.92180707321732 54.73301049674263 3.9055430244191225 47.866297742534016 29.890661416873066 45.11562337577635 4.143187487925792 89.36480305021809 89.62644579353042 92.70765670704917 56.23163680983555 74.26722724489728 30.572438806595002 4.021992904725124 54.691828469586476 87.97992885316161 92.86935827418984 38.652743165140095 90.72644043213143 4.557335801428641 56.890707085287985 92.77440864134527 17.103057745101545 29.81121520991148 