50
0 44 83 24 67 25 6 56 40 85 32 89 58 80 26 5 34 60 49 58 67 75 66 95 70 38 56 36 42 50 62 57 17 38 41 71 31 71 70 14 90 74 50 61 34 91 102 68 27 58 
44 0 85 58 56 69 38 74 69 94 71 82 91 80 63 44 16 23 52 51 56 63 83 73 98 56 69 9 58 26 87 30 34 82 77 42 42 93 64 34 85 72 42 82 36 79 116 92 63 72 
83 85 0 66 31 88 83 35 55 15 73 17 62 5 68 79 93 72 36 34 31 28 29 44 54 46 30 85 43 60 46 59 69 94 67 58 53 40 21 72 12 13 42 38 53 25 39 44 66 30 
24 58 66 0 58 22 28 35 16 65 14 76 35 64 5 19 53 66 37 49 58 65 45 88 47 20 37 52 24 53 38 59 23 32 19 71 24 48 58 24 75 59 44 38 31 79 80 45 5 38 
67 56 31 58 0 80 64 41 54 43 69 26 70 25 62 63 67 41 21 9 0 9 44 30 69 39 33 58 36 30 58 29 50 89 67 28 36 57 9 53 29 18 17 49 32 25 68 59 60 36 
25 69 88 22 80 0 32 55 34 86 17 98 44 86 20 25 60 83 59 71 80 88 64 110 58 43 58 61 46 71 53 77 37 13 27 91 44 64 80 36 97 82 66 56 51 101 97 60 22 59 
6 38 83 28 64 32 0 58 43 86 37 88 63 79 31 9 28 54 48 56 64 73 68 91 74 39 57 30 43 45 65 52 14 45 46 66 30 74 68 11 89 73 48 64 32 89 104 71 32 59 
56 74 35 35 41 55 58 0 21 31 39 48 30 34 36 51 76 71 25 36 41 46 10 69 28 19 8 71 16 56 17 59 47 60 32 66 33 19 36 49 46 33 38 9 38 54 46 19 34 6 
40 69 55 16 54 34 43 21 0 52 18 67 22 54 16 35 67 73 34 47 54 61 30 84 31 17 26 64 18 58 22 63 36 39 12 74 29 32 52 38 66 51 45 23 36 72 64 28 14 26 
85 94 15 65 43 86 86 31 52 0 70 31 54 20 67 81 100 83 42 44 44 42 22 59 43 48 29 93 44 70 37 70 74 90 62 71 58 29 34 77 26 26 52 30 60 39 24 34 64 28 
32 71 73 14 69 17 37 39 18 70 0 85 28 72 9 29 65 80 48 61 69 77 48 99 42 31 44 64 33 66 37 72 37 21 10 85 37 48 68 37 83 68 57 40 45 89 80 43 10 43 
89 82 17 76 26 98 88 48 67 31 85 0 77 14 79 85 93 65 41 33 26 19 45 29 70 55 41 85 52 56 62 54 74 105 79 49 59 56 20 77 5 16 42 53 56 8 53 60 77 43 
58 91 62 35 70 44 63 30 22 54 28 77 0 63 32 54 88 94 52 64 70 76 33 99 15 37 38 86 37 79 16 84 57 42 18 93 50 26 66 59 74 62 64 25 58 83 57 21 31 36 
80 80 5 64 25 86 79 34 54 20 72 14 63 0 67 75 88 66 32 29 25 23 30 40 56 44 28 81 40 54 47 54 66 93 66 52 50 42 16 69 11 8 38 39 49 21 44 46 65 29 
26 63 68 5 62 20 31 36 16 67 9 79 32 67 0 22 57 71 40 53 62 69 45 92 45 24 39 56 27 58 37 63 28 28 15 76 28 47 61 29 78 62 49 38 36 82 79 43 2 39 
5 44 79 19 63 25 9 51 35 81 29 85 54 75 22 0 36 59 44 54 63 71 62 91 66 33 51 37 37 48 57 54 14 38 37 68 27 67 66 12 85 69 47 56 31 87 97 64 23 53 
34 16 93 53 67 60 28 76 67 100 65 93 88 88 57 36 0 39 58 60 67 75 86 87 98 57 73 9 60 39 87 44 31 72 72 57 44 95 74 29 95 81 51 84 40 91 121 93 58 75 
60 23 72 66 41 83 54 71 73 83 80 65 94 66 71 59 39 0 46 39 41 46 78 52 98 57 64 31 58 15 87 13 46 95 83 20 44 90 50 47 69 59 33 79 37 61 107 90 71 67 
49 52 36 37 21 59 48 25 34 42 48 41 52 32 40 44 58 46 0 13 21 29 32 51 53 17 18 51 16 31 42 34 34 68 46 41 18 44 22 37 41 25 13 34 18 43 65 44 39 22 
58 51 34 49 9 71 56 36 47 44 61 33 64 29 53 54 60 39 13 0 9 17 40 38 64 31 28 52 29 26 53 26 42 81 59 30 28 53 14 45 35 21 9 44 24 33 68 55 52 31 
67 56 31 58 0 80 64 41 54 44 69 26 70 25 62 63 67 41 21 9 0 9 44 30 69 39 33 58 36 30 58 28 50 89 67 28 36 57 10 53 29 18 17 49 32 25 68 59 60 36 
75 63 28 65 9 88 73 46 61 42 77 19 76 23 69 71 75 46 29 17 9 0 47 23 72 46 38 66 43 37 62 34 59 97 73 30 45 60 10 62 23 17 25 53 41 16 66 62 67 40 
66 83 29 45 44 64 68 10 30 22 48 45 33 30 45 62 86 78 32 40 44 47 0 68 26 29 14 80 26 63 17 65 57 68 40 70 42 13 36 59 41 31 45 9 47 51 36 16 43 11 
95 73 44 88 30 110 91 69 84 59 99 29 99 40 92 91 87 52 51 38 30 23 68 0 94 69 61 78 66 49 84 44 78 119 97 32 66 81 33 81 34 37 45 75 60 20 82 84 90 63 
70 98 54 47 69 58 74 28 31 43 42 70 15 56 45 66 98 98 53 64 69 72 26 94 0 42 36 94 41 83 12 86 67 57 32 94 57 14 62 69 66 57 66 20 63 77 42 10 43 33 
38 56 46 20 39 43 39 19 17 48 31 55 37 44 24 33 57 57 17 31 39 46 29 69 42 0 18 52 4 42 31 46 27 51 29 57 14 38 38 30 55 39 28 26 21 59 65 36 22 20 
56 69 30 37 33 58 57 8 26 29 44 41 38 28 39 51 73 64 18 28 33 38 14 61 36 18 0 67 14 49 25 52 45 65 38 58 29 26 28 47 39 25 31 16 33 46 48 27 37 3 
36 9 85 52 58 61 30 71 64 93 64 85 86 81 56 37 9 31 51 52 58 66 80 78 94 52 67 0 55 30 83 35 28 74 71 48 38 90 66 28 87 73 43 79 34 82 115 88 56 70 
42 58 43 24 36 46 43 16 18 44 33 52 37 40 27 37 60 58 16 29 36 43 26 66 41 4 14 55 0 43 29 47 31 54 30 56 17 35 35 33 51 36 27 24 22 56 62 34 25 16 
50 26 60 53 30 71 45 56 58 70 66 56 79 54 58 48 39 15 31 26 30 37 63 49 83 42 49 30 43 0 71 6 34 83 69 21 30 75 39 36 59 47 19 64 22 53 94 75 57 52 
62 87 46 38 58 53 65 17 22 37 37 62 16 47 37 57 87 87 42 53 58 62 17 84 12 31 25 83 29 71 0 75 57 55 27 82 45 11 52 59 58 48 55 9 52 68 43 6 35 22 
57 30 59 59 29 77 52 59 63 70 72 54 84 54 63 54 44 13 34 26 28 34 65 44 86 46 52 35 47 6 75 0 41 89 74 15 35 77 38 43 57 46 21 67 28 50 94 78 62 55 
17 34 69 23 50 37 14 47 36 74 37 74 57 66 28 14 31 46 34 42 50 59 57 78 67 27 45 28 31 34 57 41 0 50 42 55 16 64 54 3 75 59 34 53 18 75 93 62 28 47 
38 82 94 32 89 13 45 60 39 90 21 105 42 93 28 38 72 95 68 81 89 97 68 119 57 51 65 74 54 83 55 89 50 0 28 102 55 65 89 49 104 89 76 59 62 109 98 60 29 64 
41 77 67 19 67 27 46 32 12 62 10 79 18 66 15 37 72 83 46 59 67 73 40 97 32 29 38 71 30 69 27 74 42 28 0 85 39 38 64 43 77 63 57 31 47 84 70 33 14 37 
71 42 58 71 28 91 66 66 74 71 85 49 93 52 76 68 57 20 41 30 28 30 70 32 94 57 58 48 56 21 82 15 55 102 85 0 48 83 37 57 53 46 29 74 40 43 96 85 75 61 
31 42 53 24 36 44 30 33 29 58 37 59 50 50 28 27 44 44 18 28 36 45 42 66 57 14 29 38 17 30 45 35 16 55 39 48 0 52 39 19 59 43 21 40 8 60 78 50 27 32 
71 93 40 48 57 64 74 19 32 29 48 56 26 42 47 67 95 90 44 53 57 60 13 81 14 38 26 90 35 75 11 77 64 65 38 83 52 0 49 67 52 44 57 11 57 63 32 5 46 23 
70 64 21 58 9 80 68 36 52 34 68 20 66 16 61 66 74 50 22 14 10 10 36 33 62 38 28 66 35 39 52 38 54 89 64 37 39 49 0 57 21 9 23 43 37 21 58 52 59 30 
14 34 72 24 53 36 11 49 38 77 37 77 59 69 29 12 29 47 37 45 53 62 59 81 69 30 47 28 33 36 59 43 3 49 43 57 19 67 57 0 78 62 37 56 21 78 95 64 29 50 
90 85 12 75 29 97 89 46 66 26 83 5 74 11 78 85 95 69 41 35 29 23 41 34 66 55 39 87 51 59 58 57 75 104 77 53 59 52 21 78 0 16 44 50 58 14 48 56 76 40 
74 72 13 59 18 82 73 33 51 26 68 16 62 8 62 69 81 59 25 21 18 17 31 37 57 39 25 73 36 47 48 46 59 89 63 46 43 44 9 62 16 0 30 38 42 21 50 47 60 27 
50 42 42 44 17 66 48 38 45 52 57 42 64 38 49 47 51 33 13 9 17 25 45 45 66 28 31 43 27 19 55 21 34 76 57 29 21 57 23 37 44 30 0 47 16 42 75 58 47 34 
61 82 38 38 49 56 64 9 23 30 40 53 25 39 38 56 84 79 34 44 49 53 9 75 20 26 16 79 24 64 9 67 53 59 31 74 40 11 43 56 50 38 47 0 46 59 41 11 36 13 
34 36 53 31 32 51 32 38 36 60 45 56 58 49 36 31 40 37 18 24 32 41 47 60 63 21 33 34 22 22 52 28 18 62 47 40 8 57 37 21 58 42 16 46 0 57 81 56 35 36 
91 79 25 79 25 101 89 54 72 39 89 8 83 21 82 87 91 61 43 33 25 16 51 20 77 59 46 82 56 53 68 50 75 109 84 43 60 63 21 78 14 21 42 59 57 0 62 67 80 48 
102 116 39 80 68 97 104 46 64 24 80 53 57 44 79 97 121 107 65 68 68 66 36 82 42 65 48 115 62 94 43 94 93 98 70 96 78 32 58 95 48 50 75 41 81 62 0 37 77 46 
68 92 44 45 59 60 71 19 28 34 43 60 21 46 43 64 93 90 44 55 59 62 16 84 10 36 27 88 34 75 6 78 62 60 33 85 50 5 52 64 56 47 58 11 56 67 37 0 42 23 
27 63 66 5 60 22 32 34 14 64 10 77 31 65 2 23 58 71 39 52 60 67 43 90 43 22 37 56 25 57 35 62 28 29 14 75 27 46 59 29 76 60 47 36 35 80 77 42 0 37 
58 72 30 38 36 59 59 6 26 28 43 43 36 29 39 53 75 67 22 31 36 40 11 63 33 20 3 70 16 52 22 55 47 64 37 61 32 23 30 50 40 27 34 13 36 48 46 23 37 0 
0 1000
4749 5230
3368 4245
4329 5032
3546 3754
520 1238
2111 2827
1988 2222
4621 5454
3293 3915
2322 2897
1360 1860
3987 4411
3896 4157
1724 2471
1456 2125
2173 2912
1863 2066
858 1279
1226 1389
757 1302
4173 4522
2752 3269
3773 4389
451 870
989 1363
3654 4454
3049 3275
1647 2204
2977 3243
1104 1508
686 1404
26 319
1507 1901
345 1299
705 1244
2403 2855
2819 3279
621 1585
944 1076
3435 4019
3726 3750
4437 4481
4549 4923
4118 4228
188 534
3235 3600
2541 3073
2647 3605
1301 2247
46.99341479030645 5.5553707470721525 56.154695604484964 63.38718310481472 31.403833764036847 72.06312012733925 40.662131179874514 70.06973251211568 73.14454234905732 71.26046440986103 76.40006668492944 40.87454119783763 94.47835590080653 51.625371810522324 68.12256185864982 48.57162626973901 12.64842944099348 0.4122681245188109 44.92132789022046 34.68631729613387 31.24566189183351 30.11577260487406 74.80969237118833 12.333486899491252 98.00217670930141 57.35805656191374 62.40633307995225 12.28274302350637 58.141698865601555 15.580706645888398 86.41618241635149 11.626225298595017 39.98335992748673 84.44920817957295 81.8854779383322 4.522962020407817 44.30033181492098 87.7786700602224 39.54800844533464 39.7197352386522 46.120943815547996 46.81663455136368 31.838562507645875 78.52902476851425 36.83917133912692 32.6124103597161 94.1091314349539 89.1041287329366 68.06716185622892 65.64531350185267 
7.156917381085536 22.12784159989638 89.91124343599604 24.128253766890783 71.97251801499742 3.395301396984929 8.408654660732239 58.09985723757519 37.212811963578154 89.01627960029118 19.447422308229477 96.33325864192925 40.708985780663 87.06137190956163 22.545971327466386 11.67140309891963 7.843088221174865 44.91125482336403 55.72500727932006 63.97559190830372 71.8578805651174 80.40055836953483 67.29612799762228 95.25123084537887 55.557122534176386 43.52742259576089 61.04434156160703 16.755106571803125 47.278846853624366 46.30410273900393 54.857569609127474 51.421181435712995 22.411455116943422 0.3329593405596576 28.336717760275832 64.12550727529306 37.86135646311004 65.70490237846643 76.63052930307867 19.32017430235402 96.9865602932162 81.09257019578395 55.13709345614952 59.459559236645006 40.094725471527646 96.71056140320938 97.48795764204729 60.62661589237308 24.614427730065145 61.585208631423605 