50
0 41 84 69 39 55 59 74 71 28 44 82 83 72 85 80 65 64 103 14 27 56 17 95 89 87 7 52 64 25 73 66 88 52 58 88 24 90 91 53 69 78 66 61 49 16 76 82 41 57 
41 0 43 51 37 17 26 43 35 31 16 48 53 34 48 46 37 27 63 37 26 16 27 54 48 50 37 27 24 21 36 30 54 33 40 57 21 51 56 28 46 58 43 25 9 35 52 49 6 16 
84 43 0 64 68 32 35 42 27 69 46 34 46 23 26 36 43 29 24 79 64 28 69 13 6 29 79 48 21 61 25 29 37 54 57 47 62 24 36 46 54 64 53 31 36 76 55 38 44 28 
69 51 64 0 30 63 31 23 76 41 35 35 99 41 43 89 85 72 67 55 72 58 52 66 69 88 70 78 48 65 77 36 37 19 91 101 49 49 95 78 10 10 93 35 46 75 13 92 57 57 
39 37 68 30 0 53 34 41 70 12 23 53 90 49 58 82 73 63 81 26 48 50 24 75 74 85 42 63 48 42 71 42 57 17 74 94 23 64 91 63 32 39 78 38 36 48 39 85 42 49 
55 17 32 63 53 0 33 50 18 48 31 50 37 34 47 29 22 10 56 53 32 7 43 45 36 33 49 18 21 30 19 33 55 47 30 40 37 49 39 17 56 69 30 30 18 44 61 32 14 8 
59 26 35 31 34 33 0 18 45 38 16 23 68 15 26 58 55 41 47 50 51 27 42 42 41 57 58 50 17 45 45 8 29 19 62 70 36 31 64 49 23 36 63 5 17 58 28 60 31 26 
74 43 42 23 41 50 18 0 59 49 31 12 82 19 20 72 71 56 44 63 68 43 56 43 47 68 73 67 30 62 58 17 16 24 79 83 51 26 75 66 13 23 79 19 35 75 14 74 49 42 
71 35 27 76 70 18 45 59 0 66 47 55 23 40 50 13 17 8 50 71 47 20 61 39 28 16 66 24 29 47 2 42 60 62 31 25 55 49 21 23 68 80 26 41 34 59 72 15 32 21 
28 31 69 41 12 48 38 49 66 0 23 59 84 52 63 78 67 59 85 15 38 47 13 78 75 81 30 55 48 31 68 45 64 26 66 88 13 69 87 56 42 51 71 41 34 36 49 80 35 46 
44 16 46 35 23 31 16 31 47 23 0 39 68 30 42 60 52 41 62 35 38 27 26 55 52 62 42 44 25 31 48 23 45 17 56 71 20 47 68 44 30 43 59 18 13 43 37 62 22 26 
82 48 34 35 53 50 23 12 55 59 39 0 77 15 9 67 69 53 32 73 73 43 65 32 38 62 81 67 29 68 54 18 6 35 79 78 59 14 69 67 25 33 78 22 38 81 24 69 52 42 
83 53 46 99 90 37 68 82 23 84 68 77 0 63 71 10 18 27 67 86 56 41 77 57 45 19 77 32 51 59 23 65 82 83 28 5 72 70 16 30 90 103 20 64 55 69 95 9 49 42 
72 34 23 41 49 34 15 19 40 52 30 15 63 0 13 53 54 38 33 64 60 28 56 27 29 49 70 52 13 55 40 7 21 33 64 64 49 17 56 51 31 42 63 11 25 69 33 55 38 27 
85 48 26 43 58 47 26 20 50 63 42 9 71 13 0 61 64 49 24 76 73 40 68 23 30 55 83 64 26 68 48 19 11 41 76 72 62 6 62 63 34 41 74 24 38 82 33 63 52 39 
80 46 36 89 82 29 58 72 13 78 60 67 10 53 61 0 16 19 58 81 54 33 72 47 35 11 74 29 42 55 13 55 72 74 30 12 66 60 12 27 81 93 22 54 47 66 85 2 42 34 
65 37 43 85 73 22 55 71 17 67 52 69 18 54 64 16 0 15 67 68 38 28 59 56 45 27 59 13 41 41 19 54 74 68 15 23 54 65 28 12 78 90 9 52 40 51 83 18 31 29 
64 27 29 72 63 10 41 56 8 59 41 53 27 38 49 19 15 0 53 63 40 14 54 42 32 23 58 19 25 39 10 39 59 56 28 31 48 50 28 17 63 76 25 37 28 52 68 21 24 15 
103 63 24 67 81 56 47 44 50 85 62 32 67 33 24 58 67 53 0 96 87 50 87 11 22 48 100 72 39 83 48 39 31 64 81 66 81 18 54 70 57 64 76 44 55 97 56 59 65 50 
14 37 79 55 26 53 50 63 71 15 35 73 86 64 76 81 68 63 96 0 33 54 10 89 84 87 18 55 58 28 73 58 78 40 64 91 17 81 92 57 56 65 70 53 43 27 64 83 39 53 
27 26 64 72 48 32 51 68 47 38 38 73 56 60 73 54 38 40 87 33 0 36 26 77 69 62 20 25 48 7 49 55 79 53 31 61 25 76 65 27 68 80 39 51 35 13 75 55 22 37 
56 16 28 58 50 7 27 43 20 47 27 43 41 28 40 33 28 14 50 54 36 0 44 40 33 35 52 24 14 34 21 27 49 42 36 44 37 42 41 24 50 63 36 24 14 48 55 35 16 1 
17 27 69 52 24 43 42 56 61 13 26 65 77 56 68 72 59 54 87 10 26 44 0 79 75 77 18 46 49 20 63 49 71 35 56 81 7 73 82 47 52 62 62 45 33 23 59 74 29 43 
95 54 13 66 75 45 42 43 39 78 55 32 57 27 23 47 56 42 11 89 77 40 79 0 12 38 91 61 31 73 37 34 33 60 70 56 72 19 44 59 56 64 65 37 46 88 56 48 55 40 
89 48 6 69 74 36 41 47 28 75 52 38 45 29 30 35 45 32 22 84 69 33 75 12 0 27 84 51 27 66 26 35 41 60 59 45 68 27 33 49 59 70 54 37 41 80 61 37 48 32 
87 50 29 88 85 33 57 68 16 81 62 62 19 49 55 11 27 23 48 87 62 35 77 38 27 0 81 38 40 62 14 53 66 75 41 18 71 53 7 36 79 90 33 53 48 74 82 12 47 35 
7 37 79 70 42 49 58 73 66 30 42 81 77 70 83 74 59 58 100 18 20 52 18 91 84 81 0 45 60 19 68 64 86 53 51 82 22 87 85 47 69 79 59 59 45 10 77 75 36 52 
52 27 48 78 63 18 50 67 24 55 44 67 32 52 64 29 13 19 72 55 25 24 46 61 51 38 45 0 39 27 27 51 73 60 13 36 42 66 41 2 72 84 16 48 33 37 78 30 21 26 
64 24 21 48 48 21 17 30 29 48 25 29 51 13 26 42 41 25 39 58 48 14 49 31 27 40 60 39 0 44 29 14 34 35 51 54 42 29 47 38 39 51 50 13 15 58 43 44 26 13 
25 21 61 65 42 30 45 62 47 31 31 68 59 55 68 55 41 39 83 28 7 34 20 73 66 62 19 27 44 0 49 50 74 46 36 63 18 72 66 29 62 73 42 45 30 14 69 57 18 34 
73 36 25 77 71 19 45 58 2 68 48 54 23 40 48 13 19 10 48 73 49 21 63 37 26 14 68 27 29 49 0 42 59 62 33 25 57 48 20 25 68 80 28 41 35 62 72 15 34 22 
66 30 29 36 42 33 8 17 42 45 23 18 65 7 19 55 54 39 39 58 55 27 49 34 35 53 64 51 14 50 42 0 24 26 63 67 43 23 60 50 26 38 63 5 21 64 30 57 35 25 
88 54 37 37 57 55 29 16 60 64 45 6 82 21 11 72 74 59 31 78 79 49 71 33 41 66 86 73 34 74 59 24 0 40 85 83 64 14 73 72 28 33 83 28 44 87 25 74 58 47 
52 33 54 19 17 47 19 24 62 26 17 35 83 33 41 74 68 56 64 40 53 42 35 60 60 75 53 60 35 46 62 26 40 0 73 86 31 47 81 60 17 27 75 23 28 56 24 77 39 41 
58 40 57 91 74 30 62 79 31 66 56 79 28 64 76 30 15 28 81 64 31 36 56 70 59 41 51 13 51 36 33 63 85 73 0 33 52 77 41 13 84 97 9 60 46 42 90 31 34 38 
88 57 47 101 94 40 70 83 25 88 71 78 5 64 72 12 23 31 66 91 61 44 81 56 45 18 82 36 54 63 25 67 83 86 33 0 76 71 13 35 93 105 25 66 58 73 97 10 53 45 
24 21 62 49 23 37 36 51 55 13 20 59 72 49 62 66 54 48 81 17 25 37 7 72 68 71 22 42 42 18 57 43 64 31 52 76 0 66 76 43 47 58 58 38 26 26 55 68 23 37 
90 51 24 49 64 49 31 26 49 69 47 14 70 17 6 60 65 50 18 81 76 42 73 19 27 53 87 66 29 72 48 23 14 47 77 71 66 0 60 65 39 46 74 28 42 86 38 62 55 41 
91 56 36 95 91 39 64 75 21 87 68 69 16 56 62 12 28 28 54 92 65 41 82 44 33 7 85 41 47 66 20 60 73 81 41 13 76 60 0 39 86 97 33 60 55 78 89 11 53 42 
53 28 46 78 63 17 49 66 23 56 44 67 30 51 63 27 12 17 70 57 27 24 47 59 49 36 47 2 38 29 25 50 72 60 13 35 43 65 39 0 71 84 15 47 33 39 77 29 22 25 
69 46 54 10 32 56 23 13 68 42 30 25 90 31 34 81 78 63 57 56 68 50 52 56 59 79 69 72 39 62 68 26 28 17 84 93 47 39 86 71 0 13 85 26 39 73 7 83 52 49 
78 58 64 10 39 69 36 23 80 51 43 33 103 42 41 93 90 76 64 65 80 63 62 64 70 90 79 84 51 73 80 38 33 27 97 105 58 46 97 84 13 0 98 39 51 84 9 95 64 61 
66 43 53 93 78 30 63 79 26 71 59 78 20 63 74 22 9 25 76 70 39 36 62 65 54 33 59 16 50 42 28 63 83 75 9 25 58 74 33 15 85 98 0 60 47 50 91 23 37 37 
61 25 31 35 38 30 5 19 41 41 18 22 64 11 24 54 52 37 44 53 51 24 45 37 37 53 59 48 13 45 41 5 28 23 60 66 38 28 60 47 26 39 60 0 16 59 31 57 30 23 
49 9 36 46 36 18 17 35 34 34 13 38 55 25 38 47 40 28 55 43 35 14 33 46 41 48 45 33 15 30 35 21 44 28 46 58 26 42 55 33 39 51 47 16 0 44 45 49 14 13 
16 35 76 75 48 44 58 75 59 36 43 81 69 69 82 66 51 52 97 27 13 48 23 88 80 74 10 37 58 14 62 64 87 56 42 73 26 86 78 39 73 84 50 59 44 0 80 68 32 48 
76 52 55 13 39 61 28 14 72 49 37 24 95 33 33 85 83 68 56 64 75 55 59 56 61 82 77 78 43 69 72 30 25 24 90 97 55 38 89 77 7 9 91 31 45 80 0 87 58 54 
82 49 38 92 85 32 60 74 15 80 62 69 9 55 63 2 18 21 59 83 55 35 74 48 37 12 75 30 44 57 15 57 74 77 31 10 68 62 11 29 83 95 23 57 49 68 87 0 45 36 
41 6 44 57 42 14 31 49 32 35 22 52 49 38 52 42 31 24 65 39 22 16 29 55 48 47 36 21 26 18 34 35 58 39 34 53 23 55 53 22 52 64 37 30 14 32 58 45 0 16 
57 16 28 57 49 8 26 42 21 46 26 42 42 27 39 34 29 15 50 53 37 1 43 40 32 35 52 26 13 34 22 25 47 41 38 45 37 41 42 25 49 61 37 23 13 48 54 36 16 0 
0 1000
1971 2201
3938 4456
2206 2509
4632 5358
4210 4816
2424 2893
2105 2535
728 1143
3810 3841
1715 2656
994 1703
2507 2798
1489 1964
2810 2906
616 945
310 446
2717 2825
864 1033
2993 3865
2888 3091
4854 5770
67 514
3199 3203
2614 3326
4795 5196
4587 5273
4925 5227
3417 3730
1067 1568
4501 5137
1779 2504
1571 1856
3343 4257
524 536
578 932
4380 4584
158 603
460 691
363 1321
4297 4768
1220 1456
1369 1690
3136 3857
2315 2528
3696 4533
3522 4107
4113 4570
1875 2616
3992 4315
93.33523666930094 64.11518809434395 33.45592522863796 96.36966957278517 99.12773907967376 47.023337092578565 68.64005564013935 73.25106591448017 29.373046278161507 95.43315930394375 76.03111828697259 61.919088625283 11.934853703862869 56.18803124318552 53.37951616916149 17.858851085855864 30.089609003184858 36.690432949706 30.517247689777616 98.1725780541645 66.65656286862159 49.17273758557707 88.84842139695009 30.731513420730884 27.567917560025045 14.464333502686987 86.6659950793844 42.971690929455676 52.29877406744448 70.23064024664205 28.206381903865807 62.18998674535984 61.8356507944862 87.48082429056547 35.28375275073671 7.609290139982184 83.62606416524426 48.34405161208777 8.439085555338954 41.56958316135304 86.24603058430003 94.60664010614795 28.06123169216287 64.10437846656029 62.788701075603434 77.29959433617427 86.02757482679098 15.654908508359632 60.270354964803396 49.89758652898125 
17.439280933806423 46.063082288312664 75.71538062929672 86.09045972200387 56.49335851725941 46.25463070676085 71.462017486696 88.44371960332629 49.185665006222045 45.08514133392514 57.35180948372257 93.56249132602767 34.67455901349082 79.37237953295401 92.53545474546917 43.12590378607365 32.43739251432649 46.44998008118269 99.40708311592158 30.756673780688047 20.63873780511658 52.55055510248625 34.33107619143296 88.37221105628204 77.13583577119374 53.92890264930011 16.81754629507769 28.895678139090542 66.60434420413243 26.477935110878715 51.32133810183398 75.91549757117005 99.53911956555129 69.48702883358982 18.875759403915815 36.9864215534229 38.905971213703694 94.87683293967984 50.11334196888064 30.207808317682506 85.95485083135776 95.71891356249878 23.441057842541646 71.4914917838757 55.258007156572035 13.984744521297577 93.42643834273663 42.33779044951659 41.42852553004908 53.60962391270675 