50
0 82 50 10 40 51 19 84 85 5 74 48 5 75 109 41 70 80 57 57 75 96 81 63 39 64 71 24 74 8 89 88 58 71 99 9 19 54 85 67 43 65 53 66 79 82 70 107 39 97 
82 0 34 92 54 51 66 4 49 80 32 43 79 82 28 49 79 59 36 28 58 36 51 32 58 57 81 76 13 76 34 45 24 44 17 84 63 55 36 17 52 41 29 64 58 6 15 32 55 21 
50 34 0 60 36 22 38 35 43 47 27 30 46 59 59 31 55 65 31 7 42 47 60 16 25 34 57 51 31 43 41 61 10 49 51 54 31 28 38 18 36 24 5 42 64 32 20 57 22 47 
10 92 60 0 48 59 28 94 93 13 83 57 13 80 119 50 75 88 66 67 82 105 89 72 46 71 76 30 84 17 98 97 68 80 109 13 29 61 93 77 51 73 63 73 87 91 79 117 47 107 
40 54 36 48 0 53 21 58 80 41 63 11 40 90 82 6 85 41 21 42 77 81 41 53 48 68 87 23 43 38 75 49 38 32 70 37 30 60 73 47 3 60 36 74 40 57 48 85 46 74 
51 51 22 59 53 0 46 51 34 46 27 50 46 38 71 48 33 87 52 23 25 48 82 19 12 15 35 61 51 42 41 83 30 71 66 58 34 7 36 33 54 15 26 21 85 47 36 65 11 57 
19 66 38 28 21 46 0 69 78 20 65 29 18 79 94 22 74 62 38 45 72 85 62 54 37 61 75 15 57 18 79 70 44 53 83 18 13 52 76 54 24 58 40 66 61 67 56 94 36 84 
84 4 35 94 58 51 69 0 46 82 30 47 81 80 25 52 78 63 39 29 56 32 55 32 58 56 80 79 17 78 30 49 26 48 16 86 65 55 33 18 56 40 31 63 62 4 15 28 56 17 
85 49 43 93 80 34 78 46 0 80 18 73 80 40 55 74 40 103 70 38 16 22 96 27 46 24 41 93 57 76 18 92 44 86 56 91 67 32 13 39 79 20 45 28 102 43 40 43 46 41 
5 80 47 13 41 46 20 82 80 0 70 48 2 70 106 41 65 82 57 54 70 92 82 60 34 59 66 28 73 4 85 89 56 73 97 15 17 49 81 65 44 61 51 61 81 79 67 104 35 95 
74 32 27 83 63 27 65 30 18 70 0 55 70 50 46 57 48 85 52 21 25 22 77 11 39 26 50 78 39 66 15 75 26 68 43 79 55 29 11 21 63 12 27 33 83 27 22 38 37 31 
48 43 30 57 11 50 29 47 73 48 55 0 47 87 71 7 83 38 10 35 72 72 35 46 47 64 84 34 32 45 66 41 29 25 59 46 34 57 65 37 9 54 28 71 37 46 38 74 45 63 
5 79 46 13 40 46 18 81 80 2 70 47 0 71 105 40 66 81 55 54 70 91 81 59 34 59 67 27 71 4 85 88 55 71 96 14 16 49 80 64 42 60 50 61 79 78 66 103 35 94 
75 82 59 80 90 38 79 80 40 70 50 87 71 0 95 85 5 124 89 59 26 63 119 50 43 26 4 93 86 68 58 119 66 108 93 84 65 31 52 66 91 41 63 18 123 77 69 84 44 80 
109 28 59 119 82 71 94 25 55 106 46 71 105 95 0 77 93 80 62 53 69 34 71 52 81 72 95 104 39 102 37 62 50 66 12 111 89 74 42 42 80 58 56 79 79 27 39 14 78 14 
41 49 31 50 6 48 22 52 74 41 57 7 40 85 77 0 81 43 17 36 72 75 41 47 44 63 82 28 38 38 69 48 32 31 65 39 28 55 68 41 6 54 30 69 41 51 42 79 42 68 
70 79 55 75 85 33 74 78 40 65 48 83 66 5 93 81 0 120 85 55 24 62 115 47 38 22 2 88 82 63 57 115 62 104 91 79 60 27 51 63 86 38 59 15 118 74 65 83 39 79 
80 59 65 88 41 87 62 63 103 82 85 38 81 124 80 43 120 0 35 67 106 95 9 78 85 99 121 60 47 80 92 20 60 17 68 76 71 93 92 64 39 87 61 107 1 65 63 89 82 79 
57 36 31 66 21 52 38 39 70 57 52 10 55 89 62 17 85 35 0 33 72 67 30 44 51 65 87 44 23 53 62 34 27 19 51 56 42 59 61 33 18 53 27 72 33 39 33 67 49 56 
57 28 7 67 42 23 45 29 38 54 21 35 54 59 53 36 55 67 33 0 39 40 61 11 29 33 57 58 28 50 34 60 7 50 45 61 38 29 31 11 42 20 6 41 66 26 14 50 27 40 
75 58 42 82 77 25 72 56 16 70 25 72 70 26 69 72 24 106 72 39 0 37 100 29 37 12 26 87 64 67 32 98 46 89 68 83 60 21 27 44 78 19 45 12 105 53 46 58 36 55 
96 36 47 105 81 48 85 32 22 92 22 72 91 63 34 75 62 95 67 40 37 0 87 32 60 44 63 98 48 88 7 81 43 79 37 101 77 49 12 35 80 33 46 48 94 31 34 21 58 22 
81 51 60 89 41 82 62 55 96 82 77 35 81 119 71 41 115 9 30 61 100 87 0 71 81 94 117 62 39 79 84 12 54 11 59 77 69 88 85 57 38 81 56 101 9 56 56 80 79 70 
63 32 16 72 53 19 54 32 27 60 11 46 59 50 52 47 47 78 44 11 29 32 71 0 29 25 49 67 35 55 26 70 17 61 46 68 44 24 22 16 52 10 17 32 76 28 18 46 27 38 
39 58 25 46 48 12 37 58 46 34 39 47 34 43 81 44 38 85 51 29 37 60 81 29 0 25 39 51 55 30 53 84 34 70 74 46 24 16 48 40 49 28 30 29 83 55 43 75 3 67 
64 57 34 71 68 15 61 56 24 59 26 64 59 26 72 63 22 99 65 33 12 44 94 25 25 0 24 76 60 55 38 94 40 83 69 71 48 10 32 41 69 15 38 8 98 52 43 63 25 58 
71 81 57 76 87 35 75 80 41 66 50 84 67 4 95 82 2 121 87 57 26 63 117 49 39 24 0 89 84 64 58 117 64 106 93 80 61 28 53 65 88 40 61 17 120 76 67 84 41 80 
24 76 51 30 23 61 15 79 93 28 78 34 27 93 104 28 88 60 44 58 87 98 62 67 51 76 89 0 65 28 92 71 56 54 93 17 28 66 89 66 26 72 52 80 58 78 67 105 51 95 
74 13 31 84 43 51 57 17 57 73 39 32 71 86 39 38 82 47 23 28 64 48 39 35 55 60 84 65 0 69 44 35 21 31 28 75 56 57 46 20 40 45 26 68 46 18 18 45 53 34 
8 76 43 17 38 42 18 78 76 4 66 45 4 68 102 38 63 80 53 50 67 88 79 55 30 55 64 28 69 0 81 86 52 69 93 16 13 46 77 61 41 57 47 58 78 75 63 100 31 90 
89 34 41 98 75 41 79 30 18 85 15 66 85 58 37 69 57 92 62 34 32 7 84 26 53 38 58 92 44 81 0 79 37 75 38 94 70 42 6 29 74 26 40 43 90 28 29 26 52 23 
88 45 61 97 49 83 70 49 92 89 75 41 88 119 62 48 115 20 34 60 98 81 12 70 84 94 117 71 35 86 79 0 53 17 50 85 75 89 81 54 46 80 56 101 20 51 53 72 81 63 
58 24 10 68 38 30 44 26 44 56 26 29 55 66 50 32 62 60 27 7 46 43 54 17 34 40 64 56 21 52 37 53 0 43 41 61 39 36 36 9 37 27 5 48 59 23 11 50 32 39 
71 44 49 80 32 71 53 48 86 73 68 25 71 108 66 31 104 17 19 50 89 79 11 61 70 83 106 54 31 69 75 17 43 0 54 68 59 77 76 47 29 71 45 90 16 49 47 74 68 64 
99 17 51 109 70 66 83 16 56 97 43 59 96 93 12 65 91 68 51 45 68 37 59 46 74 69 93 93 28 93 38 50 41 54 0 101 80 70 42 34 68 54 47 76 67 19 31 23 71 16 
9 84 54 13 37 58 18 86 91 15 79 46 14 84 111 39 79 76 56 61 83 101 77 68 46 71 80 17 75 16 94 85 61 68 101 0 24 61 90 71 40 71 57 74 74 84 73 111 46 100 
19 63 31 29 30 34 13 65 67 17 55 34 16 65 89 28 60 71 42 38 60 77 69 44 24 48 61 28 56 13 70 75 39 59 80 24 0 39 66 48 32 47 34 53 69 62 50 88 23 78 
54 55 28 61 60 7 52 55 32 49 29 57 49 31 74 55 27 93 59 29 21 49 88 24 16 10 28 66 57 46 42 89 36 77 70 61 39 0 37 39 61 17 33 15 92 52 41 67 16 60 
85 36 38 93 73 36 76 33 13 81 11 65 80 52 42 68 51 92 61 31 27 12 85 22 48 32 53 89 46 77 6 81 36 76 42 90 66 37 0 29 73 21 38 37 91 30 29 32 47 28 
67 17 18 77 47 33 54 18 39 65 21 37 64 66 42 41 63 64 33 11 44 35 57 16 40 41 65 66 20 61 29 54 9 47 34 71 48 39 29 0 45 26 14 48 63 15 3 40 38 30 
43 52 36 51 3 54 24 56 79 44 63 9 42 91 80 6 86 39 18 42 78 80 38 52 49 69 88 26 40 41 74 46 37 29 68 40 32 61 73 45 0 60 35 75 37 55 46 83 47 72 
65 41 24 73 60 15 58 40 20 61 12 54 60 41 58 54 38 87 53 20 19 33 81 10 28 15 40 72 45 57 26 80 27 71 54 71 47 17 21 26 60 0 26 23 86 37 28 50 26 44 
53 29 5 63 36 26 40 31 45 51 27 28 50 63 56 30 59 61 27 6 45 46 56 17 30 38 61 52 26 47 40 56 5 45 47 57 34 33 38 14 35 26 0 45 60 28 16 54 27 44 
66 64 42 73 74 21 66 63 28 61 33 71 61 18 79 69 15 107 72 41 12 48 101 32 29 8 17 80 68 58 43 101 48 90 76 74 53 15 37 48 75 23 45 0 105 59 50 69 30 64 
79 58 64 87 40 85 61 62 102 81 83 37 79 123 79 41 118 1 33 66 105 94 9 76 83 98 120 58 46 78 90 20 59 16 67 74 69 92 91 63 37 86 60 105 0 64 62 88 81 78 
82 6 32 91 57 47 67 4 43 79 27 46 78 77 27 51 74 65 39 26 53 31 56 28 55 52 76 78 18 75 28 51 23 49 19 84 62 52 30 15 55 37 28 59 64 0 12 28 53 17 
70 15 20 79 48 36 56 15 40 67 22 38 66 69 39 42 65 63 33 14 46 34 56 18 43 43 67 67 18 63 29 53 11 47 31 73 50 41 29 3 46 28 16 50 62 12 0 38 41 28 
107 32 57 117 85 65 94 28 43 104 38 74 103 84 14 79 83 89 67 50 58 21 80 46 75 63 84 105 45 100 26 72 50 74 23 111 88 67 32 40 83 50 54 69 88 28 38 0 73 11 
39 55 22 47 46 11 36 56 46 35 37 45 35 44 78 42 39 82 49 27 36 58 79 27 3 25 41 51 53 31 52 81 32 68 71 46 23 16 47 38 47 26 27 30 81 53 41 73 0 65 
97 21 47 107 74 57 84 17 41 95 31 63 94 80 14 68 79 79 56 40 55 22 70 38 67 58 80 95 34 90 23 63 39 64 16 100 78 60 28 30 72 44 44 64 78 17 28 11 65 0 
0 1000
856 1051
1956 2855
433 484
531 1354
5096 5967
1257 1588
2946 3612
3694 4406
1025 1802
3260 3490
4125 4904
4893 5405
4429 5288
1463 1732
2570 3516
1840 2817
1707 2433
2083 2364
2363 2952
289 977
2835 3369
1155 1760
2431 3033
795 1204
3659 4427
2678 2685
3957 4053
3591 3749
4707 5105
3367 4267
1610 1754
4763 5344
4230 5099
169 1125
3908 4302
1082 1973
2202 3118
3461 3467
3809 3885
1550 1618
1881 2791
5023 5954
2277 3207
4574 4931
1337 2078
4071 4472
630 703
3030 3716
3168 3503
83.28448473052447 37.04160299329943 47.56832746965919 88.33360928673753 83.74885955806154 35.46214290616314 81.87266075435454 33.007173039070956 4.482427329206984 77.92547257906855 20.618468692635293 75.28074429045309 78.43399006420834 8.402357120710036 15.70261041542781 77.79431944763611 13.226173362052707 95.1803683796425 70.51016893348468 41.62768192688446 9.988901842617604 3.863638161537797 86.19687199538203 31.141722439016164 46.11741266391546 21.07019676822628 12.617113236935484 96.48150179010933 49.90121580935932 75.27941747900138 8.996718644047697 77.1964012836213 46.05341523275172 80.45717105638715 27.491074246528036 91.58120435830529 69.45945563317204 30.68134471076014 10.338173155433106 38.26096399169876 83.04533281655928 24.71598452451469 48.09611629001318 17.246977497195548 94.40412532019864 32.5081791147809 37.694434735227155 6.213309436180115 46.30634798496763 16.497775388792 
88.64997835774506 21.24443832732066 53.531970215368915 97.10102732152626 48.997339902127216 71.7787942886478 70.04451913861156 21.241307050640135 57.566490699031945 89.79426437079195 49.072313981652 41.5759489889227 88.14370085929295 97.77686583373536 3.4607390720023723 48.30924124379037 96.42808781604522 9.122701126743172 33.33599799689754 49.177442764689715 72.2378053594254 35.40782541708097 7.851156306923834 52.80463672894532 78.15807706468564 75.47918206038993 98.24366231195886 68.66956212504552 22.79603282724947 86.42700882437609 39.973466009172554 0.5074299587894959 43.708106474543875 17.30403472378179 6.744684743499296 84.69285475776249 75.00359871364809 76.32152811610878 45.59827556085242 38.51837516006545 45.907892388824756 60.63662977937895 48.57919710139069 81.95675025549171 10.375573081097134 24.74046649971641 35.83672204598918 14.20200739243226 75.553992329834 17.905271501231347 