50
0 77 1 108 49 76 88 101 55 45 93 94 76 91 30 67 46 34 56 67 66 101 29 84 87 73 75 63 37 26 26 78 77 89 67 68 94 87 25 73 65 98 100 108 57 67 70 24 106 29 
77 0 77 33 48 29 62 34 43 64 24 18 9 29 54 72 45 43 21 41 46 68 78 63 24 52 7 55 71 53 71 10 48 48 11 29 37 13 70 17 58 49 25 35 50 13 13 87 30 72 
1 77 0 108 49 75 88 101 54 44 93 94 75 91 30 66 45 34 56 67 66 101 30 84 87 73 75 62 37 25 27 78 77 89 66 68 94 86 25 73 65 98 99 107 57 66 70 24 105 29 
108 33 108 0 69 56 63 42 75 97 38 15 39 46 81 103 78 74 54 55 60 63 103 67 44 62 38 86 95 85 97 38 55 46 43 46 30 22 97 47 72 40 29 34 68 46 45 114 4 98 
49 48 49 69 0 65 40 81 59 68 71 59 52 74 20 87 54 27 35 18 16 52 35 36 69 24 50 74 26 39 30 54 28 40 40 24 47 50 30 56 19 50 73 82 8 45 50 47 68 30 
76 29 75 56 65 0 89 27 25 46 22 43 20 16 62 47 32 47 30 65 69 96 87 89 15 77 22 31 84 50 80 20 74 76 28 54 66 41 78 12 81 78 32 36 70 22 18 92 52 82 
88 62 88 63 40 89 0 93 92 105 85 61 70 91 60 122 89 65 63 26 24 13 67 5 86 16 68 107 57 78 65 71 15 17 61 35 33 55 66 77 24 25 82 90 32 67 71 81 64 64 
101 34 101 42 81 27 93 0 52 73 9 34 29 11 83 71 59 70 49 74 79 97 108 95 14 85 31 56 103 75 101 27 81 78 41 63 64 39 100 28 92 76 13 11 83 37 33 115 38 103 
55 43 54 75 59 25 92 52 0 22 46 61 36 41 49 31 9 34 30 66 69 102 71 91 39 77 37 15 71 31 64 37 77 83 36 58 77 56 62 29 78 87 55 61 66 31 30 74 72 67 
45 64 44 97 68 46 105 73 22 0 68 82 57 63 52 22 19 40 47 79 81 116 69 103 61 89 58 21 71 30 63 59 91 98 55 73 95 77 61 51 87 104 77 83 75 51 51 67 93 65 
93 24 93 38 71 22 85 9 46 68 0 28 20 8 74 69 52 61 40 65 70 90 99 86 7 76 21 52 94 67 92 17 72 69 31 54 56 31 90 20 83 68 10 15 74 28 24 107 34 93 
94 18 94 15 59 43 61 34 61 82 28 0 25 36 68 89 64 60 39 46 52 63 92 63 32 55 23 72 84 71 85 24 50 44 28 36 29 8 84 33 64 41 22 30 58 31 30 102 12 86 
76 9 75 39 52 20 70 29 36 57 20 25 0 22 55 64 40 42 20 47 52 77 80 71 17 59 2 47 74 50 73 3 56 56 12 36 46 21 71 9 65 58 24 33 55 9 6 88 36 74 
91 29 91 46 74 16 91 11 41 63 8 36 22 0 74 61 48 61 40 70 75 96 99 92 5 81 24 46 95 65 92 20 77 76 34 58 63 37 91 19 87 76 18 20 77 29 25 106 42 94 
30 54 30 81 20 62 60 83 49 52 74 68 55 74 0 73 41 15 34 37 36 73 25 56 70 44 54 62 22 22 18 57 48 60 44 39 64 60 17 55 38 68 78 87 28 46 50 33 79 20 
67 72 66 103 87 47 122 71 31 22 69 89 64 61 73 0 34 60 60 96 99 132 91 121 61 107 66 17 93 51 85 65 108 113 66 89 108 86 83 56 106 118 79 82 94 61 59 90 99 88 
46 45 45 78 54 32 89 59 9 19 52 64 40 48 41 34 0 27 28 62 65 99 63 87 45 73 40 21 63 22 56 41 74 81 37 56 77 58 54 34 73 86 61 67 61 33 33 65 75 59 
34 43 34 74 27 47 65 70 34 40 61 60 42 61 15 60 27 0 22 40 41 77 39 63 56 49 42 48 37 14 32 45 52 61 33 37 62 52 30 42 47 69 66 75 35 33 37 46 71 34 
56 21 56 54 35 30 63 49 30 47 40 39 20 40 34 60 28 22 0 37 41 72 59 62 36 49 20 44 55 32 52 23 48 53 11 28 48 32 51 21 51 58 44 53 40 12 16 67 51 54 
67 41 67 55 18 65 26 74 66 79 65 46 47 70 37 96 62 40 37 0 5 37 53 25 65 12 45 81 43 53 48 49 12 22 37 11 29 38 48 54 18 31 64 73 14 43 47 65 54 48 
66 46 66 60 16 69 24 79 69 81 70 52 52 75 36 99 65 41 41 5 0 37 49 22 70 8 50 84 39 54 45 54 12 24 42 17 34 44 45 58 13 34 70 79 10 48 52 62 59 45 
101 68 101 63 52 96 13 97 102 116 90 63 77 96 73 132 99 77 72 37 37 0 80 18 92 29 74 117 70 90 78 78 26 21 69 44 34 59 79 85 37 23 85 93 45 75 79 94 65 77 
29 78 30 103 35 87 67 108 71 69 99 92 80 99 25 91 63 39 59 53 49 80 0 63 95 54 78 83 11 41 7 82 60 73 68 58 82 83 9 81 44 83 103 112 39 71 75 13 102 6 
84 63 84 67 36 89 5 95 91 103 86 63 71 92 56 121 87 63 62 25 22 18 63 0 87 14 68 106 52 75 61 72 15 21 61 35 37 57 61 78 19 29 84 93 29 67 71 76 67 59 
87 24 87 44 69 15 86 14 39 61 7 32 17 5 70 61 45 56 36 65 70 92 95 87 0 76 19 45 90 62 88 15 73 71 29 53 59 33 86 14 82 71 17 22 72 24 20 102 40 89 
73 52 73 62 24 77 16 85 77 89 76 55 59 81 44 107 73 49 49 12 8 29 54 14 76 0 57 92 43 62 50 61 7 20 49 23 33 48 51 66 11 30 75 84 16 55 59 67 62 50 
75 7 75 38 50 22 68 31 37 58 21 23 2 24 54 66 40 42 20 45 50 74 78 68 19 57 0 49 73 50 71 4 54 54 10 34 44 20 70 11 63 55 25 34 53 9 7 87 35 73 
63 55 62 86 74 31 107 56 15 21 52 72 47 46 62 17 21 48 44 81 84 117 83 106 45 92 49 0 84 42 76 48 92 97 49 73 91 68 74 39 92 101 62 66 80 44 42 84 82 79 
37 71 37 95 26 84 57 103 71 71 94 84 74 95 22 93 63 37 55 43 39 70 11 52 90 43 73 84 0 42 11 77 49 63 62 49 72 75 12 76 33 73 97 106 29 66 70 24 93 8 
26 53 25 85 39 50 78 75 31 30 67 71 50 65 22 51 22 14 32 53 54 90 41 75 62 62 50 42 42 0 34 53 65 75 42 50 75 63 32 48 59 82 74 82 47 42 45 43 82 37 
26 71 27 97 30 80 65 101 64 63 92 85 73 92 18 85 56 32 52 48 45 78 7 61 88 50 71 76 11 34 0 75 56 69 61 53 77 77 2 73 41 79 96 105 35 64 68 17 96 3 
78 10 78 38 54 20 71 27 37 59 17 24 3 20 57 65 41 45 23 49 54 78 82 72 15 61 4 48 77 53 75 0 58 57 14 38 46 21 74 9 67 58 22 30 57 11 8 90 34 77 
77 48 77 55 28 74 15 81 77 91 72 50 56 77 48 108 74 52 48 12 12 26 60 15 73 7 54 92 49 65 56 58 0 14 46 20 26 43 56 63 18 23 70 79 21 53 57 73 55 56 
89 48 89 46 40 76 17 78 83 98 69 44 56 76 60 113 81 61 53 22 24 21 73 21 71 20 54 97 63 75 69 57 14 0 49 25 16 39 69 64 32 10 65 74 34 55 58 86 47 69 
67 11 66 43 40 28 61 41 36 55 31 28 12 34 44 66 37 33 11 37 42 69 68 61 29 49 10 49 62 42 61 14 46 49 0 26 41 22 60 17 53 52 35 44 43 6 10 77 40 63 
68 29 68 46 24 54 35 63 58 73 54 36 36 58 39 89 56 37 28 11 17 44 58 35 53 23 34 73 49 50 53 38 20 25 26 0 25 28 52 43 29 32 53 62 22 33 37 70 44 53 
94 37 94 30 47 66 33 64 77 95 56 29 46 63 64 108 77 62 48 29 34 34 82 37 59 33 44 91 72 75 77 46 26 16 41 25 0 26 77 54 44 12 51 59 43 47 49 94 31 77 
87 13 86 22 50 41 55 39 56 77 31 8 21 37 60 86 58 52 32 38 44 59 83 57 33 48 20 68 75 63 77 21 43 39 22 28 26 0 76 30 57 38 27 36 50 26 26 94 19 78 
25 70 25 97 30 78 66 100 62 61 90 84 71 91 17 83 54 30 51 48 45 79 9 61 86 51 70 74 12 32 2 74 56 69 60 52 77 76 0 72 42 79 95 104 35 63 67 18 95 5 
73 17 73 47 56 12 77 28 29 51 20 33 9 19 55 56 34 42 21 54 58 85 81 78 14 66 11 39 76 48 73 9 63 64 17 43 54 30 72 0 70 66 27 34 60 11 6 87 43 75 
65 58 65 72 19 81 24 92 78 87 83 64 65 87 38 106 73 47 51 18 13 37 44 19 82 11 63 92 33 59 41 67 18 32 53 29 44 57 42 70 0 41 82 92 12 59 64 57 71 40 
98 49 98 40 50 78 25 76 87 104 68 41 58 76 68 118 86 69 58 31 34 23 83 29 71 30 55 101 73 82 79 58 23 10 52 32 12 38 79 66 41 0 63 71 44 58 61 96 42 78 
100 25 99 29 73 32 82 13 55 77 10 22 24 18 78 79 61 66 44 64 70 85 103 84 17 75 25 62 97 74 96 22 70 65 35 53 51 27 95 27 82 63 0 9 74 33 30 111 25 97 
108 35 107 34 82 36 90 11 61 83 15 30 33 20 87 82 67 75 53 73 79 93 112 93 22 84 34 66 106 82 105 30 79 74 44 62 59 36 104 34 92 71 9 0 84 41 38 120 31 106 
57 50 57 68 8 70 32 83 66 75 74 58 55 77 28 94 61 35 40 14 10 45 39 29 72 16 53 80 29 47 35 57 21 34 43 22 43 50 35 60 12 44 74 84 0 49 53 52 67 35 
67 13 66 46 45 22 67 37 31 51 28 31 9 29 46 61 33 33 12 43 48 75 71 67 24 55 9 44 66 42 64 11 53 55 6 33 47 26 63 11 59 58 33 41 49 0 5 79 43 66 
70 13 70 45 50 18 71 33 30 51 24 30 6 25 50 59 33 37 16 47 52 79 75 71 20 59 7 42 70 45 68 8 57 58 10 37 49 26 67 6 64 61 30 38 53 5 0 83 42 70 
24 87 24 114 47 92 81 115 74 67 107 102 88 106 33 90 65 46 67 65 62 94 13 76 102 67 87 84 24 43 17 90 73 86 77 70 94 94 18 87 57 96 111 120 52 79 83 0 112 17 
106 30 105 4 68 52 64 38 72 93 34 12 36 42 79 99 75 71 51 54 59 65 102 67 40 62 35 82 93 82 96 34 55 47 40 44 31 19 95 43 71 42 25 31 67 43 42 112 0 96 
29 72 29 98 30 82 64 103 67 65 93 86 74 94 20 88 59 34 54 48 45 77 6 59 89 50 73 79 8 37 3 77 56 69 63 53 77 78 5 75 40 78 97 106 35 66 70 17 96 0 
0 1000
1545 2280
515 1089
2740 3285
3725 4487
5071 5689
397 722
3849 4565
4250 5107
1061 1591
3218 3936
2356 3135
650 1257
763 825
1424 1668
78 747
5218 5384
5148 5896
4211 5139
3949 4587
1369 1545
4862 4981
4982 5445
4031 4848
4712 5280
2504 3429
738 1658
1247 1734
3033 3369
173 815
1914 2199
268 326
2803 3583
4538 4667
2624 3537
4318 4838
3353 4331
3636 4348
4376 4856
1139 1791
2197 3159
1673 2205
1797 2693
2098 2494
4072 4649
4684 5289
4675 5604
3496 3766
2910 3732
940 1637
0.21243153311369944 67.13254072667982 0.309736165504626 99.9969772115923 49.37480914165672 47.17335780403563 86.27143777210406 71.38599949478564 24.989136338111674 3.5308937419154085 68.81740123095041 85.21898152288904 61.001680108704115 61.71391336214826 30.090398441252553 0.2499269111284952 21.6703923753502 31.20361801171385 47.739149674770644 67.43370124057282 65.68552320661502 99.39538557055909 19.022032162039494 81.52985966834025 61.46646692144808 71.70180919993986 61.93402228787001 16.427793426662817 29.76377850280566 18.20167472230113 21.371074837031156 62.45662482258959 77.19696324056581 89.627893413808 57.77754779849016 67.86299072349678 93.09127345153657 79.62334255452087 20.9711587870277 53.962348743886714 62.646610715629556 98.44542507217304 78.8574921993549 81.96432595382657 55.911714548409876 54.34155150811796 54.96070623537946 5.817002586199072 96.64702321180208 22.458347372763154 
74.71211358695658 35.920183289773455 74.15773733173087 32.91153051151798 80.28555733773707 15.046697835458744 94.83968782845236 2.550533993069104 26.13438728627262 30.265837126155613 11.66945101485597 34.050638874219615 29.667710386216573 7.350852445317713 74.63565592140075 8.06778692017821 34.1041310728942 59.76507860408893 45.16738338543582 76.61948754998124 81.82040272057716 95.92600948903022 97.21916386927583 97.16717408169734 12.326845939116781 87.75401871015734 31.630490731454085 14.130534605106526 96.76478227845864 56.12886125694689 90.44774887395162 27.504141769596647 83.19702865664847 77.89247311126292 40.99961413240041 65.23568527443827 62.289240775915424 40.19590070687112 88.45129727492727 24.675487025861965 94.21723305809743 73.34715249179908 13.501697675081681 4.639354484142433 84.24501699357728 35.55271588124148 30.98300348497022 97.62921919301355 31.44799003807588 92.81433462288035 