50
0 73 29 62 82 86 34 94 130 103 127 46 79 95 70 102 85 82 100 101 61 45 60 62 37 77 57 107 60 88 120 64 125 75 63 81 102 108 78 111 35 71 66 83 83 87 40 89 131 79 
73 0 54 13 36 36 47 24 58 30 55 34 49 47 50 37 59 16 33 34 39 33 27 41 53 52 19 45 36 39 48 24 52 45 12 9 33 38 49 43 42 53 47 23 37 46 43 41 58 43 
29 54 0 41 55 78 37 72 112 82 109 41 50 67 42 88 86 58 76 76 59 39 34 61 45 77 45 96 57 81 99 39 105 73 48 63 79 85 78 96 12 42 67 59 76 83 13 82 110 51 
62 13 41 0 31 47 42 32 71 41 68 31 40 43 39 50 66 19 38 39 42 29 14 44 50 58 20 58 39 50 58 13 64 51 15 22 40 46 56 57 29 41 51 23 47 55 30 52 69 34 
82 36 55 31 0 72 70 31 75 44 74 61 16 13 22 67 95 23 29 29 72 59 23 75 79 87 50 76 70 76 55 20 66 81 44 40 33 38 85 70 47 25 81 17 74 82 42 77 68 9 
86 36 78 47 72 0 53 51 55 46 51 40 85 82 85 22 28 50 60 61 28 41 61 27 53 24 33 23 27 3 60 59 55 19 33 32 58 60 21 32 67 88 28 57 5 11 71 5 63 79 
34 47 37 42 70 53 0 71 100 77 97 14 74 83 68 70 52 60 79 80 27 15 47 28 9 43 28 75 26 54 94 50 96 41 36 54 80 85 44 79 31 70 33 65 49 53 38 56 103 71 
94 24 72 32 31 51 71 0 44 13 43 58 47 35 52 39 77 13 10 10 62 57 38 63 77 71 44 48 60 54 27 34 36 64 36 20 9 14 68 40 61 55 69 15 54 62 59 55 39 40 
130 58 112 71 75 55 100 44 0 32 4 86 90 76 96 33 81 56 46 47 80 86 81 81 103 79 73 35 79 56 22 76 9 74 66 49 42 38 76 24 100 99 83 59 60 64 100 56 13 83 
103 30 82 41 44 46 77 13 32 0 30 63 59 47 65 31 74 25 18 18 63 62 50 64 82 69 48 38 61 49 18 45 24 63 41 23 13 14 66 29 70 67 69 28 50 57 70 50 28 52 
127 55 109 68 74 51 97 43 4 30 0 82 90 75 95 29 77 54 46 46 76 83 79 77 100 75 69 30 75 52 24 75 10 70 63 47 41 38 72 19 97 98 79 58 56 60 98 52 17 83 
46 34 41 31 61 40 14 58 86 63 82 0 67 74 63 56 45 48 66 67 18 2 40 20 19 36 14 61 16 42 80 41 82 32 22 40 67 72 36 65 31 66 26 53 37 42 38 43 89 64 
79 49 50 40 16 85 74 47 90 59 90 67 0 20 9 82 106 38 44 44 81 65 27 84 83 98 59 91 79 88 70 27 82 91 55 54 49 54 96 85 46 11 90 32 86 94 40 90 83 7 
95 47 67 43 13 82 83 35 76 47 75 74 20 0 29 74 106 32 29 29 85 72 36 87 92 99 62 83 82 85 54 34 67 92 56 50 34 38 97 75 60 31 93 25 84 92 55 86 67 16 
70 50 42 39 22 85 68 52 96 65 95 63 9 29 0 85 104 42 51 51 78 61 25 81 77 96 57 94 76 89 77 26 88 89 54 56 56 61 94 89 39 3 88 37 86 94 32 90 90 14 
102 37 88 50 67 22 70 39 33 31 29 56 82 74 85 0 48 44 47 48 48 56 64 48 72 46 45 9 47 23 40 60 33 41 40 29 44 44 43 10 76 88 49 51 27 31 79 23 42 75 
85 59 86 66 95 28 52 77 81 74 77 45 106 106 104 48 0 75 87 88 28 48 80 25 48 9 48 46 30 26 87 79 82 15 51 58 85 87 10 57 77 107 20 82 24 17 83 25 90 101 
82 16 58 19 23 50 60 13 56 25 54 48 38 32 42 44 75 0 19 20 55 47 25 57 67 67 34 53 53 53 40 21 48 61 27 18 21 26 65 47 48 45 63 7 52 60 46 54 52 31 
100 33 76 38 29 60 79 10 46 18 46 66 44 29 51 47 87 19 0 1 71 65 42 73 86 81 52 56 69 63 26 37 38 74 45 30 5 10 78 46 66 54 78 17 63 71 64 64 39 38 
101 34 76 39 29 61 80 10 47 18 46 67 44 29 51 48 88 20 1 0 72 66 42 74 87 82 53 56 70 64 26 38 38 75 45 31 5 9 79 47 66 54 79 18 64 72 64 65 39 37 
61 39 59 42 72 28 27 62 80 63 76 18 81 85 78 48 28 55 71 72 0 20 54 3 25 19 23 51 3 29 79 54 78 15 28 42 70 74 19 58 49 81 9 61 23 26 55 30 86 76 
45 33 39 29 59 41 15 57 86 62 83 2 65 72 61 56 48 47 65 66 20 0 38 22 21 39 14 62 18 44 80 39 82 34 21 39 66 71 39 66 29 63 28 52 38 44 36 45 89 61 
60 27 34 14 23 61 47 38 81 50 79 40 27 36 25 64 80 25 42 42 54 38 0 57 56 71 32 72 51 65 66 5 74 65 29 35 45 51 70 69 25 27 63 25 61 69 22 66 78 24 
62 41 61 44 75 27 28 63 81 64 77 20 84 87 81 48 25 57 73 74 3 22 57 0 26 16 25 50 5 28 80 56 79 13 31 43 72 76 16 58 52 84 7 63 22 25 58 29 86 79 
37 53 45 50 79 53 9 77 103 82 100 19 83 92 77 72 48 67 86 87 25 21 56 26 0 39 34 76 25 54 99 58 100 38 41 59 86 91 41 82 40 79 29 72 49 51 47 55 107 80 
77 52 77 58 87 24 43 71 79 69 75 36 98 99 96 46 9 67 81 82 19 39 71 16 39 0 39 46 21 23 84 70 79 7 43 51 79 82 4 56 68 98 11 74 20 16 74 23 88 92 
57 19 45 20 50 33 28 44 73 48 69 14 59 62 57 45 48 34 52 53 23 14 32 25 34 39 0 51 20 36 66 32 68 33 8 25 52 57 38 54 33 59 31 40 32 39 38 38 75 54 
107 45 96 58 76 23 75 48 35 38 30 61 91 83 94 9 46 53 56 56 51 62 72 50 76 46 51 0 50 23 45 69 36 42 48 37 52 52 42 12 84 97 51 60 28 30 87 23 45 84 
60 36 57 39 70 27 26 60 79 61 75 16 79 82 76 47 30 53 69 70 3 18 51 5 25 21 20 50 0 29 78 51 77 16 26 39 68 72 21 57 47 78 12 59 23 27 53 30 84 74 
88 39 81 50 76 3 54 54 56 49 52 42 88 85 89 23 26 53 63 64 29 44 65 28 54 23 36 23 29 0 62 62 56 18 36 36 60 62 20 33 70 92 28 60 5 9 74 1 65 82 
120 48 99 58 55 60 94 27 22 18 24 80 70 54 77 40 87 40 26 26 79 80 66 80 99 84 66 45 78 62 0 61 14 77 59 41 22 17 80 33 87 80 84 42 64 70 87 62 13 64 
64 24 39 13 20 59 50 34 76 45 75 41 27 34 26 60 79 21 37 38 54 39 5 56 58 70 32 69 51 62 61 0 69 64 27 31 40 46 69 65 29 29 63 20 60 68 26 64 73 22 
125 52 105 64 66 55 96 36 9 24 10 82 82 67 88 33 82 48 38 38 78 82 74 79 100 79 68 36 77 56 14 69 0 73 61 44 33 29 76 25 94 91 81 52 60 64 94 56 8 75 
75 45 73 51 81 19 41 64 74 63 70 32 91 92 89 41 15 61 74 75 15 34 65 13 38 7 33 42 16 18 77 64 73 0 37 44 72 75 5 51 63 92 10 67 14 13 69 19 82 86 
63 12 48 15 44 33 36 36 66 41 63 22 55 56 54 40 51 27 45 45 28 21 29 31 41 43 8 48 26 36 59 27 61 37 0 18 45 50 41 48 36 56 37 33 33 41 39 37 68 49 
81 9 63 22 40 32 54 20 49 23 47 40 54 50 56 29 58 18 30 31 42 39 35 43 59 51 25 37 39 36 41 31 44 44 18 0 29 33 49 34 51 59 48 25 35 43 52 37 50 48 
102 33 79 40 33 58 80 9 42 13 41 67 49 34 56 44 85 21 5 5 70 66 45 72 86 79 52 52 68 60 22 40 33 72 45 29 0 6 76 42 68 58 77 21 61 69 67 61 34 42 
108 38 85 46 38 60 85 14 38 14 38 72 54 38 61 44 87 26 10 9 74 71 51 76 91 82 57 52 72 62 17 46 29 75 50 33 6 0 79 41 74 63 81 26 64 71 72 63 29 47 
78 49 78 56 85 21 44 68 76 66 72 36 96 97 94 43 10 65 78 79 19 39 70 16 41 4 38 42 21 20 80 69 76 5 41 49 76 79 0 52 67 97 12 72 16 13 74 20 84 90 
111 43 96 57 70 32 79 40 24 29 19 65 85 75 89 10 57 47 46 47 58 66 69 58 82 56 54 12 57 33 33 65 25 51 48 34 42 41 52 0 84 92 60 53 37 40 86 33 33 78 
35 42 12 29 47 67 31 61 100 70 97 31 46 60 39 76 77 48 66 66 49 29 25 52 40 68 33 84 47 70 87 29 94 63 36 51 68 74 67 84 0 40 58 49 65 72 8 71 99 45 
71 53 42 41 25 88 70 55 99 67 98 66 11 31 3 88 107 45 54 54 81 63 27 84 79 98 59 97 78 92 80 29 91 92 56 59 58 63 97 92 40 0 90 40 89 97 33 93 92 16 
66 47 67 51 81 28 33 69 83 69 79 26 90 93 88 49 20 63 78 79 9 28 63 7 29 11 31 51 12 28 84 63 81 10 37 48 77 81 12 60 58 90 0 69 23 23 64 29 90 85 
83 23 59 23 17 57 65 15 59 28 58 53 32 25 37 51 82 7 17 18 61 52 25 63 72 74 40 60 59 60 42 20 52 67 33 25 21 26 72 53 49 40 69 0 59 67 46 61 54 25 
83 37 76 47 74 5 49 54 60 50 56 37 86 84 86 27 24 52 63 64 23 38 61 22 49 20 32 28 23 5 64 60 60 14 33 35 61 64 16 37 65 89 23 59 0 8 70 7 68 80 
87 46 83 55 82 11 53 62 64 57 60 42 94 92 94 31 17 60 71 72 26 44 69 25 51 16 39 30 27 9 70 68 64 13 41 43 69 71 13 40 72 97 23 67 8 0 77 8 73 88 
40 43 13 30 42 71 38 59 100 70 98 38 40 55 32 79 83 46 64 64 55 36 22 58 47 74 38 87 53 74 87 26 94 69 39 52 67 72 74 86 8 33 64 46 70 77 0 76 98 39 
89 41 82 52 77 5 56 55 56 50 52 43 90 86 90 23 25 54 64 65 30 45 66 29 55 23 38 23 30 1 62 64 56 19 37 37 61 63 20 33 71 93 29 61 7 8 76 0 65 83 
131 58 110 69 68 63 103 39 13 28 17 89 83 67 90 42 90 52 39 39 86 89 78 86 107 88 75 45 84 65 13 73 8 82 68 50 34 29 84 33 99 92 90 54 68 73 98 65 0 76 
79 43 51 34 9 79 71 40 83 52 83 64 7 16 14 75 101 31 38 37 76 61 24 79 80 92 54 84 74 82 64 22 75 86 49 48 42 47 90 78 45 16 85 25 80 88 39 83 76 0 
0 1000
1948 2778
1028 1718
2440 2525
3987 4604
5135 5701
2702 2785
3644 3690
1176 1835
2056 2515
2888 2920
366 642
697 1585
4192 4477
2218 3161
1390 1607
4405 4721
4653 4970
3393 3407
258 822
2497 2713
5227 6141
1686 1774
3301 3898
4991 5046
2595 3096
800 1248
4073 4410
1780 2598
1840 2424
4847 5646
4558 5108
3124 3470
1564 1779
2952 3526
1449 1872
938 1119
2349 2682
1813 2737
4734 4796
3010 3252
5434 5530
98 295
4303 5269
5293 6040
1264 1537
3546 4406
3796 4456
531 597
3959 4287
99.70645358094981 45.678898649469716 70.90358063764604 48.12582038060078 20.574790532078424 65.04050568221047 89.86224713480144 21.66360833551364 12.40429477514845 20.592543124080187 16.550884904087383 78.52159145468796 21.01440332961144 7.362498225291192 29.23196289312665 44.04274426770394 92.3533786923274 30.361724158182813 12.66838157335245 11.923703532204078 83.30415467287966 77.02872312681403 43.81397782990438 84.68678485163436 97.58594522741092 89.29479396595693 64.6627104066816 46.861616885504006 81.1521864305529 66.78337229066265 5.567191440379871 40.68843494624617 10.888414048157902 82.95268342552646 57.2348414904528 41.69905480377372 12.95751902249689 8.891632071962963 85.79293657516212 35.26220462541437 66.61066207390316 28.711673864139176 89.25318683591846 25.382462699467723 69.70846461726036 75.11890508642067 60.49626859586542 67.00264752721222 2.4000272323844163 21.562541975496995 
96.1211339707124 47.725122399368125 95.25581656355327 60.92898429428808 74.12474390539091 17.10779180502231 63.507326166101905 43.203029303752906 0.07152894336580617 30.597764140997075 0.49755470806136515 54.76424839557728 89.9724383263762 75.42543019635204 94.68374052617476 11.031229235221996 11.525439571619167 53.11616592057046 46.41097593226821 46.662816681361384 37.78340206376611 56.706542921093764 74.66544910892553 35.62930610466382 58.744737515548685 20.21167900093096 50.585588498629285 2.6345288188742044 39.35905123113044 14.358560251063812 21.353879980036783 71.03299875806098 8.70334859308598 23.1513069066666 49.07487661214607 39.695821539989716 41.5944879360704 37.6812012250135 19.19793552835687 5.880198545310744 83.8912830447572 97.59080030919873 30.964867264059002 58.13297069452281 18.950929398872162 12.681432963845252 88.27598870382742 12.893226966992366 8.99325543710564 82.8757626987285 