50
0 65 41 6 62 52 56 88 72 97 102 63 99 100 31 57 95 25 103 46 98 65 63 68 72 94 60 44 21 33 73 54 91 57 39 65 79 59 86 117 115 116 86 103 83 49 85 90 15 82 
65 0 79 60 5 23 20 89 78 65 69 102 66 56 40 85 82 47 82 26 89 45 2 98 88 54 25 33 60 34 102 15 26 96 64 8 18 6 94 90 89 88 26 71 65 17 20 31 58 99 
41 79 0 43 74 57 61 53 38 79 83 25 81 88 62 17 66 60 77 53 66 51 78 27 33 82 60 46 61 59 32 64 103 19 16 74 84 74 49 91 90 92 89 83 60 69 94 90 30 43 
6 60 43 0 57 48 51 88 72 95 100 66 96 96 26 59 94 20 101 41 97 62 58 70 73 91 56 40 18 27 75 49 86 60 39 60 74 54 87 115 113 114 81 100 81 44 79 85 15 84 
62 5 74 57 0 18 15 85 73 62 66 97 63 54 38 80 78 46 78 21 85 41 6 93 83 51 21 28 59 32 97 10 30 91 59 5 18 5 89 87 85 85 26 68 61 16 23 31 54 94 
52 23 57 48 18 0 4 68 55 53 58 80 54 50 38 62 64 44 66 7 70 25 23 75 65 45 9 11 55 31 79 9 46 74 41 18 28 20 71 77 75 75 35 59 47 22 38 37 42 76 
56 20 61 51 15 4 0 70 58 52 57 83 53 48 40 66 65 46 66 10 71 26 21 78 68 44 7 15 58 32 82 7 43 78 45 14 24 18 74 77 75 74 31 58 47 22 34 34 45 79 
88 89 53 88 85 68 70 0 16 46 48 52 47 62 97 38 20 98 32 70 16 44 90 39 21 57 64 63 104 90 39 76 105 51 49 82 84 88 8 45 44 47 84 47 29 90 96 82 73 21 
72 78 38 72 73 55 58 16 0 47 51 43 49 61 81 26 29 82 40 56 28 34 78 31 14 55 53 49 88 75 33 64 96 41 33 71 75 75 17 54 53 55 77 50 28 76 87 75 57 22 
97 65 79 95 62 53 52 46 47 0 5 90 2 17 91 71 27 96 19 59 35 33 67 78 60 15 45 57 106 83 80 59 70 87 66 58 52 67 54 25 23 22 49 6 20 74 63 44 83 66 
102 69 83 100 66 58 57 48 51 5 0 94 3 18 96 75 29 101 19 63 36 38 71 82 64 17 49 61 111 88 83 63 73 91 71 62 55 71 56 22 20 19 51 2 24 79 66 47 88 69 
63 102 25 66 97 80 83 52 43 90 94 0 92 102 87 19 71 84 83 77 68 68 102 13 31 96 82 69 84 84 16 87 126 6 39 97 106 98 45 97 96 98 110 93 70 93 117 110 54 34 
99 66 81 96 63 54 53 47 49 2 3 92 0 16 92 73 29 97 20 60 36 35 68 80 62 14 46 58 108 85 82 60 70 89 68 59 52 67 55 24 23 22 49 5 22 75 63 44 85 67 
100 56 88 96 54 50 48 62 61 17 18 102 16 0 88 83 44 94 36 57 52 38 59 92 75 6 41 57 105 81 94 54 56 98 73 50 40 59 69 38 37 35 35 19 34 68 50 30 86 81 
31 40 62 26 38 38 40 97 81 91 96 87 92 88 0 76 98 8 102 32 103 60 38 89 86 83 47 36 20 8 93 35 65 81 53 43 57 34 98 114 112 113 65 97 82 23 59 70 33 98 
57 85 17 59 80 62 66 38 26 71 75 19 73 83 76 0 54 74 65 60 53 49 85 13 17 77 63 53 77 71 18 70 108 15 23 80 87 81 33 80 79 81 91 75 52 78 99 91 45 26 
95 82 66 94 78 64 65 20 29 27 29 71 29 44 98 54 0 101 12 67 8 39 84 58 40 41 58 62 109 91 58 71 93 69 58 75 73 82 28 26 25 27 72 27 17 86 85 68 80 41 
25 47 60 20 46 44 46 98 82 96 101 84 97 94 8 74 101 0 106 37 105 64 45 87 86 89 52 39 13 14 91 41 72 78 52 50 64 42 98 118 116 117 72 101 85 30 67 77 30 97 
103 82 77 101 78 66 66 32 40 19 19 83 20 36 102 65 12 106 0 70 18 42 83 70 51 34 59 66 115 94 70 73 89 80 67 74 70 82 40 15 13 15 68 17 20 88 82 63 88 54 
46 26 53 41 21 7 10 70 56 59 63 77 60 57 32 60 67 37 70 0 73 29 25 73 65 52 15 8 49 25 77 11 51 71 38 22 34 21 73 82 80 80 40 64 51 20 42 44 36 76 
98 89 66 97 85 70 71 16 28 35 36 68 36 52 103 53 8 105 18 73 0 45 90 55 37 48 64 67 113 95 54 78 101 67 60 82 80 88 23 30 29 32 79 35 24 92 93 76 83 37 
65 45 51 62 41 25 26 44 34 33 38 68 35 38 60 49 39 64 42 29 45 0 46 60 46 32 20 25 74 53 63 33 62 64 36 38 41 44 49 54 52 53 43 38 22 48 53 43 50 56 
63 2 78 58 6 23 21 90 78 67 71 102 68 59 38 85 84 45 83 25 90 46 0 98 89 56 26 33 58 32 102 15 28 96 63 9 20 4 94 92 90 90 28 73 66 15 22 34 57 100 
68 98 27 70 93 75 78 39 31 78 82 13 80 92 89 13 58 87 70 73 55 60 98 0 18 86 76 66 88 84 5 83 120 14 36 93 100 94 32 84 83 85 103 81 59 91 111 103 57 20 
72 88 33 73 83 65 68 21 14 60 64 31 62 75 86 17 40 86 51 65 37 46 89 18 0 69 64 57 90 81 19 74 108 30 34 82 87 85 16 65 64 67 89 63 41 84 99 88 58 12 
94 54 82 91 51 45 44 57 55 15 17 96 14 6 83 77 41 89 34 52 48 32 56 86 69 0 37 51 100 76 88 49 56 92 67 46 39 56 65 38 37 35 35 18 28 64 49 30 81 76 
60 25 60 56 21 9 7 64 53 45 49 82 46 41 47 63 58 52 59 15 64 20 26 76 64 37 0 17 64 39 79 14 44 76 44 18 24 24 68 69 67 67 29 51 40 29 35 31 49 75 
44 33 46 40 28 11 15 63 49 57 61 69 58 57 36 53 62 39 66 8 67 25 33 66 57 51 17 0 50 28 70 18 57 63 31 29 39 29 66 79 77 77 45 62 46 27 49 48 31 69 
21 60 61 18 59 55 58 104 88 106 111 84 108 105 20 77 109 13 115 49 113 74 58 88 90 100 64 50 0 26 93 54 85 78 56 63 77 55 103 128 126 127 85 112 94 43 80 89 32 101 
33 34 59 27 32 31 32 90 75 83 88 84 85 81 8 71 91 14 94 25 95 53 32 84 81 76 39 28 26 0 89 28 60 78 48 36 50 28 91 107 105 105 58 89 74 17 54 63 31 92 
73 102 32 75 97 79 82 39 33 80 83 16 82 94 93 18 58 91 70 77 54 63 102 5 19 88 79 70 93 89 0 87 124 18 41 97 103 98 31 84 83 85 106 83 61 96 115 106 61 19 
54 15 64 49 10 9 7 76 64 59 63 87 60 54 35 70 71 41 73 11 78 33 15 83 74 49 14 18 54 28 87 0 40 81 48 12 24 11 80 83 81 81 32 64 54 15 32 36 45 85 
91 26 103 86 30 46 43 105 96 70 73 126 70 56 65 108 93 72 89 51 101 62 28 120 108 56 44 57 85 60 124 40 0 120 88 29 21 32 110 94 93 91 22 75 77 43 9 26 85 118 
57 96 19 60 91 74 78 51 41 87 91 6 89 98 81 15 69 78 80 71 67 64 96 14 30 92 76 63 78 78 18 81 120 0 33 92 100 92 45 95 94 96 105 90 67 87 111 105 48 34 
39 64 16 39 59 41 45 49 33 66 71 39 68 73 53 23 58 52 67 38 60 36 63 36 34 67 44 31 56 48 41 48 88 33 0 59 68 59 47 81 80 81 73 71 48 55 79 75 24 45 
65 8 74 60 5 18 14 82 71 58 62 97 59 50 43 80 75 50 74 22 82 38 9 93 82 46 18 29 63 36 97 12 29 92 59 0 14 10 87 83 81 80 22 63 57 20 20 27 57 93 
79 18 84 74 18 28 24 84 75 52 55 106 52 40 57 87 73 64 70 34 80 41 20 100 87 39 24 39 77 50 103 24 21 100 68 14 0 23 89 77 75 74 8 57 56 34 12 13 69 97 
59 6 74 54 5 20 18 88 75 67 71 98 67 59 34 81 82 42 82 21 88 44 4 94 85 56 24 29 55 28 98 11 32 92 59 10 23 0 91 92 90 89 31 72 64 12 26 36 53 96 
86 94 49 87 89 71 74 8 17 54 56 45 55 69 98 33 28 98 40 73 23 49 94 32 16 65 68 66 103 91 31 80 110 45 47 87 89 91 0 53 52 55 90 55 36 92 102 88 72 13 
117 90 91 115 87 77 77 45 54 25 22 97 24 38 114 80 26 118 15 82 30 54 92 84 65 38 69 79 128 107 84 83 94 95 81 83 77 92 53 0 2 4 73 20 34 99 88 68 102 66 
115 89 90 113 85 75 75 44 53 23 20 96 23 37 112 79 25 116 13 80 29 52 90 83 64 37 67 77 126 105 83 81 93 94 80 81 75 90 52 2 0 3 71 18 32 97 86 66 100 66 
116 88 92 114 85 75 74 47 55 22 19 98 22 35 113 81 27 117 15 80 32 53 90 85 67 35 67 77 127 105 85 81 91 96 81 80 74 89 55 4 3 0 70 17 33 96 84 65 101 68 
86 26 89 81 26 35 31 84 77 49 51 110 49 35 65 91 72 72 68 40 79 43 28 103 89 35 29 45 85 58 106 32 22 105 73 22 8 31 90 73 71 70 0 53 56 42 15 6 76 99 
103 71 83 100 68 59 58 47 50 6 2 93 5 19 97 75 27 101 17 64 35 38 73 81 63 18 51 62 112 89 83 64 75 90 71 63 57 72 55 20 18 17 53 0 23 80 68 48 88 68 
83 65 60 81 61 47 47 29 28 20 24 70 22 34 82 52 17 85 20 51 24 22 66 59 41 28 40 46 94 74 61 54 77 67 48 57 56 64 36 34 32 33 56 23 0 69 68 53 68 47 
49 17 69 44 16 22 22 90 76 74 79 93 75 68 23 78 86 30 88 20 92 48 15 91 84 64 29 27 43 17 96 15 43 87 55 20 34 12 92 99 97 96 42 80 69 0 37 47 44 96 
85 20 94 79 23 38 34 96 87 63 66 117 63 50 59 99 85 67 82 42 93 53 22 111 99 49 35 49 80 54 115 32 9 111 79 20 12 26 102 88 86 84 15 68 68 37 0 20 77 109 
90 31 90 85 31 37 34 82 75 44 47 110 44 30 70 91 68 77 63 44 76 43 34 103 88 30 31 48 89 63 106 36 26 105 75 27 13 36 88 68 66 65 6 48 53 47 20 0 79 97 
15 58 30 15 54 42 45 73 57 83 88 54 85 86 33 45 80 30 88 36 83 50 57 57 58 81 49 31 32 31 61 45 85 48 24 57 69 53 72 102 100 101 76 88 68 44 77 79 0 69 
82 99 43 84 94 76 79 21 22 66 69 34 67 81 98 26 41 97 54 76 37 56 100 20 12 76 75 69 101 92 19 85 118 34 45 93 97 96 13 66 66 68 99 68 47 96 109 97 69 0 
0 1000
4518 4757
4369 4918
3704 3971
262 954
3372 3921
4997 5279
821 1006
144 543
2708 2903
3476 4384
489 905
5130 5618
1413 2111
2035 2819
1564 1999
3869 4395
2457 3120
3808 4791
2335 3112
5543 5625
5205 5260
4533 4773
511 569
4833 5161
5363 5526
5234 5866
4710 5128
4125 4216
337 1095
2937 3128
3612 4357
4215 4398
1111 2106
1248 1378
1357 1622
2559 3494
3122 4071
1866 2304
5499 6404
3955 4659
2216 3115
4602 4801
3920 4377
1178 1313
680 1293
957 1546
1680 2394
2851 2870
3272 3463
93.56390837491335 29.476840427561648 88.30430810030062 88.57090791825188 32.1084792112747 41.72897049273464 37.97843469956113 48.88767601995772 56.36812545132778 10.475260840065614 6.126041175368002 99.57581149767854 8.453727951736411 0.648345849562626 68.84547798782266 81.41005542687988 29.29300360484176 76.45502470446795 17.306093609844698 47.99394440060388 33.26934713782186 37.98135115389854 31.48624985891403 87.15593682241263 68.7018763351312 6.6948012102100884 34.59303535005432 51.83601196003125 89.17725251381023 63.72674588416481 87.46030424574113 39.37434340965119 4.167056240811473 96.8246267343364 73.92213790721293 28.52419547724364 14.948607692078486 35.36269546466224 56.73412955990549 3.771979553099447 4.5831127000029115 2.2119248526949797 7.702929222986921 6.669981443926465 29.97813085695431 46.448585195438085 9.876352441166048 4.254870152224632 83.17511741053735 69.93708656561608 
79.36385780103396 91.11902608293089 39.06211506722358 82.22092626625721 86.89674319961298 71.38378038795912 72.90940196801607 3.7991662856716624 18.19671906818262 28.501989669576933 25.923091068482528 16.776999889088373 28.44010564497198 42.57457200751763 98.41247358959369 23.580896054207145 8.92528191219114 97.77221176661888 10.386986686601551 73.56952630316663 2.141050750728035 46.522183399763286 92.491197411182 11.745735691329774 12.1437592472324 42.68252414279782 66.38190548921598 67.00386772997861 99.85831824174282 92.63150235236792 7.040839135923815 79.67918832302493 98.70940071355197 22.292502145322878 45.746749396475636 83.50499913432255 80.41563340138083 90.31472568977104 1.5772966662006782 4.425357235713612 6.151289052631315 7.639068947906713 77.30463533895156 24.2145195037752 26.34941601339297 93.38101300495873 91.7417224954282 72.43030399134376 68.27976841639986 0.6819916029353723 