50
0 32 35 16 62 83 14 75 75 118 52 78 103 24 53 46 37 64 37 70 107 95 50 58 37 77 47 72 42 32 92 95 46 85 77 126 58 43 81 94 61 86 52 20 80 113 84 66 94 73 
32 0 29 16 41 52 23 45 47 88 21 53 71 31 28 14 11 32 12 38 78 65 18 30 29 46 17 40 10 5 63 67 15 56 48 95 29 21 53 62 53 56 39 17 71 83 52 35 72 41 
35 29 0 28 29 62 22 69 49 90 46 47 80 13 26 40 22 55 20 53 80 70 43 33 3 67 45 62 31 33 64 92 41 56 52 98 54 18 78 80 28 59 18 19 47 87 70 48 60 58 
16 16 28 0 50 67 10 60 61 103 36 65 87 23 39 30 22 48 22 54 92 80 34 43 29 61 31 56 26 16 77 81 30 70 62 110 43 30 66 77 55 70 43 9 74 98 68 50 82 57 
62 41 29 50 0 41 48 62 25 62 47 19 56 42 14 44 30 49 30 39 53 44 44 19 26 58 49 53 35 46 37 85 45 30 29 71 53 21 73 66 24 35 13 43 34 60 56 35 32 46 
83 52 62 67 41 0 72 34 17 39 38 28 19 73 36 42 46 31 47 16 29 15 39 28 59 28 45 27 42 54 19 53 42 19 12 44 39 44 45 27 65 12 53 65 71 31 20 18 46 18 
14 23 22 10 48 72 0 68 63 105 44 65 91 13 40 37 25 55 25 59 95 83 41 45 24 69 40 63 31 25 79 90 38 71 65 113 51 30 75 84 49 73 39 7 68 101 74 55 80 63 
75 45 69 60 62 34 68 0 46 71 24 58 46 75 49 31 47 14 48 24 61 49 27 43 67 6 29 9 38 44 53 24 30 52 42 73 17 52 12 21 84 46 69 62 96 61 18 27 78 18 
75 47 49 61 25 17 63 46 0 42 40 13 32 61 23 41 38 37 39 22 32 21 40 18 46 40 46 37 37 50 16 67 42 9 5 50 44 33 57 44 48 11 37 56 54 38 35 20 33 28 
118 88 90 103 62 39 105 71 42 0 77 42 25 102 65 80 81 69 81 55 11 24 78 60 87 65 84 65 79 91 26 83 81 33 41 10 78 75 80 55 81 32 75 98 77 10 54 56 42 57 
52 21 46 36 47 38 44 24 40 77 0 51 56 52 33 7 25 12 26 23 67 54 3 29 45 25 7 20 16 20 54 46 6 49 39 83 8 31 32 41 66 46 50 38 81 70 33 22 71 23 
78 53 47 65 19 28 65 58 13 42 51 0 39 61 25 50 43 49 43 34 34 27 49 23 45 53 55 50 45 57 19 80 51 12 17 52 55 35 70 56 40 18 33 59 43 42 47 32 21 40 
103 71 80 87 56 19 91 46 32 25 56 39 0 91 53 61 66 47 66 34 17 12 57 47 77 40 63 41 61 73 21 58 61 27 27 27 55 63 55 30 79 21 69 84 81 15 29 37 50 34 
24 31 13 23 42 73 13 75 61 102 52 61 91 0 38 45 28 62 27 62 93 82 49 44 16 75 48 69 37 34 77 98 46 69 64 111 59 29 83 89 38 72 31 15 57 99 79 58 73 67 
53 28 26 39 14 36 40 49 23 65 33 25 53 38 0 29 18 36 17 29 55 44 30 7 24 46 35 41 21 33 39 73 31 32 26 73 39 10 60 57 35 34 20 34 48 61 46 24 43 35 
46 14 40 30 44 42 37 31 41 80 7 50 61 45 29 0 19 18 20 27 70 56 4 27 39 31 6 26 10 14 56 53 1 50 40 86 14 26 39 48 61 48 46 31 77 73 39 24 70 28 
37 11 22 22 30 46 25 47 38 81 25 43 66 28 18 19 0 34 1 34 70 58 22 21 20 46 24 41 9 16 55 71 20 48 40 88 33 10 57 61 43 48 28 18 60 76 51 30 61 39 
64 32 55 48 49 31 55 14 37 69 12 49 47 62 36 18 34 0 35 16 59 46 14 31 53 13 18 8 25 32 48 38 18 45 34 74 9 38 24 30 71 40 56 49 84 61 21 17 70 13 
37 12 20 22 30 47 25 48 39 81 26 43 66 27 17 20 1 35 0 35 70 58 23 21 19 47 25 42 10 16 55 72 21 48 40 89 34 9 58 62 42 49 27 18 59 76 51 31 61 40 
70 38 53 54 39 16 59 24 22 55 23 34 34 62 29 27 34 16 35 0 44 31 24 22 51 19 30 15 28 40 32 47 27 29 18 60 24 35 35 28 63 25 48 52 73 47 17 4 55 7 
107 78 80 92 53 29 95 61 32 11 67 34 17 93 55 70 70 59 70 44 0 13 67 50 77 55 73 55 68 81 16 75 70 24 30 19 67 65 71 47 73 22 66 88 72 9 44 45 38 46 
95 65 70 80 44 15 83 49 21 24 54 27 12 82 44 56 58 46 58 31 13 0 54 38 67 43 60 42 55 68 9 65 57 15 18 30 54 54 59 37 67 10 58 76 69 18 33 32 38 33 
50 18 43 34 44 39 41 27 40 78 3 49 57 49 30 4 22 14 23 24 67 54 0 27 42 27 6 22 13 18 54 49 4 49 39 83 11 29 35 44 63 46 48 35 78 70 35 22 70 24 
58 30 33 43 19 28 45 43 18 60 29 23 47 44 7 27 21 31 21 22 50 38 27 0 31 40 33 35 21 34 34 67 28 27 20 68 35 16 54 49 41 28 27 38 53 56 39 17 43 28 
37 29 3 29 26 59 24 67 46 87 45 45 77 16 24 39 20 53 19 51 77 67 42 31 0 65 44 60 30 33 61 91 40 54 50 96 53 16 77 78 27 57 15 20 45 84 68 46 57 56 
77 46 67 61 58 28 69 6 40 65 25 53 40 75 46 31 46 13 47 19 55 43 27 40 65 0 31 6 38 45 47 28 31 46 36 67 19 50 17 17 81 40 66 62 92 55 11 23 73 12 
47 17 45 31 49 45 40 29 46 84 7 55 63 48 35 6 24 18 25 30 73 60 6 33 44 31 0 26 15 15 60 50 5 55 45 89 12 32 36 48 67 53 51 34 82 77 39 28 76 30 
72 40 62 56 53 27 63 9 37 65 20 50 41 69 41 26 41 8 42 15 55 42 22 35 60 6 26 0 32 40 46 32 26 43 33 68 15 44 20 22 76 38 61 56 87 56 14 18 70 10 
42 10 31 26 35 42 31 38 37 79 16 45 61 37 21 10 9 25 10 28 68 55 13 21 30 38 15 32 0 13 53 62 11 47 38 86 23 17 47 53 52 46 36 24 68 73 43 25 64 32 
32 5 33 16 46 54 25 44 50 91 20 57 73 34 33 14 16 32 16 40 81 68 18 34 33 45 15 40 13 0 66 65 14 60 51 98 27 25 51 62 58 59 44 19 76 85 52 37 76 42 
92 63 64 77 37 19 79 53 16 26 54 19 21 77 39 56 55 48 55 32 16 9 54 34 61 47 60 46 53 66 0 72 57 8 16 34 56 49 64 45 59 8 51 72 60 23 38 33 29 36 
95 67 92 81 85 53 90 24 67 83 46 80 58 98 73 53 71 38 72 47 75 65 49 67 91 28 50 32 62 65 72 0 52 72 63 83 39 76 14 28 108 65 93 84 119 73 33 50 99 40 
46 15 41 30 45 42 38 30 42 81 6 51 61 46 31 1 20 18 21 27 70 57 4 28 40 31 5 26 11 14 57 52 0 51 41 87 13 28 38 47 62 49 47 32 78 74 38 25 71 28 
85 56 56 70 30 19 71 52 9 33 49 12 27 69 32 50 48 45 48 29 24 15 49 27 54 46 55 43 47 60 8 72 51 0 11 42 52 42 63 46 52 7 43 65 55 31 38 28 27 34 
77 48 52 62 29 12 65 42 5 41 39 17 27 64 26 40 40 34 40 18 30 18 39 20 50 36 45 33 38 51 16 63 41 11 0 48 42 36 53 39 53 8 42 58 59 36 30 17 37 24 
126 95 98 110 71 44 113 73 50 10 83 52 27 111 73 86 88 74 89 60 19 30 83 68 96 67 89 68 86 98 34 83 87 42 48 0 82 83 81 55 91 40 85 106 88 13 56 62 52 61 
58 29 54 43 53 39 51 17 44 78 8 55 55 59 39 14 33 9 34 24 67 54 11 35 53 19 12 15 23 27 56 39 13 52 42 82 0 39 24 37 73 48 58 45 87 70 29 24 76 22 
43 21 18 30 21 44 30 52 33 75 31 35 63 29 10 26 10 38 9 35 65 54 29 16 16 50 32 44 17 25 49 76 28 42 36 83 39 0 62 62 35 44 19 24 51 71 52 30 52 40 
81 53 78 66 73 45 75 12 57 80 32 70 55 83 60 39 57 24 58 35 71 59 35 54 77 17 36 20 47 51 64 14 38 63 53 81 24 62 0 26 95 57 80 69 107 70 26 39 90 29 
94 62 80 77 66 27 84 21 44 55 41 56 30 89 57 48 61 30 62 28 47 37 44 49 78 17 48 22 53 62 45 28 47 46 39 55 37 62 26 0 90 39 76 78 98 45 11 32 73 22 
61 53 28 55 24 65 49 84 48 81 66 40 79 38 35 61 43 71 42 63 73 67 63 41 27 81 67 76 52 58 59 108 62 52 53 91 73 35 95 90 0 58 16 47 19 82 79 58 42 69 
86 56 59 70 35 12 73 46 11 32 46 18 21 72 34 48 48 40 49 25 22 10 46 28 57 40 53 38 46 59 8 65 49 7 8 40 48 44 57 39 58 0 48 66 62 28 32 25 34 29 
52 39 18 43 13 53 39 69 37 75 50 33 69 31 20 46 28 56 27 48 66 58 48 27 15 66 51 61 36 44 51 93 47 43 42 85 58 19 80 76 16 48 0 35 32 74 66 44 42 55 
20 17 19 9 43 65 7 62 56 98 38 59 84 15 34 31 18 49 18 52 88 76 35 38 20 62 34 56 24 19 72 84 32 65 58 106 45 24 69 78 47 66 35 0 66 94 68 48 75 56 
80 71 47 74 34 71 68 96 54 77 81 43 81 57 48 77 60 84 59 73 72 69 78 53 45 92 82 87 68 76 60 119 78 55 59 88 87 51 107 98 19 62 32 66 0 81 88 69 36 79 
113 83 87 98 60 31 101 61 38 10 70 42 15 99 61 73 76 61 76 47 9 18 70 56 84 55 77 56 73 85 23 73 74 31 36 13 70 71 70 45 82 28 74 94 81 0 44 49 46 48 
84 52 70 68 56 20 74 18 35 54 33 47 29 79 46 39 51 21 51 17 44 33 35 39 68 11 39 14 43 52 38 33 38 38 30 56 29 52 26 11 79 32 66 68 88 44 0 22 66 12 
66 35 48 50 35 18 55 27 20 56 22 32 37 58 24 24 30 17 31 4 45 32 22 17 46 23 28 18 25 37 33 50 25 28 17 62 24 30 39 32 58 25 44 48 69 49 22 0 52 11 
94 72 60 82 32 46 80 78 33 42 71 21 50 73 43 70 61 70 61 55 38 38 70 43 57 73 76 70 64 76 29 99 71 27 37 52 76 52 90 73 42 34 42 75 36 46 66 52 0 60 
73 41 58 57 46 18 63 18 28 57 23 40 34 67 35 28 39 13 40 7 46 33 24 28 56 12 30 10 32 42 36 40 28 34 24 61 22 40 29 22 69 29 55 56 79 48 12 11 60 0 
0 1000
2260 2318
1334 2191
2244 2618
291 1227
4301 4680
1772 1875
4162 4474
4854 5828
3178 3473
1215 1577
709 1178
3547 4493
2837 3740
2575 3044
3653 4000
4980 5933
1593 2497
3978 4629
4671 4915
2722 3574
967 1951
125 747
4270 4467
569 1108
5048 5262
3741 4048
1931 2748
1064 1409
1144 1805
4109 4837
1506 2315
822 1489
2481 2911
3856 4165
3243 4172
3491 4150
1690 2421
2098 3001
4581 5435
4426 4634
2987 3804
231 1182
4775 5708
2351 2427
1994 2941
440 495
466 1145
3324 3583
3088 3355
94.37562891548916 79.637301660414 60.388481833444665 87.03142125122892 38.67064285081059 44.1668204548201 81.93647938149454 77.8469447618004 38.43220174835397 7.241852241973135 78.84346962253808 28.708227940969365 32.090195635066955 70.73631199259047 51.65260850332516 78.78622136671234 68.64554691923811 74.10220182381426 68.19682920802579 58.241344865416025 16.557431399655375 29.017495366501088 77.91032330658521 51.84709454479105 58.6018416617988 71.54400218730515 84.11184842441989 71.27498303950661 72.67690341083627 84.21341921922306 25.828551764692918 88.90860357539843 79.77717071693698 29.881009841399365 40.36728274576693 6.295359021328039 81.88466906993966 59.27973350961875 86.90337366568872 61.74394417856163 32.9508351053058 33.677107954676956 43.875522400790814 78.80627151689806 14.014337260129539 17.13645216647529 60.70720864956601 57.828887053477175 8.595105367683653 62.04598909328391 
98.21843829019514 69.5556617633428 90.91205196918123 83.72546618744694 72.0599143753213 31.587533491841434 92.47020370608652 24.644573412065018 47.5383082014036 18.88294358320417 48.30639226706499 55.52626684754822 16.618215389851255 99.24544089561364 66.33146567035327 55.16801648453632 71.00987071786297 37.632599006856296 71.965611610554 38.24812430975947 24.139256066442428 28.68049465207837 51.27453573386164 59.012220880599166 88.81235856008645 24.697365448540886 52.80424759597657 30.250315623535396 62.63068121848071 68.01560922810513 36.94326739613749 3.0713754673877047 54.35546084598462 43.54011429605741 42.72823047632316 8.603280177220608 41.11944460425756 72.95533672801675 17.365028929948167 10.572900922759999 95.57031439365325 37.770319925724536 84.4918530319639 86.20703126382104 96.04318795438644 15.562733751410619 21.079758147449535 42.71150949102096 60.869580872720064 32.81928272138889 