50
0 96 60 94 70 58 72 9 66 78 81 82 22 91 49 80 12 51 20 32 34 98 11 9 77 30 13 44 21 24 91 78 67 83 47 29 61 59 61 24 88 49 56 18 108 67 72 77 71 51 
96 0 48 5 36 73 70 104 58 46 23 27 84 36 48 83 85 46 77 81 65 31 88 94 61 74 103 79 93 86 19 55 71 53 69 71 91 41 36 98 40 68 40 78 17 37 70 37 30 49 
60 48 0 44 12 71 28 69 64 18 48 25 42 31 33 42 48 18 46 36 43 39 57 63 24 53 71 68 67 43 56 22 75 25 21 47 43 38 33 54 28 61 19 42 54 11 28 56 42 12 
94 5 44 0 32 74 65 102 59 41 25 22 81 31 47 78 82 43 75 78 64 26 87 93 56 73 101 79 92 83 23 49 73 48 65 69 86 40 36 95 35 68 37 76 16 33 65 39 31 46 
70 36 12 32 0 72 35 79 62 15 40 13 53 22 34 50 58 21 54 48 48 29 65 71 28 58 80 70 74 54 46 23 74 24 33 53 54 36 30 66 21 62 19 51 42 3 35 50 36 19 
58 73 71 74 72 0 97 60 17 87 50 78 66 91 38 111 55 54 44 73 33 94 47 51 96 30 55 14 40 69 58 93 10 95 76 34 101 37 43 78 92 11 53 52 90 69 97 38 44 60 
72 70 28 65 35 97 0 81 91 25 75 43 50 40 60 15 61 44 64 40 66 49 73 77 11 74 84 91 85 49 81 17 102 21 26 69 25 66 61 56 34 86 47 57 70 36 0 83 70 38 
9 104 69 102 79 60 81 0 70 87 88 91 31 100 56 89 21 59 27 41 40 108 16 10 86 35 6 46 20 32 98 87 70 92 56 35 69 66 68 30 97 53 65 27 116 76 81 83 78 60 
66 58 64 59 62 17 91 70 0 77 35 66 69 79 32 106 60 47 48 74 35 81 55 60 88 36 66 28 52 72 42 84 13 86 73 38 99 26 32 82 81 18 45 56 75 59 91 21 29 53 
78 46 18 41 15 87 25 87 77 0 54 19 58 16 49 38 66 34 64 51 61 26 75 80 15 70 89 84 85 59 59 9 89 9 34 65 48 51 45 69 12 77 33 60 45 18 25 65 51 30 
81 23 48 25 40 50 75 88 35 54 0 38 74 50 32 89 71 38 61 74 48 49 72 78 68 55 86 57 74 77 10 62 48 63 65 53 91 22 21 89 53 46 32 65 40 39 75 14 10 43 
82 27 25 22 13 78 43 91 66 19 38 0 66 13 43 56 71 32 66 61 58 17 77 83 34 68 92 79 85 67 41 27 79 26 46 63 65 41 35 79 15 70 28 64 29 15 43 50 38 32 
22 84 42 81 53 66 50 31 69 58 74 66 0 73 42 59 13 38 22 10 34 81 25 28 56 36 34 54 38 4 84 57 74 62 25 32 40 53 52 15 69 55 44 14 93 51 50 73 64 35 
91 36 31 31 22 91 40 100 79 16 50 13 73 0 55 51 79 43 75 66 70 10 87 93 29 79 101 91 96 73 52 23 92 19 50 74 64 54 48 84 5 82 40 73 31 25 40 63 50 41 
49 48 33 47 34 38 60 56 32 49 32 43 42 55 0 74 39 16 29 45 17 59 40 46 58 26 55 36 45 46 43 54 42 57 41 22 68 10 12 57 55 28 16 32 62 31 60 31 22 22 
80 83 42 78 50 111 15 89 106 38 89 56 59 51 74 0 71 59 75 48 79 60 83 86 22 87 93 104 95 57 95 29 116 32 37 81 24 80 75 62 45 100 62 68 82 51 15 98 84 52 
12 85 48 82 58 55 61 21 60 66 71 71 13 79 39 71 0 39 12 24 26 87 12 15 66 25 23 43 25 16 81 67 64 71 36 22 54 49 50 23 76 45 45 7 96 55 61 68 61 39 
51 46 18 43 21 54 44 59 47 34 38 32 38 43 16 59 39 0 33 36 27 49 45 51 42 37 60 50 53 40 47 39 58 42 28 31 55 22 18 52 42 43 6 32 57 18 44 42 30 7 
20 77 46 75 54 44 64 27 48 64 61 66 22 75 29 75 12 33 0 31 14 82 12 18 67 14 27 32 21 26 71 66 52 71 39 11 61 39 41 34 74 34 38 9 89 51 64 57 51 35 
32 81 36 78 48 73 40 41 74 51 74 61 10 66 45 48 24 36 31 0 40 75 35 39 46 44 45 63 48 9 83 49 80 54 16 39 30 55 53 19 62 62 42 22 89 46 40 76 65 32 
34 65 43 64 48 33 66 40 35 61 48 58 34 70 17 79 26 27 14 40 0 75 24 30 67 10 38 25 28 37 58 65 40 68 43 5 68 26 29 48 69 22 30 21 79 45 66 43 38 31 
98 31 39 26 29 94 49 108 81 26 49 17 81 10 59 60 87 49 82 75 75 0 94 100 39 85 108 95 102 82 49 32 94 29 59 80 74 57 51 93 15 86 45 80 22 32 49 63 51 48 
11 88 57 87 65 47 73 16 55 75 72 77 25 87 40 83 12 45 12 35 24 94 0 6 76 20 15 34 13 28 82 77 57 81 47 19 65 50 52 32 85 39 50 15 101 62 72 67 62 46 
9 94 63 93 71 51 77 10 60 80 78 83 28 93 46 86 15 51 18 39 30 100 6 0 81 24 9 37 12 30 88 82 60 86 51 25 68 55 58 32 90 43 56 20 107 68 77 73 68 52 
77 61 24 56 28 96 11 86 88 15 68 34 56 29 58 22 66 42 67 46 67 39 76 81 0 76 89 91 88 55 74 7 100 10 31 70 36 62 56 64 24 85 43 61 60 30 11 78 64 36 
30 74 53 73 58 30 74 35 36 70 55 68 36 79 26 87 25 37 14 44 10 85 20 24 76 0 32 18 19 40 65 74 38 78 50 6 74 33 37 48 78 20 40 23 88 55 74 49 45 40 
13 103 71 101 80 55 84 6 66 89 86 92 34 101 55 93 23 60 27 45 38 108 15 9 89 32 0 41 15 36 96 90 65 94 59 33 73 64 67 36 99 49 65 29 116 77 84 80 76 61 
44 79 68 79 70 14 91 46 28 84 57 79 54 91 36 104 43 50 32 63 25 95 34 37 91 18 41 0 26 58 66 89 24 92 68 23 92 39 45 65 91 11 52 41 95 67 91 47 49 55 
21 93 67 92 74 40 85 20 52 85 74 85 38 96 45 95 25 53 21 48 28 102 13 12 88 19 15 26 0 41 84 88 50 92 59 22 79 52 56 45 94 34 57 27 107 71 85 67 65 55 
24 86 43 83 54 69 49 32 72 59 77 67 4 73 46 57 16 40 26 9 37 82 28 30 55 40 36 58 41 0 86 57 77 62 25 36 38 56 55 12 70 59 46 17 95 52 49 77 67 37 
91 19 56 23 46 58 81 98 42 59 10 41 84 52 43 95 81 47 71 83 58 49 82 88 74 65 96 66 84 86 0 68 54 67 74 63 99 33 31 99 56 55 41 75 36 45 81 20 20 52 
78 55 22 49 23 93 17 87 84 9 62 27 57 23 54 29 67 39 66 49 65 32 77 82 7 74 90 89 88 57 68 0 96 5 33 69 42 58 52 67 17 82 39 61 53 25 17 73 59 34 
67 71 75 73 74 10 102 70 13 89 48 79 74 92 42 116 64 58 52 80 40 94 57 60 100 38 65 24 50 77 54 96 0 98 82 42 108 39 45 86 93 19 57 60 88 72 102 34 43 64 
83 53 25 48 24 95 21 92 86 9 63 26 62 19 57 32 71 42 71 54 68 29 81 86 10 78 94 92 92 62 67 5 98 0 38 72 46 60 54 72 14 85 42 66 50 27 21 74 60 37 
47 69 21 65 33 76 26 56 73 34 65 46 25 50 41 37 36 28 39 16 43 59 47 51 31 50 59 68 59 25 74 33 82 38 0 45 27 50 46 35 46 65 33 32 75 32 26 70 58 22 
29 71 47 69 53 34 69 35 38 65 53 63 32 74 22 81 22 31 11 39 5 80 19 25 70 6 33 23 22 36 63 69 42 72 45 0 69 31 34 45 73 23 35 19 85 50 69 48 43 35 
61 91 43 86 54 101 25 69 99 48 91 65 40 64 68 24 54 55 61 30 68 74 65 68 36 74 73 92 79 38 99 42 108 46 27 69 0 76 73 40 59 90 59 52 93 54 25 97 84 48 
59 41 38 40 36 37 66 66 26 51 22 41 53 54 10 80 49 22 39 55 26 57 50 55 62 33 64 39 52 56 33 58 39 60 50 31 76 0 6 68 55 29 19 43 56 33 66 21 13 28 
61 36 33 36 30 43 61 68 32 45 21 35 52 48 12 75 50 18 41 53 29 51 52 58 56 37 67 45 56 55 31 52 45 54 46 34 73 6 0 67 49 35 14 44 51 27 61 24 12 24 
24 98 54 95 66 78 56 30 82 69 89 79 15 84 57 62 23 52 34 19 48 93 32 32 64 48 36 65 45 12 99 67 86 72 35 45 40 68 67 0 81 68 59 27 107 64 56 88 79 49 
88 40 28 35 21 92 34 97 81 12 53 15 69 5 55 45 76 42 74 62 69 15 85 90 24 78 99 91 94 70 56 17 93 14 46 73 59 55 49 81 0 83 39 70 36 24 35 66 53 39 
49 68 61 68 62 11 86 53 18 77 46 70 55 82 28 100 45 43 34 62 22 86 39 43 85 20 49 11 34 59 55 82 19 85 65 23 90 29 35 68 83 0 44 42 84 59 86 35 38 49 
56 40 19 37 19 53 47 65 45 33 32 28 44 40 16 62 45 6 38 42 30 45 50 56 43 40 65 52 57 46 41 39 57 42 33 35 59 19 14 59 39 44 0 38 51 16 47 37 24 11 
18 78 42 76 51 52 57 27 56 60 65 64 14 73 32 68 7 32 9 22 21 80 15 20 61 23 29 41 27 17 75 61 60 66 32 19 52 43 44 27 70 42 38 0 90 49 57 63 55 32 
108 17 54 16 42 90 70 116 75 45 40 29 93 31 62 82 96 57 89 89 79 22 101 107 60 88 116 95 107 95 36 53 88 50 75 85 93 56 51 107 36 84 51 90 0 43 70 54 47 58 
67 37 11 33 3 69 36 76 59 18 39 15 51 25 31 51 55 18 51 46 45 32 62 68 30 55 77 67 71 52 45 25 72 27 32 50 54 33 27 64 24 59 16 49 43 0 36 48 34 16 
72 70 28 65 35 97 0 81 91 25 75 43 50 40 60 15 61 44 64 40 66 49 72 77 11 74 84 91 85 49 81 17 102 21 26 69 25 66 61 56 35 86 47 57 70 36 0 84 70 38 
77 37 56 39 50 38 83 83 21 65 14 50 73 63 31 98 68 42 57 76 43 63 67 73 78 49 80 47 67 77 20 73 34 74 70 48 97 21 24 88 66 35 37 63 54 48 84 0 14 48 
71 30 42 31 36 44 70 78 29 51 10 38 64 50 22 84 61 30 51 65 38 51 62 68 64 45 76 49 65 67 20 59 43 60 58 43 84 13 12 79 53 38 24 55 47 34 70 14 0 35 
51 49 12 46 19 60 38 60 53 30 43 32 35 41 22 52 39 7 35 32 31 48 46 52 36 40 61 55 55 37 52 34 64 37 22 35 48 28 24 49 39 49 11 32 58 16 38 48 35 0 
0 1000
1365 2131
3159 3724
436 1205
4457 4840
2249 2306
1127 1338
2556 3538
4169 4215
267 338
400 546
4304 4737
3862 4231
3696 3830
1045 1865
4388 4914
111 486
4657 5597
4567 4722
578 649
3439 4062
2943 3683
657 777
3397 3821
3579 4001
1000 1758
2146 2610
1782 2639
86 877
3784 3938
1503 1904
2814 2927
4807 5426
888 1371
2336 2673
2665 3302
1668 1835
3288 3326
1256 1523
3956 4484
3543 4464
4102 4330
2412 2754
2083 2966
1937 2564
2016 2928
813 1424
1567 2325
1432 2081
3078 3701
19.637524770922376 73.19777122533516 71.0656380596688 75.88034784769215 74.62800575116394 3.909916886801079 90.47897614595274 11.129726326144663 17.1331852123652 88.28588252614487 50.60761922690661 82.14511684200946 41.46841602372383 94.84213629070864 40.299551583031715 99.99963149760406 29.216654819219233 54.25623583678751 26.745816616206863 51.93473451415511 27.644778015120465 97.53569336702657 17.93699010427995 13.775728124160525 93.5087611780479 18.419297114134803 7.055022670888533 4.250713252588911 5.848397333518984 43.25265465979612 54.4718257032123 92.43252413894353 3.8724506072172926 96.11655335081011 64.81025463961039 23.932445033908568 79.56739458998457 40.948276558163 47.18584177481201 39.85426724292077 95.16937276797219 12.573971635440284 55.86357669378314 33.03124174359202 90.41532781617772 71.5653513258378 90.4202508915301 36.50488542122743 46.61266547378076 58.64084629577232 
15.055993644338594 94.4408583029647 46.28648931034698 89.91116255195857 58.03611934576969 70.81250857037516 26.523850332284972 11.223430738119621 81.00759549314365 51.17692966131262 89.87857811602869 68.72139847596375 16.839135348326863 65.92491138919844 59.23526101595847 15.43211019026125 22.079552487163 52.208703351933714 33.63925350595397 16.01846410523008 47.79663155268479 75.33137503606928 25.565807382502015 21.24553312233597 36.69434502831738 45.067784091814836 15.648836520347665 56.482080480754405 30.755837543622633 13.715743821222215 99.35992808579817 43.44751317761033 80.46299185734148 46.86476465407122 26.15954658294921 43.836556911903536 3.778093018352069 69.5977444346205 68.95911212198324 1.8802267410521267 60.63956346012098 64.01388530614548 58.320319005065826 27.691207568778875 96.47409043555538 57.412705066282435 26.35643732105617 90.15707629494155 80.77231769772301 47.37442501365246 