50
0 42 54 47 102 17 84 81 98 27 83 9 74 93 60 38 59 37 57 51 86 74 96 20 49 42 5 72 56 19 66 107 57 16 70 85 45 36 80 53 76 83 66 39 66 44 89 69 68 6 
42 0 40 24 88 26 72 54 84 21 65 50 33 85 34 42 79 18 77 70 103 42 87 27 30 23 46 30 77 23 91 87 64 57 30 69 5 6 71 38 74 87 83 3 64 2 110 41 31 37 
54 40 0 16 50 48 33 29 46 30 29 56 47 45 15 20 51 23 50 44 71 29 47 35 10 17 59 52 52 42 65 53 31 68 40 32 44 38 32 2 34 48 52 40 25 41 79 21 33 53 
47 24 16 0 65 36 48 35 61 20 42 52 36 61 13 25 62 10 60 54 84 27 63 27 6 5 52 39 62 31 75 65 44 62 29 46 27 23 48 14 51 64 64 24 41 25 92 22 24 45 
102 88 50 65 0 98 19 40 5 81 23 103 78 17 54 65 71 74 71 70 73 53 14 85 59 67 107 88 75 93 83 12 54 115 73 19 91 87 24 52 33 42 65 88 40 88 82 49 67 103 
17 26 48 36 98 0 80 71 94 17 77 26 59 91 50 37 68 26 66 59 94 62 93 15 40 32 20 55 65 5 77 101 60 32 55 80 28 20 77 47 76 85 74 23 65 28 99 58 54 12 
84 72 33 48 19 80 0 31 14 63 12 84 68 15 39 46 56 56 56 54 64 42 15 66 42 50 89 77 59 75 69 26 37 96 62 7 75 71 8 34 18 32 51 72 22 72 72 37 55 84 
81 54 29 35 40 71 31 0 38 55 19 85 39 46 21 50 76 45 75 71 91 13 45 61 32 39 86 49 78 66 90 36 55 96 34 25 55 55 36 29 46 61 74 55 43 53 99 13 28 79 
98 84 46 61 5 94 14 38 0 77 20 98 77 13 51 60 67 70 67 65 69 51 10 80 55 63 103 86 70 88 78 15 50 110 71 15 87 84 19 48 28 38 61 85 35 85 78 47 64 98 
27 21 30 20 81 17 63 55 77 0 60 33 49 74 33 23 59 10 57 50 84 47 77 8 23 16 32 48 57 12 70 84 47 43 44 63 25 15 61 30 60 71 63 19 50 23 90 42 41 25 
83 65 29 42 23 77 12 19 20 60 0 85 57 26 31 47 64 52 64 61 75 31 26 64 37 45 88 66 67 71 78 24 44 97 51 6 68 65 19 30 29 44 61 65 29 65 83 26 44 83 
9 50 56 52 103 26 84 85 98 33 85 0 82 92 64 38 53 43 51 46 79 79 95 25 53 47 10 80 49 27 59 108 54 12 77 86 54 44 79 56 75 79 61 48 65 52 82 73 74 15 
74 33 47 36 78 59 68 39 77 49 57 82 0 83 33 61 97 40 95 89 118 26 83 57 40 40 78 10 97 56 111 74 78 90 7 63 32 39 71 45 78 93 98 36 71 31 126 32 14 70 
93 85 45 61 17 91 15 46 13 74 26 92 83 0 53 55 55 69 55 55 56 57 4 77 55 62 97 91 59 86 66 29 40 104 76 21 89 84 14 47 17 24 48 85 27 86 64 51 70 94 
60 34 15 13 54 50 39 21 51 33 31 64 33 53 0 33 66 23 64 59 85 16 54 40 11 18 65 39 66 45 80 53 46 75 26 35 37 35 40 13 46 61 66 35 38 34 93 9 19 58 
38 42 20 25 65 37 46 50 60 23 47 38 61 55 33 0 37 24 35 29 62 48 58 23 22 21 43 64 37 33 50 70 23 50 54 48 46 37 42 21 39 48 41 40 29 44 68 40 49 39 
59 79 51 62 71 68 56 76 67 59 64 53 97 55 66 37 0 61 2 9 26 80 59 55 57 59 62 101 5 64 14 81 21 63 90 62 83 74 49 53 39 33 8 77 35 81 32 71 84 63 
37 18 23 10 74 26 56 45 70 10 52 43 40 69 23 24 61 0 59 53 85 37 71 18 15 7 42 41 60 21 74 75 46 53 35 55 23 15 55 22 56 69 65 17 46 20 92 32 31 35 
57 77 50 60 71 66 56 75 67 57 64 51 95 55 64 35 2 59 0 7 29 78 59 53 55 57 60 99 4 62 16 81 20 61 88 61 81 71 48 51 39 34 10 75 34 79 34 70 82 61 
51 70 44 54 70 59 54 71 65 50 61 46 89 55 59 29 9 53 7 0 35 73 59 46 50 50 55 93 8 56 21 79 16 57 82 59 75 65 47 46 38 36 15 68 32 72 40 65 77 55 
86 103 71 84 73 94 64 91 69 84 75 79 118 56 85 62 26 85 29 35 0 97 60 81 79 82 88 123 30 91 22 85 40 89 111 71 108 99 56 73 46 32 21 102 48 105 9 89 104 90 
74 42 29 27 53 62 42 13 51 47 31 79 26 57 16 48 80 37 78 73 97 0 57 54 27 32 79 35 81 57 94 49 59 90 20 37 43 45 46 28 54 70 79 44 49 41 105 8 14 72 
96 87 47 63 14 93 15 45 10 77 26 95 83 4 54 58 59 71 59 59 60 57 0 79 57 64 100 92 63 88 70 25 44 107 77 20 90 85 16 49 21 28 53 87 30 87 68 52 70 97 
20 27 35 27 85 15 66 61 80 8 64 25 57 77 40 23 55 18 53 46 81 54 79 0 29 22 25 56 53 10 66 88 45 35 52 67 32 21 63 34 62 71 60 25 51 30 86 49 49 19 
49 30 10 6 59 40 42 32 55 23 37 53 40 55 11 22 57 15 55 50 79 27 57 29 0 8 54 44 57 35 71 60 39 64 33 40 34 29 41 8 44 58 59 30 35 31 86 20 27 48 
42 23 17 5 67 32 50 39 63 16 45 47 40 62 18 21 59 7 57 50 82 32 64 22 8 0 47 42 58 27 72 69 42 58 33 48 28 21 48 15 50 63 61 23 41 25 89 26 29 40 
5 46 59 52 107 20 89 86 103 32 88 10 78 97 65 43 62 42 60 55 88 79 100 25 54 47 0 75 59 23 69 112 61 11 74 90 49 40 84 59 81 87 70 43 71 48 92 74 72 8 
72 30 52 39 88 55 77 49 86 48 66 80 10 91 39 64 101 41 99 93 123 35 92 56 44 42 75 0 100 53 114 84 83 87 15 72 27 36 79 51 85 100 103 32 77 27 130 40 22 67 
56 77 52 62 75 65 59 78 70 57 67 49 97 59 66 37 5 60 4 8 30 81 63 53 57 58 59 100 0 62 14 84 23 59 90 65 82 72 52 53 42 38 13 75 38 79 34 72 84 60 
19 23 42 31 93 5 75 66 88 12 71 27 56 86 45 33 64 21 62 56 91 57 88 10 35 27 23 53 62 0 75 95 55 34 51 74 27 17 72 41 71 81 70 20 60 25 96 53 50 15 
66 91 65 75 83 77 69 90 78 70 78 59 111 66 80 50 14 74 16 21 22 94 70 66 71 72 69 114 14 75 0 93 35 67 104 75 95 85 61 67 51 43 18 89 49 93 24 85 98 71 
107 87 53 65 12 101 26 36 15 84 24 108 74 29 53 70 81 75 81 79 85 49 25 88 60 69 112 84 84 95 93 0 63 120 69 22 90 88 33 54 42 53 76 88 48 87 93 47 63 107 
57 64 31 44 54 60 37 55 50 47 44 54 78 40 46 23 21 46 20 16 40 59 44 45 39 42 61 83 23 55 35 63 0 65 71 42 69 60 30 33 23 26 20 63 15 66 47 51 65 59 
16 57 68 62 115 32 96 96 110 43 97 12 90 104 75 50 63 53 61 57 89 90 107 35 64 58 11 87 59 34 67 120 65 0 85 98 60 51 91 68 87 91 71 54 77 59 91 84 83 20 
70 30 40 29 73 55 62 34 71 44 51 77 7 76 26 54 90 35 88 82 111 20 77 52 33 33 74 15 90 51 104 69 71 85 0 57 29 35 65 38 71 87 91 33 64 29 119 25 7 66 
85 69 32 46 19 80 7 25 15 63 6 86 63 21 35 48 62 55 61 59 71 37 20 67 40 48 90 72 65 74 75 22 42 98 57 0 72 69 14 33 25 39 58 70 27 70 79 32 50 85 
45 5 44 27 91 28 75 55 87 25 68 54 32 89 37 46 83 23 81 75 108 43 90 32 34 28 49 27 82 27 95 90 69 60 29 72 0 10 75 42 78 91 87 7 68 3 114 43 31 40 
36 6 38 23 87 20 71 55 84 15 65 44 39 84 35 37 74 15 71 65 99 45 85 21 29 21 40 36 72 17 85 88 60 51 35 69 10 0 70 37 71 83 78 4 61 9 105 42 35 31 
80 71 32 48 24 77 8 36 19 61 19 79 71 14 40 42 49 55 48 47 56 46 16 63 41 48 84 79 52 72 61 33 30 91 65 14 75 70 0 33 11 25 44 71 15 72 65 40 58 81 
53 38 2 14 52 47 34 29 48 30 30 56 45 47 13 21 53 22 51 46 73 28 49 34 8 15 59 51 53 41 67 54 33 68 38 33 42 37 33 0 36 50 53 38 27 39 80 20 32 53 
76 74 34 51 33 76 18 46 28 60 29 75 78 17 46 39 39 56 39 38 46 54 21 62 44 50 81 85 42 71 51 42 23 87 71 25 78 71 11 36 0 16 33 73 11 75 54 47 64 78 
83 87 48 64 42 85 32 61 38 71 44 79 93 24 61 48 33 69 34 36 32 70 28 71 58 63 87 100 38 81 43 53 26 91 87 39 91 83 25 50 16 0 26 86 23 88 40 62 80 85 
66 83 52 64 65 74 51 74 61 63 61 61 98 48 66 41 8 65 10 15 21 79 53 60 59 61 70 103 13 70 18 76 20 71 91 58 87 78 44 53 33 26 0 81 32 84 28 71 85 70 
39 3 40 24 88 23 72 55 85 19 65 48 36 85 35 40 77 17 75 68 102 44 87 25 30 23 43 32 75 20 89 88 63 54 33 70 7 4 71 38 73 86 81 0 63 5 108 42 33 35 
66 64 25 41 40 65 22 43 35 50 29 65 71 27 38 29 35 46 34 32 48 49 30 51 35 41 71 77 38 60 49 48 15 77 64 27 68 61 15 27 11 23 32 63 0 65 57 41 57 67 
44 2 41 25 88 28 72 53 85 23 65 52 31 86 34 44 81 20 79 72 105 41 87 30 31 25 48 27 79 25 93 87 66 59 29 70 3 9 72 39 75 88 84 5 65 0 112 41 30 40 
89 110 79 92 82 99 72 99 78 90 83 82 126 64 93 68 32 92 34 40 9 105 68 86 86 89 92 130 34 96 24 93 47 91 119 79 114 105 65 80 54 40 28 108 57 112 0 97 112 94 
69 41 21 22 49 58 37 13 47 42 26 73 32 51 9 40 71 32 70 65 89 8 52 49 20 26 74 40 72 53 85 47 51 84 25 32 43 42 40 20 47 62 71 42 41 41 97 0 18 67 
68 31 33 24 67 54 55 28 64 41 44 74 14 70 19 49 84 31 82 77 104 14 70 49 27 29 72 22 84 50 98 63 65 83 7 50 31 35 58 32 64 80 85 33 57 30 112 18 0 64 
6 37 53 45 103 12 84 79 98 25 83 15 70 94 58 39 63 35 61 55 90 72 97 19 48 40 8 67 60 15 71 107 59 20 66 85 40 31 81 53 78 85 70 35 67 40 94 67 64 0 
0 1000
2905 3780
437 679
3498 4141
4877 5834
2378 2554
247 382
4118 4673
1320 1497
565 1461
3700 4107
4625 4719
3365 4053
928 1275
3515 4160
2085 2714
2211 2609
1537 2469
4978 5951
1672 2103
3151 3825
2861 3043
2612 3148
327 1081
3894 4155
3792 4006
2026 2203
1140 1994
1012 1968
44 662
1433 1507
147 717
4206 4672
2285 2378
2772 2836
5128 5495
3326 3839
4319 4634
4760 5208
2510 3415
1886 2345
3968 4938
4445 4560
3564 3837
3031 3924
4534 4845
820 1106
1098 1932
698 1319
1750 2261
91.38245271000861 96.08807250459765 56.257029332146345 72.31299232518886 11.226115093540223 96.94167933835122 25.036063264839203 50.333300177915305 13.718109016467094 82.74243103585356 33.813680785743585 85.48615449547657 88.97979180540953 11.170223705051507 63.95055258487484 59.90878552911744 32.26524373784111 78.99965447836351 34.496394285638424 40.16996686508373 6.383175879758307 63.744348563227426 9.885975896440847 82.46110083417813 65.89369806786195 72.92427103644005 94.56521021151246 98.97150001975574 36.10703146062924 92.3769625447216 27.39579246845125 15.157642837247366 37.15028446481702 94.75720479573232 84.05107777674336 28.786046250014508 99.7274062597592 94.06115195420422 24.791399657303337 57.886181831234985 22.698125889275556 11.720968836625644 24.978653907767256 95.84812777385821 33.07565074683275 96.97431417783457 3.6749524328800964 60.273760076335705 77.83137100185404 95.04676017243142 
81.9343201670081 40.13004140591685 41.09132120334892 39.03136996720297 18.303751895437003 65.70204817703693 30.66734880404627 12.230283970888989 22.466583116119175 56.10875689527066 21.952166731772927 89.22625779845443 7.5468484657943975 35.646846766100126 28.730434745676845 60.99254099326913 86.32878605669315 46.768321351940315 85.66254403694612 82.27775540833106 91.5282120922067 13.176567022131414 31.753210336458125 63.93037271383398 39.97273032061337 43.92894189871035 85.82204464508973 10.71684788668994 88.85321696250834 62.96966393845247 99.56811738969859 7.05618995816436 66.07469845524311 97.21869797363958 12.416166233322235 24.465144707119357 37.373251364291704 46.1432318001862 38.27281601877694 40.22106011552913 48.786545109376576 59.94163649219363 82.11551222840848 42.824163958141604 51.233996572544505 37.99957410231563 99.62236644896386 20.736671337905122 15.540473417691148 77.58399453614952 