50
0 81 44 53 51 56 44 49 66 76 56 63 68 13 31 41 10 21 26 55 54 49 41 62 54 54 31 15 58 43 22 55 18 34 33 40 46 13 30 43 14 46 23 67 14 40 76 47 39 26 
81 0 94 30 32 30 82 85 17 18 135 19 14 87 72 42 92 100 88 53 93 34 58 39 28 28 99 81 57 65 90 92 63 86 91 57 93 92 56 97 73 126 103 22 68 42 9 41 89 81 
44 94 0 76 63 64 14 13 78 81 55 80 82 33 74 69 45 36 18 45 12 61 37 59 74 74 21 30 43 30 66 99 49 79 12 38 3 37 64 5 36 53 55 73 43 64 86 53 83 19 
53 30 76 0 17 22 65 69 18 32 108 11 18 61 43 13 63 73 65 44 78 18 42 36 4 3 75 55 49 50 60 65 35 56 70 40 75 65 26 78 47 99 74 26 41 14 27 26 60 59 
51 32 63 17 0 6 51 55 15 24 103 17 19 56 51 22 62 68 56 27 63 2 27 20 14 14 67 49 32 35 64 77 34 65 59 26 63 61 33 66 41 95 74 16 38 18 25 10 69 49 
56 30 64 22 6 0 51 55 14 20 106 19 18 60 57 28 66 72 58 24 63 7 28 14 18 19 70 52 29 35 70 83 39 71 61 26 63 65 39 67 45 99 79 11 42 24 23 11 75 51 
44 82 14 65 51 51 0 5 65 68 67 69 70 35 70 60 48 43 22 31 13 49 24 45 63 63 30 29 29 17 66 97 44 77 19 25 12 41 58 18 32 64 60 60 38 55 73 41 82 18 
49 85 13 69 55 55 5 0 69 71 68 73 73 39 75 65 52 46 25 34 8 53 28 48 67 68 32 34 31 20 71 102 49 82 21 29 11 44 63 18 37 65 63 63 43 59 77 45 87 22 
66 17 78 18 15 14 65 69 0 14 118 9 4 71 60 30 76 83 71 38 77 18 42 26 15 15 83 64 43 49 76 83 48 74 75 40 77 76 43 81 57 110 88 10 52 28 10 25 78 64 
76 18 81 32 24 20 68 71 14 0 126 23 16 79 73 43 86 92 77 37 78 26 45 23 28 29 89 72 41 51 88 97 58 87 80 44 80 85 55 85 65 118 99 9 62 40 9 30 91 70 
56 135 55 108 103 106 67 68 118 126 0 117 121 47 82 97 46 35 49 95 65 101 82 107 108 109 38 54 95 79 62 96 73 77 49 83 58 43 86 50 62 11 41 117 67 94 128 95 79 56 
63 19 80 11 17 19 69 73 9 23 117 0 7 70 53 23 73 81 72 44 81 19 45 33 9 9 83 63 49 52 71 75 45 67 76 43 80 74 37 83 55 108 84 19 50 23 17 28 71 65 
68 14 82 18 19 18 70 73 4 16 121 7 0 74 60 30 78 86 75 42 82 21 46 30 15 15 86 67 47 53 77 82 50 74 78 44 81 78 43 85 59 113 90 14 55 29 10 29 78 68 
13 87 33 61 56 60 35 39 71 79 47 70 74 0 44 50 13 12 15 53 43 54 39 62 61 61 18 8 54 39 33 68 27 47 21 39 35 6 41 31 15 39 25 71 20 48 81 49 51 17 
31 72 74 43 51 57 70 75 60 73 82 53 60 44 0 31 37 50 56 68 81 50 57 69 46 45 62 44 73 63 22 28 27 14 63 56 75 44 19 73 38 71 42 66 32 33 70 53 18 54 
41 42 69 13 22 28 60 65 30 43 97 23 30 50 31 0 51 62 56 45 73 22 39 41 15 15 66 45 50 47 47 55 24 44 61 37 69 54 13 70 37 87 62 36 30 6 40 27 49 51 
10 92 45 63 62 66 48 52 76 86 46 73 78 13 37 51 0 14 28 63 56 60 49 71 64 64 28 19 65 50 21 57 28 36 34 49 48 9 39 43 22 36 13 77 24 50 86 57 40 30 
21 100 36 73 68 72 43 46 83 92 35 81 86 12 50 62 14 0 21 64 48 66 51 74 73 73 17 20 65 50 35 71 38 50 25 51 39 8 51 33 27 27 19 83 32 59 93 61 53 27 
26 88 18 65 56 58 22 25 71 77 49 72 75 15 56 56 28 21 0 46 28 54 33 57 64 64 12 12 46 30 48 82 34 61 7 33 20 19 49 17 20 44 39 69 27 52 81 47 65 7 
55 53 45 44 27 24 31 34 38 37 95 44 42 53 68 45 63 64 46 0 41 26 14 14 41 41 57 45 5 16 74 96 43 80 46 14 43 59 51 49 41 89 77 31 42 40 44 18 85 39 
54 93 12 78 63 63 13 8 77 78 65 81 82 43 81 73 56 48 28 41 0 62 36 56 75 76 32 39 38 29 76 108 56 88 23 38 9 48 70 16 43 64 66 71 50 68 85 53 92 28 
49 34 61 18 2 7 49 53 18 26 101 19 21 54 50 22 60 66 54 26 62 0 25 20 15 15 65 47 31 33 63 76 32 63 57 24 61 59 31 64 39 93 72 18 35 17 27 9 68 47 
41 58 37 42 27 28 24 28 42 45 82 45 46 39 57 39 49 51 33 14 36 25 0 24 39 40 44 31 17 8 61 85 31 68 35 2 36 45 41 40 27 76 63 37 29 33 50 17 73 26 
62 39 59 36 20 14 45 48 26 23 107 33 30 62 69 41 71 74 57 14 56 20 24 0 32 33 69 55 18 29 78 96 47 81 59 24 57 68 50 63 49 100 84 17 48 37 30 16 86 50 
54 28 74 4 14 18 63 67 15 28 108 9 15 61 46 15 64 73 64 41 75 15 39 32 0 1 75 55 46 47 62 69 36 59 69 38 74 65 29 76 47 100 76 22 41 15 24 23 64 58 
54 28 74 3 14 19 63 68 15 29 109 9 15 61 45 15 64 73 64 41 76 15 40 33 1 0 75 55 47 48 62 68 36 59 69 38 74 66 28 77 47 100 76 23 42 15 25 24 63 58 
31 99 21 75 67 70 30 32 83 89 38 83 86 18 62 66 28 17 12 57 32 65 44 69 75 75 0 20 57 41 49 85 43 64 11 45 24 19 58 17 29 34 35 80 36 62 92 59 68 19 
15 81 30 55 49 52 29 34 64 72 54 63 67 8 44 45 19 20 12 45 39 47 31 55 55 55 20 0 47 31 37 70 22 49 19 31 32 14 37 29 8 46 32 63 16 42 74 42 54 12 
58 57 43 49 32 29 29 31 43 41 95 49 47 54 73 50 65 65 46 5 38 31 17 18 46 47 57 47 0 16 77 101 47 84 46 17 41 60 55 47 44 90 79 35 45 45 48 23 89 39 
43 65 30 50 35 35 17 20 49 51 79 52 53 39 63 47 50 50 30 16 29 33 8 29 47 48 41 31 16 0 64 91 36 73 30 10 29 45 48 34 29 74 64 44 33 41 57 24 78 23 
22 90 66 60 64 70 66 71 76 88 62 71 77 33 22 47 21 35 48 74 76 63 61 78 62 62 49 37 77 64 0 36 32 16 54 60 68 30 34 64 35 51 21 80 32 48 86 63 19 48 
55 92 99 65 77 83 97 102 83 97 96 75 82 68 28 55 57 71 82 96 108 76 85 96 69 68 85 70 101 91 36 0 55 21 88 84 101 66 46 98 65 85 56 91 59 59 92 80 17 81 
18 63 49 35 34 39 44 49 48 58 73 45 50 27 27 24 28 38 34 43 56 32 31 47 36 36 43 22 47 36 32 55 0 37 40 30 50 30 15 50 14 64 40 50 7 22 58 31 42 30 
34 86 79 56 65 71 77 82 74 87 77 67 74 47 14 44 36 50 61 80 88 63 68 81 59 59 64 49 84 73 16 21 37 0 67 66 81 45 32 77 45 67 37 80 40 47 84 66 5 60 
33 91 12 70 59 61 19 21 75 80 49 76 78 21 63 61 34 25 7 46 23 57 35 59 69 69 11 19 46 30 54 88 40 67 0 36 14 25 55 10 26 45 44 71 33 57 84 50 72 11 
40 57 38 40 26 26 25 29 40 44 83 43 44 39 56 37 49 51 33 14 38 24 2 24 38 38 45 31 17 10 60 84 30 66 36 0 37 45 39 41 27 76 62 36 28 32 49 15 71 26 
46 93 3 75 63 63 12 11 77 80 58 80 81 35 75 69 48 39 20 43 9 61 36 57 74 74 24 32 41 29 68 101 50 81 14 37 0 39 65 8 37 56 58 72 44 64 85 52 85 21 
13 92 37 65 61 65 41 44 76 85 43 74 78 6 44 54 9 8 19 59 48 59 45 68 65 66 19 14 60 45 30 66 30 45 25 45 39 0 43 34 20 34 19 76 24 51 86 55 49 23 
30 56 64 26 33 39 58 63 43 55 86 37 43 41 19 13 39 51 49 51 70 31 41 50 29 28 58 37 55 48 34 46 15 32 55 39 65 43 0 65 30 76 49 48 22 15 53 35 37 45 
43 97 5 78 66 67 18 18 81 85 50 83 85 31 73 70 43 33 17 49 16 64 40 63 76 77 17 29 47 34 64 98 50 77 10 41 8 34 65 0 36 48 52 77 43 66 90 56 82 20 
14 73 36 47 41 45 32 37 57 65 62 55 59 15 38 37 22 27 20 41 43 39 27 49 47 47 29 8 44 29 35 65 14 45 26 27 37 20 30 36 0 54 36 56 8 34 67 35 50 16 
46 126 53 99 95 99 64 65 110 118 11 108 113 39 71 87 36 27 44 89 64 93 76 100 100 100 34 46 90 74 51 85 64 67 45 76 56 34 76 48 54 0 30 110 58 85 120 88 69 51 
23 103 55 74 74 79 60 63 88 99 41 84 90 25 42 62 13 19 39 77 66 72 63 84 76 76 35 32 79 64 21 56 40 37 44 62 58 19 49 52 36 30 0 90 37 61 99 70 39 42 
67 22 73 26 16 11 60 63 10 9 117 19 14 71 66 36 77 83 69 31 71 18 37 17 22 23 80 63 35 44 80 91 50 80 71 36 72 76 48 77 56 110 90 0 53 33 13 22 84 62 
14 68 43 41 38 42 38 43 52 62 67 50 55 20 32 30 24 32 27 42 50 35 29 48 41 42 36 16 45 33 32 59 7 40 33 28 44 24 22 43 8 58 37 53 0 27 62 33 45 24 
40 42 64 14 18 24 55 59 28 40 94 23 29 48 33 6 50 59 52 40 68 17 33 37 15 15 62 42 45 41 48 59 22 47 57 32 64 51 15 66 34 85 61 33 27 0 38 22 51 46 
76 9 86 27 25 23 73 77 10 9 128 17 10 81 70 40 86 93 81 44 85 27 50 30 24 25 92 74 48 57 86 92 58 84 84 49 85 86 53 90 67 120 99 13 62 38 0 34 88 74 
47 41 53 26 10 11 41 45 25 30 95 28 29 49 53 27 57 61 47 18 53 9 17 16 23 24 59 42 23 24 63 80 31 66 50 15 52 55 35 56 35 88 70 22 33 22 34 0 70 40 
39 89 83 60 69 75 82 87 78 91 79 71 78 51 18 49 40 53 65 85 92 68 73 86 64 63 68 54 89 78 19 17 42 5 72 71 85 49 37 82 50 69 39 84 45 51 88 70 0 65 
26 81 19 59 49 51 18 22 64 70 56 65 68 17 54 51 30 27 7 39 28 47 26 50 58 58 19 12 39 23 48 81 30 60 11 26 21 23 45 20 16 51 42 62 24 46 74 40 65 0 
0 1000
1540 2174
2356 3319
1838 1903
569 583
3303 3588
428 1389
4545 5460
4709 5152
4980 5103
4425 4964
2254 2412
2726 3422
3948 4244
681 1592
5115 6029
2482 2778
2137 2385
3633 4000
1717 1777
3203 4156
307 546
3520 3540
908 1149
3075 3116
1617 2536
1126 1468
2577 2865
461 631
4648 4985
1040 1455
2962 3261
3744 4283
3447 3795
3851 4344
1915 2768
191 244
752 1545
2057 2858
4051 5020
2569 2967
87 482
1410 2248
1990 2489
4274 5192
1268 1797
4194 5108
2808 3739
4864 4886
984 1515
30.19803834639526 95.62633778188466 54.80154021663056 67.9714224845753 76.49587658893837 82.34197263603156 64.93441876786748 66.91535592723424 86.02018524914145 99.25052818725464 1.1039297941946247 78.51967056777195 85.62830181862694 33.06261545247775 25.852377295200345 56.43973780361205 21.81127989641576 22.734348461181032 43.728250788606694 84.932891559927 66.10377426139313 74.96983973470768 70.96125743362137 91.17868275745514 71.42226657621063 70.9272270113546 35.16067947804022 40.58434353746351 87.1566169407473 71.86289915947174 12.811410469438655 3.6788464605811644 44.392558525483274 12.223496660793565 46.48308033493429 70.5634721504133 57.92628349438076 26.953245464707297 44.038572968403585 50.41914295571923 43.86504530659773 2.1160092195164792 8.397076324654428 91.8573156954538 43.4576586290577 59.04647466718992 95.24772241673519 75.45608633951004 7.853125590409082 49.3383828395933 
48.00370957747751 96.22847367103948 11.080135893553866 85.43841833525796 70.51013281807354 68.92636420690292 20.67861434766537 16.228435488638336 82.68749435962344 78.95852603028345 0.5280815430124597 87.84281495888249 87.07470159023225 35.253491740573665 78.71193986116432 79.90838373387295 42.05886884397554 28.43922481097758 25.37558148820439 44.792535929920284 7.885355839918661 68.88147068731297 43.83999671685319 57.634978809403826 83.1483190592164 83.68517570930129 17.576660137430732 37.26669955144526 39.99479597046046 35.87412893049839 61.53326488564812 96.36019081674016 59.22839366903266 77.17342626141198 19.27771385280972 45.394554059521916 10.790775981465995 35.06324480215511 74.60037609228742 9.889645315842987 45.048521487246575 11.388113052658454 40.78376635158655 74.53505218323834 52.545609214099755 75.06240083957539 87.41596140897211 60.07327701198471 79.69589455398956 29.74402346576388 