50
0 44 24 18 65 71 19 26 28 30 23 31 25 32 82 49 17 60 72 63 35 33 41 80 29 60 81 32 82 74 62 61 6 48 31 43 27 32 82 33 61 68 25 77 50 17 50 40 41 18 
44 0 24 63 73 82 51 26 41 36 35 17 64 38 41 55 61 58 46 19 10 74 69 77 16 42 58 27 51 77 35 62 49 30 36 68 41 77 61 54 46 28 21 78 26 60 59 36 7 32 
24 24 0 41 74 81 27 22 19 32 12 19 47 19 65 55 40 63 63 42 16 56 59 84 14 39 74 11 71 81 52 66 27 27 17 59 34 55 76 46 57 51 3 83 27 37 58 23 19 21 
18 63 41 0 71 75 24 43 39 44 37 49 20 45 100 58 5 70 87 81 53 20 40 89 47 74 96 48 98 80 78 70 14 64 44 44 39 14 96 39 75 85 43 85 66 8 57 54 59 34 
65 73 74 71 0 9 84 52 90 42 83 59 53 92 81 19 66 18 50 81 67 61 34 21 63 111 50 85 61 10 51 12 69 98 90 29 40 75 46 33 36 70 72 15 96 77 16 97 77 54 
71 82 81 75 9 0 90 60 96 49 89 67 56 99 90 27 70 26 58 89 75 63 36 24 71 119 57 92 69 12 60 21 74 106 97 31 47 78 53 38 44 79 79 17 104 81 23 104 85 61 
19 51 27 24 84 90 0 41 16 47 18 43 40 22 92 68 26 79 87 69 43 44 59 99 39 51 97 28 96 93 76 80 16 42 22 61 46 36 98 52 78 78 30 96 46 16 69 31 45 34 
26 26 22 43 52 60 41 0 40 11 32 9 39 41 58 33 39 41 46 42 17 50 43 62 12 59 56 33 56 59 36 44 31 46 38 42 15 55 57 28 37 43 19 61 45 43 37 45 27 8 
28 41 19 39 90 96 16 40 0 49 7 38 52 6 82 71 40 81 82 58 35 58 68 101 33 35 93 15 90 97 71 83 28 26 7 70 49 52 95 59 76 69 23 100 30 32 74 15 34 36 
30 36 32 44 42 49 47 11 49 0 42 19 35 51 61 23 39 32 44 49 27 46 34 52 22 70 52 43 55 48 35 34 35 57 48 32 6 55 52 18 32 47 30 51 56 46 26 55 37 13 
23 35 12 37 83 89 18 32 7 42 0 31 48 10 76 64 38 73 75 52 28 55 63 94 26 37 86 11 83 90 64 76 24 26 8 64 42 51 88 52 69 63 15 93 29 31 67 17 29 29 
31 17 19 49 59 67 43 9 38 19 31 0 48 38 51 40 46 46 44 33 8 59 52 66 5 52 55 28 53 65 33 50 37 39 35 51 24 63 57 37 38 36 16 66 37 48 44 40 18 16 
25 64 47 20 53 56 40 39 52 35 48 48 0 57 96 42 15 55 77 81 54 12 20 72 48 85 84 56 89 62 70 53 25 73 56 25 29 23 83 23 63 81 47 67 74 27 41 66 62 31 
32 38 19 45 92 99 22 41 6 51 10 38 57 0 79 74 46 82 82 54 34 63 73 103 33 29 93 12 88 99 70 85 33 21 3 74 52 58 95 62 77 67 22 102 25 38 76 9 31 38 
82 41 65 100 81 90 92 58 82 61 76 51 96 79 0 68 97 64 32 25 49 107 93 74 54 73 39 67 25 81 30 69 88 66 76 90 67 113 44 78 45 15 62 78 61 99 73 75 47 66 
49 55 55 58 19 27 68 33 71 23 64 40 42 74 68 0 53 13 41 64 48 52 29 31 44 92 45 66 53 26 38 12 53 79 71 24 22 65 43 19 25 56 53 29 77 62 5 78 58 35 
17 61 40 5 66 70 26 39 40 39 38 46 15 46 97 53 0 65 83 79 51 18 35 84 45 74 91 47 94 75 74 65 13 64 45 39 35 16 91 34 71 82 41 80 66 12 52 55 58 31 
60 58 63 70 18 26 79 41 81 32 73 46 55 82 64 13 65 0 33 64 53 65 40 21 51 98 34 73 45 19 34 6 65 85 80 35 33 77 32 32 18 52 60 20 83 74 15 86 63 45 
72 46 63 87 50 58 87 46 82 44 75 44 77 82 32 41 83 33 0 42 48 89 69 42 49 87 12 70 12 49 12 39 77 76 79 65 49 98 15 56 16 26 60 46 72 89 45 81 53 54 
63 19 42 81 81 89 69 42 58 49 52 33 81 54 25 64 79 64 42 0 28 92 83 80 34 49 53 43 42 83 33 69 68 41 52 81 55 95 57 68 48 17 40 82 36 78 69 50 24 49 
35 10 16 53 67 75 43 17 35 27 28 8 54 34 49 48 51 53 48 28 0 64 59 73 6 45 59 23 54 72 36 57 40 32 31 59 32 67 61 45 44 35 13 73 30 50 52 34 10 22 
33 74 56 20 61 63 44 50 58 46 55 59 12 63 107 52 18 65 89 92 64 0 27 81 58 92 95 64 100 71 81 63 31 81 63 32 41 15 94 34 75 92 57 76 83 28 51 72 72 42 
41 69 59 40 34 36 59 43 68 34 63 52 20 73 93 29 35 40 69 83 59 27 0 54 54 98 73 69 81 44 64 37 43 85 71 5 28 42 71 15 54 79 58 49 85 47 26 80 69 38 
80 77 84 89 21 24 99 62 101 52 94 66 72 103 74 31 84 21 42 80 73 81 54 0 71 118 36 94 50 12 47 19 85 105 100 49 53 94 32 50 32 66 81 7 102 93 31 106 82 66 
29 16 14 47 63 71 39 12 33 22 26 5 48 33 54 44 45 51 49 34 6 58 54 71 0 48 60 23 57 69 37 54 34 35 31 53 26 61 62 39 43 39 11 71 33 45 48 35 16 16 
60 42 39 74 111 119 51 59 35 70 37 52 85 29 73 92 74 98 87 49 45 92 98 118 48 0 99 29 90 117 76 102 61 13 29 98 73 87 102 85 87 65 40 118 15 67 95 20 36 60 
81 58 74 96 50 57 97 56 93 52 86 55 84 93 39 45 91 34 12 53 59 95 73 36 60 99 0 82 14 46 23 39 87 88 90 69 57 106 5 62 21 36 71 42 84 98 48 93 64 64 
32 27 11 48 85 92 28 33 15 43 11 28 56 12 67 66 47 73 70 43 23 64 69 94 23 29 82 0 77 91 59 76 34 17 9 70 45 62 84 57 66 55 13 93 18 42 69 12 20 32 
82 51 71 98 61 69 96 56 90 55 83 53 89 88 25 53 94 45 12 42 54 100 81 50 57 90 14 77 0 59 20 50 87 80 85 77 60 109 19 68 27 25 67 55 76 99 57 87 58 64 
74 77 81 80 10 12 93 59 97 48 90 65 62 99 81 26 75 19 49 83 72 71 44 12 69 117 46 91 59 0 52 15 78 104 97 39 48 85 42 42 36 71 78 6 102 86 24 103 82 61 
62 35 52 78 51 60 76 36 71 35 64 33 70 70 30 38 74 34 12 33 36 81 64 47 37 76 23 59 20 52 0 39 67 65 67 60 41 89 26 50 16 19 48 50 61 79 43 70 41 44 
61 62 66 70 12 21 80 44 83 34 76 50 53 85 69 12 65 6 39 69 57 63 37 19 54 102 39 76 50 15 39 0 65 89 82 32 34 76 36 31 24 58 63 17 87 74 12 89 67 47 
6 49 27 14 69 74 16 31 28 35 24 37 25 33 88 53 13 65 77 68 40 31 43 85 34 61 87 34 87 78 67 65 0 51 32 45 32 28 87 36 67 73 29 82 53 11 54 42 46 23 
48 30 27 64 98 106 42 46 26 57 26 39 73 21 66 79 64 85 76 41 32 81 85 105 35 13 88 17 80 104 65 89 51 0 20 85 60 77 91 72 75 56 28 105 5 57 83 12 24 47 
31 36 17 44 90 97 22 38 7 48 8 35 56 3 76 71 45 80 79 52 31 63 71 100 31 29 90 9 85 97 67 82 32 20 0 72 49 58 92 60 74 64 20 99 24 38 74 10 29 36 
43 68 59 44 29 31 61 42 70 32 64 51 25 74 90 24 39 35 65 81 59 32 5 49 53 98 69 70 77 39 60 32 45 85 72 0 27 46 67 14 49 76 58 44 85 51 21 81 69 38 
27 41 34 39 40 47 46 15 49 6 42 24 29 52 67 22 35 33 49 55 32 41 28 53 26 73 57 45 60 48 41 34 32 60 49 27 0 49 56 13 36 53 32 51 59 42 24 57 42 13 
32 77 55 14 75 78 36 55 52 55 51 63 23 58 113 65 16 77 98 95 67 15 42 94 61 87 106 62 109 85 89 76 28 77 58 46 49 0 105 46 85 98 57 90 80 20 64 67 73 47 
82 61 76 96 46 53 98 57 95 52 88 57 83 95 44 43 91 32 15 57 61 94 71 32 62 102 5 84 19 42 26 36 87 91 92 67 56 105 0 60 20 40 72 38 87 98 46 95 67 64 
33 54 46 39 33 38 52 28 59 18 52 37 23 62 78 19 34 32 56 68 45 34 15 50 39 85 62 57 68 42 50 31 36 72 60 14 13 46 60 0 41 64 44 46 72 44 18 68 55 25 
61 46 57 75 36 44 78 37 76 32 69 38 63 77 45 25 71 18 16 48 44 75 54 32 43 87 21 66 27 36 16 24 67 75 74 49 36 85 20 41 0 35 54 35 72 77 30 78 52 44 
68 28 51 85 70 79 78 43 69 47 63 36 81 67 15 56 82 52 26 17 35 92 79 66 39 65 36 55 25 71 19 58 73 56 64 76 53 98 40 64 35 0 48 69 51 84 60 64 35 51 
25 21 3 43 72 79 30 19 23 30 15 16 47 22 62 53 41 60 60 40 13 57 58 81 11 40 71 13 67 78 48 63 29 28 20 58 32 57 72 44 54 48 0 80 28 39 56 25 17 20 
77 78 83 85 15 17 96 61 100 51 93 66 67 102 78 29 80 20 46 82 73 76 49 7 71 118 42 93 55 6 50 17 82 105 99 44 51 90 38 46 35 69 80 0 103 90 28 106 83 64 
50 26 27 66 96 104 46 45 30 56 29 37 74 25 61 77 66 83 72 36 30 83 85 102 33 15 84 18 76 102 61 87 53 5 24 85 59 80 87 72 72 51 28 103 0 60 81 17 20 47 
17 60 37 8 77 81 16 43 32 46 31 48 27 38 99 62 12 74 89 78 50 28 47 93 45 67 98 42 99 86 79 74 11 57 38 51 42 20 98 44 77 84 39 90 60 0 62 47 56 35 
50 59 58 57 16 23 69 37 74 26 67 44 41 76 73 5 52 15 45 69 52 51 26 31 48 95 48 69 57 24 43 12 54 83 74 21 24 64 46 18 30 60 56 28 81 62 0 81 62 38 
40 36 23 54 97 104 31 45 15 55 17 40 66 9 75 78 55 86 81 50 34 72 80 106 35 20 93 12 87 103 70 89 42 12 10 81 57 67 95 68 78 64 25 106 17 47 81 0 29 44 
41 7 19 59 77 85 45 27 34 37 29 18 62 31 47 58 58 63 53 24 10 72 69 82 16 36 64 20 58 82 41 67 46 24 29 69 42 73 67 55 52 35 17 83 20 56 62 29 0 32 
18 32 21 34 54 61 34 8 36 13 29 16 31 38 66 35 31 45 54 49 22 42 38 66 16 60 64 32 64 61 44 47 23 47 36 38 13 47 64 25 44 51 20 64 47 35 38 44 32 0 
0 1000
4017 4280
2534 2695
4162 4817
1101 1120
370 1227
703 1133
3576 3868
980 1608
622 1224
2689 3262
2320 3150
1916 1999
2203 2679
4639 5414
1788 2507
1636 1717
1504 2384
90 261
3725 3841
4369 5135
4779 5271
1284 1948
3470 3989
2050 2813
543 700
1184 1496
275 1111
877 1655
147 975
2826 3622
2600 2666
4463 4993
2984 3339
3633 3826
1975 2590
3399 3727
3089 3273
2880 3292
2440 3253
4278 4834
3251 4064
3605 3667
3853 4422
3682 4446
2107 2501
189 1060
4902 5210
1387 2285
1328 1491
35.41672589338602 75.3285561375389 58.922807548949784 19.057256413784618 16.127962888700942 8.066814890108198 41.20919615107766 49.085686081918865 57.37786901866075 41.10825542273518 56.45851657736992 58.453810602464195 12.29163477539068 63.14245765980343 96.94456420551421 28.859217415424343 19.218069260014147 33.655163163967806 66.51865370053406 90.33159353241508 65.3791175071311 2.8384564636970255 7.192418553653146 27.618667727030953 59.37524784245276 92.19377333674517 63.86679022302184 66.65419906922533 77.03644052535691 18.291650456986087 66.6513319386335 28.064561274229483 32.470412764848334 82.73012122035452 63.101219447294085 9.379570183295149 35.501969804531605 5.426136271083825 59.573730485324774 22.642484638315242 51.96782731368963 84.36483822024465 59.548626652845414 21.89948229425428 85.06314678760258 25.442156546062577 24.268152126517585 72.42930668800989 74.5755397052369 43.11297457147298 
19.12772572982071 38.66589351895319 21.240490121445255 10.596797581146134 81.58462474331637 84.73348021441515 0.8987451303723248 40.983978352721095 2.1256920710475358 48.37611441380536 9.539589025654083 40.27733522415742 28.963228946728503 2.459741449922226 73.68867849904579 67.49968045616211 15.60734555746498 79.18562859638457 83.94930096473531 49.57200502597598 36.303973680912705 21.97387816895221 48.61855568658029 98.89752259709127 35.54596930952674 0.7191427430133901 95.22778992119386 13.603814849583863 89.4521458710946 90.90178093544424 72.3100602846505 79.54214503334998 14.4194233100417 9.489653479414727 5.2364433392738 53.34703489157203 46.31592968292654 7.0714241041654695 97.10234494501215 49.38066589288842 78.16924204879751 65.66063318917604 24.61218144458116 95.37498997590079 14.285116543128174 5.452609888818893 67.79633761466101 2.6974640923593474 31.801563812963842 35.18742163425732 