50
0 57 93 25 12 50 27 29 52 76 39 78 59 48 20 43 43 44 40 23 74 8 31 13 48 50 81 50 86 42 64 49 79 57 11 87 35 4 46 35 15 46 20 10 48 84 42 63 60 58 
57 0 89 35 62 10 30 32 68 80 46 71 17 88 41 16 31 40 77 43 22 65 36 64 21 101 52 13 37 91 88 61 31 73 57 81 31 59 53 37 44 81 67 61 9 66 40 81 75 101 
93 89 0 78 105 94 84 97 43 19 56 18 73 68 98 95 63 55 65 103 80 94 105 85 70 93 45 77 75 83 44 44 73 38 82 8 70 96 48 109 95 61 80 86 88 28 117 38 36 75 
25 35 78 0 35 31 7 20 43 63 22 60 34 55 21 26 19 23 44 26 49 32 28 30 23 67 57 25 61 56 61 38 54 49 23 71 10 29 31 32 19 49 32 27 26 63 40 56 52 67 
12 62 105 35 0 55 35 31 64 88 51 90 67 57 22 47 54 56 50 22 82 14 31 23 57 54 92 58 95 49 75 61 88 69 23 100 45 9 58 33 19 57 30 21 53 96 39 74 72 66 
50 10 94 31 55 0 25 23 69 84 47 76 25 86 33 8 33 43 75 34 32 59 27 59 25 97 59 17 47 87 89 63 41 74 52 86 30 53 55 28 36 80 63 56 6 72 31 83 77 98 
27 30 84 7 35 25 0 13 50 70 29 66 33 62 16 19 23 29 51 21 47 35 21 34 23 72 60 23 60 62 68 45 53 56 28 77 14 30 38 25 16 56 38 31 21 68 33 63 59 74 
29 32 97 20 31 23 13 0 63 83 42 79 40 71 10 16 35 42 61 11 53 37 8 39 33 78 71 30 67 69 80 58 60 69 34 90 27 30 51 12 14 67 45 36 23 80 20 76 72 83 
52 68 43 43 64 69 50 63 0 25 22 32 56 31 61 66 37 28 24 66 71 52 70 43 47 55 52 55 74 44 20 7 69 6 41 39 39 55 15 74 57 22 37 44 63 44 83 13 9 42 
76 80 19 63 88 84 70 83 25 0 41 16 66 50 83 83 51 42 46 88 76 76 91 67 60 75 46 68 75 65 27 27 71 20 65 17 56 79 32 95 79 42 61 68 78 31 103 20 17 58 
39 46 56 22 51 47 29 42 22 41 0 39 36 44 42 44 16 8 33 48 52 43 50 35 26 63 45 33 59 51 42 16 52 28 30 49 17 42 9 54 39 36 33 35 41 45 62 36 31 57 
78 71 18 60 90 76 66 79 32 16 39 0 55 61 81 76 45 37 56 86 63 80 87 72 51 86 31 59 60 75 42 31 57 29 68 10 52 81 32 91 78 53 67 72 70 15 99 33 28 71 
59 17 73 34 67 25 33 40 56 66 36 55 0 80 48 28 21 29 69 51 16 66 47 63 12 97 35 10 28 86 77 50 21 60 56 65 26 62 42 49 49 72 64 61 20 49 54 69 62 93 
48 88 68 55 57 86 62 71 31 50 44 61 80 0 65 81 59 52 11 70 96 44 77 35 69 25 82 76 102 16 25 35 96 32 39 67 57 49 41 81 60 9 28 38 81 74 89 30 33 13 
20 41 98 21 22 33 16 10 61 83 42 81 48 65 0 25 39 44 56 5 61 28 12 32 39 70 77 38 75 62 77 56 68 67 27 91 30 21 51 16 5 62 38 29 32 83 24 74 70 76 
43 16 95 26 47 8 19 16 66 83 44 76 28 81 25 0 32 41 70 27 38 51 20 52 25 90 63 20 53 81 85 60 47 72 46 87 27 45 52 21 29 75 56 49 9 74 25 80 74 93 
43 31 63 19 54 33 23 35 37 51 16 45 21 59 39 32 0 9 48 44 37 49 43 44 10 76 39 18 46 65 57 30 39 42 38 55 9 47 22 47 37 51 44 42 27 45 54 50 44 72 
44 40 55 23 56 43 29 42 28 42 8 37 29 52 44 41 9 0 41 49 44 49 50 42 19 71 37 27 51 59 48 21 44 32 37 48 15 48 13 54 42 44 41 42 36 40 62 41 35 65 
40 77 65 44 50 75 51 61 24 46 33 56 69 11 56 70 48 41 0 60 85 36 67 27 58 32 74 65 92 20 26 27 86 27 29 62 46 42 31 71 50 7 20 30 70 68 79 28 29 24 
23 43 103 26 22 34 21 11 66 88 48 86 51 70 5 27 44 49 60 0 64 30 9 35 43 73 81 41 78 65 82 62 71 72 31 97 35 23 56 12 10 67 42 32 34 89 20 79 75 81 
74 22 80 49 82 32 47 53 71 76 52 63 16 96 61 38 37 44 85 64 0 82 58 79 28 113 37 24 15 102 90 64 10 74 72 72 42 77 56 59 63 88 80 77 30 54 63 82 76 109 
8 65 94 32 14 59 35 37 52 76 43 80 66 44 28 51 49 49 36 30 82 0 39 9 55 42 86 57 93 36 62 50 86 57 12 89 41 7 48 43 23 43 16 8 56 87 50 62 60 52 
31 36 105 28 31 27 21 8 70 91 50 87 47 77 12 20 43 50 67 9 58 39 0 43 41 81 79 37 73 73 87 65 66 76 39 98 36 32 59 4 17 73 50 40 28 88 13 83 79 88 
13 64 85 30 23 59 34 39 43 67 35 72 63 35 32 52 44 42 27 35 79 9 43 0 51 38 80 55 89 30 53 41 83 48 7 80 37 14 40 47 26 34 7 3 55 80 55 52 51 45 
48 21 70 23 57 25 23 33 47 60 26 51 12 69 39 25 10 19 58 43 28 55 41 51 0 85 38 8 39 74 67 40 32 52 44 62 14 51 32 43 39 61 52 49 19 49 50 60 54 82 
50 101 93 67 54 97 72 78 55 75 63 86 97 25 70 90 76 71 32 73 113 42 81 38 85 0 105 91 122 12 50 59 115 57 45 92 72 49 63 85 64 33 34 42 93 99 92 56 59 21 
81 52 45 57 92 59 60 71 52 46 45 31 35 82 77 63 39 37 74 81 37 86 79 80 38 105 0 43 30 93 68 47 28 53 74 37 47 85 43 82 76 74 78 79 54 18 88 59 53 94 
50 13 77 25 58 17 23 30 55 68 33 59 10 76 38 20 18 27 65 41 24 57 37 55 8 91 43 0 37 80 75 48 30 60 48 69 19 53 40 39 39 69 57 53 11 55 45 68 62 89 
86 37 75 61 95 47 60 67 74 75 59 60 28 102 75 53 46 51 92 78 15 93 73 89 39 122 30 37 0 110 93 68 7 76 83 67 52 89 61 74 76 94 90 87 44 48 78 84 78 115 
42 91 83 56 49 87 62 69 44 65 51 75 86 16 62 81 65 59 20 65 102 36 73 30 74 12 93 80 110 0 40 47 104 46 35 81 61 43 51 77 56 23 24 33 83 87 85 45 48 18 
64 88 44 61 75 89 68 80 20 27 42 42 77 25 77 85 57 48 26 82 90 62 87 53 67 50 68 75 93 40 0 27 88 17 53 44 59 66 35 92 72 20 46 55 83 56 100 9 15 31 
49 61 44 38 61 63 45 58 7 27 16 31 50 35 56 60 30 21 27 62 64 50 65 41 40 59 47 48 68 47 27 0 62 11 39 39 33 52 8 69 53 27 37 42 57 41 78 20 14 47 
79 31 73 54 88 41 53 60 69 71 52 57 21 96 68 47 39 44 86 71 10 86 66 83 32 115 28 30 7 104 88 62 0 71 76 65 45 82 55 68 69 88 83 81 38 46 72 79 73 109 
57 73 38 49 69 74 56 69 6 20 28 29 60 32 67 72 42 32 27 72 74 57 76 48 52 57 53 60 76 46 17 11 71 0 46 35 44 60 20 80 63 24 42 49 68 43 89 8 3 42 
11 57 82 23 23 52 28 34 41 65 30 68 56 39 27 46 38 37 29 31 72 12 39 7 44 45 74 48 83 35 53 39 76 46 0 77 31 14 36 43 22 36 11 5 49 75 51 52 49 49 
87 81 8 71 100 86 77 90 39 17 49 10 65 67 91 87 55 48 62 97 72 89 98 80 62 92 37 69 67 81 44 39 65 35 77 0 62 91 42 102 88 59 75 81 80 19 109 37 33 75 
35 31 70 10 45 30 14 27 39 56 17 52 26 57 30 27 9 15 46 35 42 41 36 37 14 72 47 19 52 61 59 33 45 44 31 62 0 38 25 39 29 50 38 35 25 53 47 52 47 70 
4 59 96 29 9 53 30 30 55 79 42 81 62 49 21 45 47 48 42 23 77 7 32 14 51 49 85 53 89 43 66 52 82 60 14 91 38 0 49 36 16 48 22 12 50 87 43 65 63 59 
46 53 48 31 58 55 38 51 15 32 9 32 42 41 51 52 22 13 31 56 56 48 59 40 32 63 43 40 61 51 35 8 55 20 36 42 25 49 0 63 47 32 36 40 49 40 71 28 22 54 
35 37 109 32 33 28 25 12 74 95 54 91 49 81 16 21 47 54 71 12 59 43 4 47 43 85 82 39 74 77 92 69 68 80 43 102 39 36 63 0 21 77 53 44 30 91 8 88 83 92 
15 44 95 19 19 36 16 14 57 79 39 78 49 60 5 29 37 42 50 10 63 23 17 26 39 64 76 39 76 56 72 53 69 63 22 88 29 16 47 21 0 57 32 23 35 81 29 69 66 71 
46 81 61 49 57 80 56 67 22 42 36 53 72 9 62 75 51 44 7 67 88 43 73 34 61 33 74 69 94 23 20 27 88 24 36 59 50 48 32 77 57 0 27 37 74 66 85 23 25 21 
20 67 80 32 30 63 38 45 37 61 33 67 64 28 38 56 44 41 20 42 80 16 50 7 52 34 78 57 90 24 46 37 83 42 11 75 38 22 36 53 32 27 0 10 59 76 62 46 45 39 
10 61 86 27 21 56 31 36 44 68 35 72 61 38 29 49 42 42 30 32 77 8 40 3 49 42 79 53 87 33 55 42 81 49 5 81 35 12 40 44 23 37 10 0 53 79 52 54 52 48 
48 9 88 26 53 6 21 23 63 78 41 70 20 81 32 9 27 36 70 34 30 56 28 55 19 93 54 11 44 83 83 57 38 68 49 80 25 50 49 30 35 74 59 53 0 67 34 76 71 93 
84 66 28 63 96 72 68 80 44 31 45 15 49 74 83 74 45 40 68 89 54 87 88 80 49 99 18 55 48 87 56 41 46 43 75 19 53 87 40 91 81 66 76 79 67 0 98 47 42 85 
42 40 117 40 39 31 33 20 83 103 62 99 54 89 24 25 54 62 79 20 63 50 13 55 50 92 88 45 78 85 100 78 72 89 51 109 47 43 71 8 29 85 62 52 34 98 0 96 92 100 
63 81 38 56 74 83 63 76 13 20 36 33 69 30 74 80 50 41 28 79 82 62 83 52 60 56 59 68 84 45 9 20 79 8 52 37 52 65 28 88 69 23 46 54 76 47 96 0 6 39 
60 75 36 52 72 77 59 72 9 17 31 28 62 33 70 74 44 35 29 75 76 60 79 51 54 59 53 62 78 48 15 14 73 3 49 33 47 63 22 83 66 25 45 52 71 42 92 6 0 43 
58 101 75 67 66 98 74 83 42 58 57 71 93 13 76 93 72 65 24 81 109 52 88 45 82 21 94 89 115 18 31 47 109 42 49 75 70 59 54 92 71 21 39 48 93 85 100 39 43 0 
0 1000
2109 2521
187 864
2272 3142
391 450
3659 4056
2804 3661
1755 2231
3412 3435
3911 4387
521 1357
889 945
1382 1433
2619 3025
4171 4490
1501 1798
3189 4119
1566 1839
2653 3005
5031 5042
2026 2370
4753 4831
4257 5080
2755 3086
2391 3183
1237 2186
961 1858
4612 5137
2931 3129
3499 4240
4898 5499
3249 3921
1688 2370
3078 3395
4127 4283
4485 4527
4816 5418
4697 5411
573 1413
2225 2540
1089 1411
3375 3598
3787 4175
1867 2373
2455 2776
4393 4674
646 1122
789 1000
272 474
3996 4968
13.552700693394081 53.033859549809726 99.23931385519668 36.62583909590228 2.1371844223583514 43.36195300773912 34.262350038512345 24.735038824652044 57.305604007050526 80.67123695183626 52.06823666979547 88.44746657257393 64.84823859932054 31.81748755043021 18.098741742671407 37.285937135764904 55.50346121283541 57.79285344920352 34.35430853567263 13.988339651154691 75.35677224964404 9.46169945591615 18.09111270509911 17.338140905671263 57.0048827354954 6.950790753732439 94.07087016068563 55.1035768823531 90.3012270487599 16.31790738214265 56.446548092064376 57.94366478723586 84.18818256969772 61.3139639857476 21.780180675476977 96.28401287543082 46.91920427878284 10.004420947222147 57.400530749098166 16.35507011600239 18.51052151575128 38.64660253338944 21.47034505998775 17.398553316583886 46.197490853752534 96.88733504503578 12.756669836308843 61.73252421545211 63.53255408341345 26.91784419478077 
43.022053414205274 2.5230951482618003 78.78786259876563 32.93709273489228 38.47899947332297 2.603670313215578 25.8529857456695 16.675025466316164 70.4289764369133 78.0746454226378 48.615616800167274 63.86863553451604 14.497484104385306 87.60183972046111 23.752790029432713 7.273942620046858 33.469515584291486 42.646047818816335 76.85536106932321 20.149252341097124 2.160439311454454 50.28482515906577 12.009743588416988 55.46793441274372 23.31299205632359 92.51200599256417 33.64808641601805 15.390617862419786 3.982410934486258 85.2890375752309 90.58454560606958 63.79203674842281 7.107776617363381 74.77129195562753 50.42560628092735 70.82691037628986 32.79513765464361 43.16784479486844 55.517702329377286 8.221558214980796 29.114446985368502 81.96769853679513 61.474617848074956 52.285886452474664 8.26062496621639 51.338532715102204 0.558096828613075 83.05158556966553 76.9517350936318 99.60460688892272 