50
0 37 44 35 21 32 23 53 32 27 66 16 11 41 6 74 38 24 48 19 40 53 25 19 23 46 61 72 29 35 53 36 25 35 33 67 54 31 65 35 26 2 60 46 9 28 86 24 68 48 
37 0 7 39 58 60 32 30 45 54 64 52 33 8 34 76 19 37 13 31 21 46 13 56 49 47 26 35 15 40 42 66 48 23 32 37 19 55 58 8 16 39 55 81 28 43 50 22 47 11 
44 7 0 44 64 65 37 28 51 61 67 59 40 6 41 79 20 42 8 36 21 49 19 63 56 51 19 29 19 44 45 72 54 27 37 33 14 60 60 11 23 46 58 88 35 47 43 27 46 5 
35 39 44 0 50 67 51 68 11 28 32 40 43 47 29 40 53 55 52 48 56 18 36 46 25 11 62 62 45 64 20 38 20 17 7 48 44 66 30 45 23 36 24 57 34 61 76 46 39 46 
21 58 64 50 0 24 36 70 43 29 79 10 26 62 26 84 55 35 68 34 58 68 45 5 28 60 81 93 48 44 70 31 33 55 50 88 75 27 80 55 47 19 74 32 30 35 107 42 87 69 
32 60 65 67 24 0 29 60 63 52 98 33 28 61 38 105 50 25 66 29 51 85 48 29 50 78 78 94 46 29 85 55 54 66 65 95 79 6 97 54 56 32 92 55 36 21 108 39 99 70 
23 32 37 51 36 29 0 34 51 50 83 36 12 32 26 92 21 5 37 3 23 66 21 37 45 62 49 65 17 13 65 58 47 44 47 68 50 24 79 25 32 24 75 67 18 11 79 10 75 41 
53 30 28 68 70 60 34 0 73 78 95 69 44 23 53 106 16 36 21 36 13 77 33 70 73 77 25 45 25 32 73 88 73 53 62 59 40 54 88 24 45 55 86 99 45 39 55 29 74 30 
32 45 51 11 43 63 51 73 0 18 36 33 42 53 26 42 57 55 59 48 60 27 40 38 16 17 70 72 49 64 30 27 10 26 16 58 53 62 37 50 29 32 31 47 34 59 86 48 49 54 
27 54 61 28 29 52 50 78 18 0 51 19 38 61 25 55 62 51 67 46 64 44 45 24 5 34 80 85 53 61 48 11 8 40 32 74 67 53 54 56 39 25 48 30 33 55 100 50 67 64 
66 64 67 32 79 98 83 95 36 51 0 68 75 72 60 12 82 87 76 80 84 18 66 74 51 21 83 75 74 95 23 57 45 42 36 54 62 97 10 72 52 67 9 76 66 92 85 76 35 67 
16 52 59 40 10 33 36 69 33 19 68 0 25 57 19 73 53 37 64 34 56 58 40 5 18 49 77 86 45 47 60 23 23 46 41 80 68 34 69 51 40 14 64 31 25 39 101 40 77 63 
11 33 40 43 26 28 12 44 42 38 75 25 0 36 15 83 29 13 42 8 31 59 21 27 34 54 55 68 22 23 59 47 36 39 40 68 52 24 72 30 28 13 67 56 9 18 83 16 72 44 
41 8 6 47 62 61 32 23 53 61 72 57 36 0 39 83 14 36 6 32 15 54 17 60 56 55 20 33 14 38 50 72 55 30 40 39 20 55 65 6 24 44 63 87 32 42 47 22 52 10 
6 34 41 29 26 38 26 53 26 25 60 19 15 39 0 68 37 28 46 22 40 46 22 23 20 40 59 68 29 38 47 34 21 29 27 62 50 37 59 34 21 7 54 48 9 33 83 25 62 45 
74 76 79 40 84 105 92 106 42 55 12 73 83 83 68 0 92 95 87 89 95 30 76 78 56 30 95 87 85 104 35 58 51 53 46 66 74 104 22 83 63 74 21 76 74 101 97 86 46 79 
38 19 20 53 55 50 21 16 57 62 82 53 29 14 37 92 0 25 17 22 3 64 18 55 57 63 28 46 9 25 61 72 57 40 47 53 34 44 76 10 30 40 73 84 29 30 59 13 66 24 
24 37 42 55 35 25 5 36 55 51 87 37 13 36 28 95 25 0 41 7 26 71 26 37 47 66 53 69 22 10 70 59 50 48 51 73 55 19 83 30 37 26 79 66 21 6 83 15 80 46 
48 13 8 52 68 66 37 21 59 67 76 64 42 6 46 87 17 41 0 37 17 57 23 67 62 59 13 28 20 42 53 79 61 35 45 38 19 60 68 13 30 50 66 93 39 47 42 27 53 9 
19 31 36 48 34 29 3 36 48 46 80 34 8 32 22 89 22 7 37 0 24 63 19 35 42 59 50 65 17 16 62 55 44 41 44 67 49 24 76 25 30 21 72 64 14 13 79 10 73 41 
40 21 21 56 58 51 23 13 60 64 84 56 31 15 40 95 3 26 17 24 0 66 20 58 59 65 27 45 12 25 63 75 60 42 50 54 35 45 78 12 33 42 75 87 32 31 58 16 67 25 
53 46 49 18 68 85 66 77 27 44 18 58 59 54 46 30 64 71 57 63 66 0 48 64 42 10 65 59 57 79 6 53 37 24 20 40 44 83 13 54 35 53 9 73 50 76 71 59 24 49 
25 13 19 36 45 48 21 33 40 45 66 40 21 17 22 76 18 26 23 19 20 48 0 44 40 46 37 48 9 32 46 56 40 24 30 48 31 43 60 11 13 27 57 70 15 32 62 12 54 24 
19 56 63 46 5 29 37 70 38 24 74 5 27 60 23 78 55 37 67 35 58 64 44 0 23 55 80 91 48 46 66 26 28 51 46 85 72 32 75 54 44 17 69 30 28 38 105 42 83 67 
23 49 56 25 28 50 45 73 16 5 51 18 34 56 20 56 57 47 62 42 59 42 40 23 0 33 75 81 48 57 45 16 6 36 28 70 62 50 53 51 34 21 47 34 29 51 95 45 64 60 
46 47 51 11 60 78 62 77 17 34 21 49 54 55 40 30 63 66 59 59 65 10 46 55 33 0 69 66 55 75 16 43 27 24 16 48 49 76 20 54 33 46 14 62 45 72 78 56 35 52 
61 26 19 62 81 78 49 25 70 80 83 77 55 20 59 95 28 53 13 50 27 65 37 80 75 69 0 20 33 52 60 91 73 45 55 37 21 72 74 26 42 63 73 106 52 58 31 40 56 17 
72 35 29 62 93 94 65 45 72 85 75 86 68 33 68 87 46 69 28 65 45 59 48 91 81 66 20 0 47 70 53 97 78 46 56 22 19 88 66 39 47 74 66 114 63 75 15 55 43 24 
29 15 19 45 48 46 17 25 49 53 74 45 22 14 29 85 9 22 20 17 12 57 9 48 48 55 33 47 0 25 54 63 48 32 39 51 33 41 69 8 22 32 65 76 21 28 62 7 61 24 
35 40 44 64 44 29 13 32 64 61 95 47 23 38 38 104 25 10 42 16 25 79 32 46 57 75 52 70 25 0 77 69 60 55 59 77 58 23 91 33 44 36 87 76 31 9 83 20 86 48 
53 42 45 20 70 85 65 73 30 48 23 60 59 50 47 35 61 70 53 62 63 6 46 66 45 16 60 53 54 77 0 57 40 22 20 34 39 83 15 50 33 54 14 77 50 75 65 57 19 44 
36 66 72 38 31 55 58 88 27 11 57 23 47 72 34 58 72 59 79 55 75 53 56 26 16 43 91 97 63 69 57 0 19 51 42 85 78 58 61 67 50 34 55 20 43 62 111 59 76 76 
25 48 54 20 33 54 47 73 10 8 45 23 36 55 21 51 57 50 61 44 60 37 40 28 6 27 73 78 48 60 40 19 0 32 24 66 59 54 47 51 32 25 41 38 30 54 92 46 59 57 
35 23 27 17 55 66 44 53 26 40 42 46 39 30 29 53 40 48 35 41 42 24 24 51 36 24 45 46 32 55 22 51 32 0 10 34 27 63 36 30 11 37 33 70 30 54 60 36 33 28 
33 32 37 7 50 65 47 62 16 32 36 41 40 40 27 46 47 51 45 44 50 20 30 46 28 16 55 56 39 59 20 42 24 10 0 43 38 63 32 38 17 34 28 61 31 57 70 40 36 39 
67 37 33 48 88 95 68 59 58 74 54 80 68 39 62 66 53 73 38 67 54 40 48 85 70 48 37 22 51 77 34 85 66 34 43 0 19 91 44 44 41 69 46 104 60 79 31 58 21 29 
54 19 14 44 75 79 50 40 53 67 62 68 52 20 50 74 34 55 19 49 35 44 31 72 62 49 21 19 33 58 39 78 59 27 38 19 0 74 53 25 29 56 52 95 45 61 33 40 35 10 
31 55 60 66 27 6 24 54 62 53 97 34 24 55 37 104 44 19 60 24 45 83 43 32 50 76 72 88 41 23 83 58 54 63 63 91 74 0 95 49 52 30 90 59 33 15 102 34 96 65 
65 58 60 30 80 97 79 88 37 54 10 69 72 65 59 22 76 83 68 76 78 13 60 75 53 20 74 66 69 91 15 61 47 36 32 44 53 95 0 65 47 65 6 81 63 89 75 72 24 59 
35 8 11 45 55 54 25 24 50 56 72 51 30 6 34 83 10 30 13 25 12 54 11 54 51 54 26 39 8 33 50 67 51 30 38 44 25 49 65 0 21 38 63 81 26 36 54 15 55 16 
26 16 23 23 47 56 32 45 29 39 52 40 28 24 21 63 30 37 30 30 33 35 13 44 34 33 42 47 22 44 33 50 32 11 17 41 29 52 47 21 0 28 44 67 20 43 62 24 44 26 
2 39 46 36 19 32 24 55 32 25 67 14 13 44 7 74 40 26 50 21 42 53 27 17 21 46 63 74 32 36 54 34 25 37 34 69 56 30 65 38 28 0 60 44 11 29 88 26 69 50 
60 55 58 24 74 92 75 86 31 48 9 64 67 63 54 21 73 79 66 72 75 9 57 69 47 14 73 66 65 87 14 55 41 33 28 46 52 90 6 63 44 60 0 75 58 85 77 68 28 58 
46 81 88 57 32 55 67 99 47 30 76 31 56 87 48 76 84 66 93 64 87 73 70 30 34 62 106 114 76 76 77 20 38 70 61 104 95 59 81 81 67 44 75 0 55 67 128 71 96 92 
9 28 35 34 30 36 18 45 34 33 66 25 9 32 9 74 29 21 39 14 32 50 15 28 29 45 52 63 21 31 50 43 30 30 31 60 45 33 63 26 20 11 58 55 0 27 78 16 63 39 
28 43 47 61 35 21 11 39 59 55 92 39 18 42 33 101 30 6 47 13 31 76 32 38 51 72 58 75 28 9 75 62 54 54 57 79 61 15 89 36 43 29 85 67 27 0 88 21 86 52 
86 50 43 76 107 108 79 55 86 100 85 101 83 47 83 97 59 83 42 79 58 71 62 105 95 78 31 15 62 83 65 111 92 60 70 31 33 102 75 54 62 88 77 128 78 88 0 69 52 39 
24 22 27 46 42 39 10 29 48 50 76 40 16 22 25 86 13 15 27 10 16 59 12 42 45 56 40 55 7 20 57 59 46 36 40 58 40 34 72 15 24 26 68 71 16 21 69 0 66 31 
68 47 46 39 87 99 75 74 49 67 35 77 72 52 62 46 66 80 53 73 67 24 54 83 64 35 56 43 61 86 19 76 59 33 36 21 35 96 24 55 44 69 28 96 63 86 52 66 0 44 
48 11 5 46 69 70 41 30 54 64 67 63 44 10 45 79 24 46 9 41 25 49 24 67 60 52 17 24 24 48 44 76 57 28 39 29 10 65 59 16 26 50 58 92 39 52 39 31 44 0 
0 1000
3668 4588
1510 2177
4132 4554
649 735
231 450
1343 1711
1682 2387
2534 3114
2967 3705
4364 5270
2640 3408
2168 2211
3193 3836
358 593
4050 4565
1407 1633
2196 3173
795 1371
2414 3199
117 789
1020 1382
1925 2319
3406 4015
543 766
2287 2954
4238 4822
3227 3356
3961 4176
1262 1580
4427 5138
3081 3802
3882 4214
1131 1923
2592 2940
4518 5461
4191 4373
928 1198
2769 2993
3509 4363
3021 3725
1895 1934
417 629
3820 4574
1579 2007
2889 3769
2002 2045
3585 3781
1822 2131
3339 3761
69.40051876106762 41.81725690203801 37.4832514615475 37.311615233855 87.48282241649635 99.99624953490996 73.34401944616403 55.80514866285328 45.56831797426254 62.564504007727294 11.845021981281967 77.51326235126793 72.34657723751337 43.26513029638128 63.53539650834309 11.087579393364788 56.86701422499352 78.41571687343452 39.81441826614843 72.1254848708162 56.921823873791 19.390023008989953 52.959016326123034 82.93178739022883 61.3895585092672 28.756371242075353 31.260978968077524 11.926941852695572 56.57123226703153 81.26141286526575 17.270268501794604 68.67365968353579 55.8815494089597 34.426542143811524 37.10664391567824 5.369634658690325 23.48606847093856 95.99032095088744 8.786185041106332 48.87905269606031 44.39389323239505 70.72747095617713 14.776954750327375 86.97886635476424 63.91503398014669 84.38016187734036 0.48789519453050767 63.3288728969128 1.4441252827913975 33.03149297938357 
47.10591102215511 71.36453975151156 76.71021492749813 32.90109444959668 36.313153687520895 57.34960752224253 69.49694510579634 98.45789981117997 26.259873779109235 21.150550990721094 14.296218862449194 33.288201857453494 57.98750572145652 79.0940298937895 45.64850934597755 2.2765297851080724 82.51237786856392 69.80778021148988 84.58894899297363 66.36698762516579 85.30807272728728 31.041428073382182 65.30776983823542 33.53298976792002 25.981560248759706 26.32939678737738 94.83711763492221 89.68116750511125 73.62022085833956 79.69185332444113 36.742188666745434 11.536242450113255 25.60982393372505 49.9568660306009 39.83486822270738 68.21993006162742 74.95810136029075 62.34994571985407 24.191199496184446 75.90282862908228 55.28190065519071 45.26462598471232 23.328567772553633 4.085954836787353 54.4258156620027 71.30825786624567 99.02579126977247 70.68408190548735 47.5236330477861 78.2975177227059 