50
0 26 13 73 43 56 87 4 30 29 19 57 66 98 66 9 56 40 77 30 47 65 19 27 70 69 78 31 28 77 51 43 67 65 50 59 87 32 76 55 40 43 20 69 67 15 60 15 55 47 
26 0 31 50 29 37 60 26 7 8 9 37 51 78 40 21 44 36 55 43 30 42 27 15 43 45 54 10 18 53 25 40 42 39 54 46 61 27 54 30 19 27 11 42 52 14 42 34 29 28 
13 31 0 70 38 51 89 10 31 36 25 66 76 107 70 10 48 30 85 43 42 63 32 24 71 75 76 31 39 84 53 55 66 70 38 51 89 24 85 55 39 39 21 70 78 25 55 28 55 43 
73 50 70 0 34 21 36 71 44 53 58 60 79 84 33 65 34 48 63 93 29 8 77 46 23 50 6 42 64 55 29 84 13 44 65 33 31 48 64 21 33 32 53 21 77 64 20 83 22 28 
43 29 38 34 0 13 61 40 22 36 34 59 76 95 46 34 15 16 72 69 4 27 53 17 42 59 40 18 47 66 29 68 34 52 36 18 58 15 72 24 12 2 26 40 76 40 17 57 25 7 
56 37 51 21 13 0 51 53 30 43 44 60 78 92 40 47 16 28 69 79 9 14 63 29 33 55 27 27 54 62 26 75 23 49 46 16 48 28 69 18 17 13 37 32 77 50 6 68 20 9 
87 60 89 36 61 51 0 86 58 59 68 46 62 53 21 81 67 77 37 96 57 38 82 66 19 29 32 58 66 28 36 78 28 28 96 67 7 73 39 37 53 59 69 21 59 73 54 92 36 53 
4 26 10 71 40 53 86 0 28 29 18 58 67 99 65 6 53 37 78 34 44 63 22 24 68 69 76 29 30 77 50 46 65 64 47 55 86 28 77 53 38 40 17 67 69 16 57 19 53 44 
30 7 31 44 22 30 58 28 0 14 14 41 56 81 39 23 37 30 58 50 22 36 34 10 40 46 49 3 25 54 22 47 37 40 50 39 58 21 57 25 13 20 11 39 57 20 35 39 25 21 
29 8 36 53 36 43 59 29 14 0 11 31 44 72 38 26 51 44 49 39 36 46 24 23 44 40 58 17 12 48 26 33 44 36 62 53 61 34 49 33 26 34 17 43 44 14 48 33 32 34 
19 9 25 58 34 44 68 18 14 11 0 41 52 82 48 15 49 38 60 36 36 50 19 18 52 51 63 17 15 59 34 36 50 46 54 51 69 28 59 38 27 33 10 51 53 6 49 25 38 34 
57 37 66 60 59 60 46 58 41 31 41 0 19 41 30 56 73 71 20 54 57 56 45 51 40 18 62 44 30 23 34 33 47 19 91 74 51 63 19 43 47 57 48 41 17 42 65 55 41 54 
66 51 76 79 76 78 62 67 56 44 52 19 0 38 48 67 91 87 27 53 75 75 49 66 59 33 80 60 38 35 53 28 66 37 105 92 68 78 26 62 65 74 61 60 4 51 84 59 60 72 
98 78 107 84 95 92 53 99 81 72 82 41 38 0 52 97 107 109 23 90 93 83 84 91 62 37 82 83 70 30 67 66 72 43 130 108 60 102 24 74 84 93 88 64 34 83 96 95 72 89 
66 40 70 33 46 40 21 65 39 38 48 30 48 52 0 61 55 61 31 75 42 30 62 47 11 17 33 39 46 23 18 59 20 12 82 56 23 56 31 22 36 43 49 12 46 52 44 71 21 39 
9 21 10 65 34 47 81 6 23 26 15 56 67 97 61 0 47 31 75 38 38 57 25 18 63 66 70 23 29 74 45 47 59 61 43 50 81 23 75 47 32 34 12 62 68 15 51 24 47 38 
56 44 48 34 15 16 67 53 37 51 49 73 91 107 55 47 0 19 84 83 15 29 68 31 49 70 40 34 62 77 40 84 39 64 32 3 63 25 84 33 26 17 40 47 90 54 13 70 35 19 
40 36 30 48 16 28 77 37 30 44 38 71 87 109 61 31 19 0 86 69 21 42 55 21 58 73 55 27 53 81 44 74 50 67 20 21 74 10 86 40 26 18 28 56 87 42 29 55 41 24 
77 55 85 63 72 69 37 78 58 49 60 20 27 23 31 75 84 86 0 74 69 61 65 68 41 14 63 60 50 9 44 51 51 20 106 85 44 78 1 51 61 70 66 42 24 62 74 76 49 66 
30 43 43 93 69 79 96 34 50 39 36 54 53 90 75 38 83 69 74 0 71 85 16 52 82 71 97 52 30 77 66 24 83 69 81 86 98 60 73 72 62 68 43 82 56 30 84 15 71 70 
47 30 42 29 4 9 57 44 22 36 36 57 75 93 42 38 15 21 69 71 0 22 55 20 38 56 35 19 47 63 26 69 29 49 40 17 54 19 69 20 11 3 28 36 74 42 13 59 21 4 
65 42 63 8 27 14 38 63 36 46 50 56 75 83 30 57 29 42 61 85 22 0 69 39 21 47 13 35 57 53 22 77 11 41 60 29 34 41 61 14 25 25 46 20 73 56 16 76 15 20 
19 27 32 77 53 63 82 22 34 24 19 45 49 84 62 25 68 55 65 16 55 69 0 37 68 60 81 36 16 67 51 24 68 57 68 70 84 45 64 57 46 52 28 67 51 14 68 10 56 54 
27 15 24 46 17 29 66 24 10 23 18 51 66 91 47 18 31 21 68 52 20 39 37 0 47 56 52 8 32 64 30 54 42 50 40 34 65 12 67 30 14 16 9 46 66 23 33 40 30 20 
70 43 71 23 42 33 19 68 40 44 52 40 59 62 11 63 49 58 41 82 38 21 68 47 0 28 22 40 53 32 18 68 11 23 78 49 18 54 42 18 34 40 51 2 57 57 37 76 17 34 
69 45 75 50 59 55 29 69 46 40 51 18 33 37 17 66 70 73 14 71 56 47 60 56 28 0 50 48 43 8 30 51 37 7 93 71 34 66 14 37 47 56 55 29 30 54 60 70 36 52 
78 54 76 6 40 27 32 76 49 58 63 62 80 82 33 70 40 55 63 97 35 13 81 52 22 50 0 47 68 54 32 87 15 45 71 38 26 54 63 25 38 38 59 21 78 69 26 88 25 34 
31 10 31 42 18 27 58 29 3 17 17 44 60 83 39 23 34 27 60 52 19 35 36 8 40 48 47 0 28 56 22 50 36 42 47 36 58 19 59 24 10 17 11 39 60 23 32 41 24 18 
28 18 39 64 47 54 66 30 25 12 15 30 38 70 46 29 62 53 50 30 47 57 16 32 53 43 68 28 0 51 37 22 54 40 70 64 69 43 49 44 37 45 25 52 39 14 59 26 43 45 
77 53 84 55 66 62 28 77 54 48 59 23 35 30 23 74 77 81 9 77 63 53 67 64 32 8 54 56 51 0 38 56 43 14 101 78 35 74 10 44 55 64 63 34 31 62 67 77 43 60 
51 25 53 29 29 26 36 50 22 26 34 34 53 67 18 45 40 44 44 66 26 22 51 30 18 30 32 22 37 38 0 55 18 24 64 41 36 38 44 9 18 26 33 17 52 39 31 59 7 22 
43 40 55 84 68 75 78 46 47 33 36 33 28 66 59 47 84 74 51 24 69 77 24 54 68 51 87 50 22 56 55 0 72 50 90 86 82 64 50 63 58 67 46 69 32 32 81 33 62 67 
67 42 66 13 34 23 28 65 37 44 50 47 66 72 20 59 39 50 51 83 29 11 68 42 11 37 15 36 54 43 18 72 0 31 69 39 25 47 51 12 28 32 47 9 64 56 26 75 12 26 
65 39 70 44 52 49 28 64 40 36 46 19 37 43 12 61 64 67 20 69 49 41 57 50 23 7 45 42 40 14 24 50 31 0 87 65 32 60 21 31 41 50 50 24 34 50 54 67 29 46 
50 54 38 65 36 46 96 47 50 62 54 91 105 130 82 43 32 20 106 81 40 60 68 40 78 93 71 47 70 101 64 90 69 87 0 34 93 28 106 60 46 38 45 76 106 57 45 66 61 43 
59 46 51 33 18 16 67 55 39 53 51 74 92 108 56 50 3 21 85 86 17 29 70 34 49 71 38 36 64 78 41 86 39 65 34 0 62 27 85 34 28 19 43 47 91 57 13 73 36 20 
87 61 89 31 58 48 7 86 58 61 69 51 68 60 23 81 63 74 44 98 54 34 84 65 18 34 26 58 69 35 36 82 25 32 93 62 0 71 45 35 52 56 69 19 65 74 50 93 35 51 
32 27 24 48 15 28 73 28 21 34 28 63 78 102 56 23 25 10 78 60 19 41 45 12 54 66 54 19 43 74 38 64 47 60 28 27 71 0 78 36 20 16 18 52 78 33 31 46 37 21 
76 54 85 64 72 69 39 77 57 49 59 19 26 24 31 75 84 86 1 73 69 61 64 67 42 14 63 59 49 10 44 50 51 21 106 85 45 78 0 51 60 70 65 43 22 61 74 75 50 66 
55 30 55 21 24 18 37 53 25 33 38 43 62 74 22 47 33 40 51 72 20 14 57 30 18 37 25 24 44 44 9 63 12 31 60 34 35 36 51 0 17 22 35 16 60 44 23 64 2 17 
40 19 39 33 12 17 53 38 13 26 27 47 65 84 36 32 26 26 61 62 11 25 46 14 34 47 38 10 37 55 18 58 28 41 46 28 52 20 60 17 0 10 21 33 64 33 23 51 17 8 
43 27 39 32 2 13 59 40 20 34 33 57 74 93 43 34 17 18 70 68 3 25 52 16 40 56 38 17 45 64 26 67 32 50 38 19 56 16 70 22 10 0 25 38 74 39 17 56 23 5 
20 11 21 53 26 37 69 17 11 17 10 48 61 88 49 12 40 28 66 43 28 46 28 9 51 55 59 11 25 63 33 46 47 50 45 43 69 18 65 35 21 25 0 50 62 14 42 31 35 28 
69 42 70 21 40 32 21 67 39 43 51 41 60 64 12 62 47 56 42 82 36 20 67 46 2 29 21 39 52 34 17 69 9 24 76 47 19 52 43 16 33 38 50 0 58 56 35 76 16 33 
67 52 78 77 76 77 59 69 57 44 53 17 4 34 46 68 90 87 24 56 74 73 51 66 57 30 78 60 39 31 52 32 64 34 106 91 65 78 22 60 64 74 62 58 0 53 82 61 59 71 
15 14 25 64 40 50 73 16 20 14 6 42 51 83 52 15 54 42 62 30 42 56 14 23 57 54 69 23 14 62 39 32 56 50 57 57 74 33 61 44 33 39 14 56 53 0 55 20 44 40 
60 42 55 20 17 6 54 57 35 48 49 65 84 96 44 51 13 29 74 84 13 16 68 33 37 60 26 32 59 67 31 81 26 54 45 13 50 31 74 23 23 17 42 35 82 55 0 73 24 14 
15 34 28 83 57 68 92 19 39 33 25 55 59 95 71 24 70 55 76 15 59 76 10 40 76 70 88 41 26 77 59 33 75 67 66 73 93 46 75 64 51 56 31 76 61 20 73 0 63 59 
55 29 55 22 25 20 36 53 25 32 38 41 60 72 21 47 35 41 49 71 21 15 56 30 17 36 25 24 43 43 7 62 12 29 61 36 35 37 50 2 17 23 35 16 59 44 24 63 0 18 
47 28 43 28 7 9 53 44 21 34 34 54 72 89 39 38 19 24 66 70 4 20 54 20 34 52 34 18 45 60 22 67 26 46 43 20 51 21 66 17 8 5 28 33 71 40 14 59 18 0 
0 1000
584 964
2239 2955
3105 3592
325 1205
72 740
3590 4490
750 945
1718 2305
3874 4546
2603 3127
4102 4647
2328 2554
2949 3548
4647 5423
1245 2144
2794 2944
802 1726
1609 1644
4225 5078
2028 2332
2865 2928
3353 3993
1818 2770
525 801
1391 1397
4353 4508
1888 2433
1011 1958
950 956
698 1093
1130 1445
2444 3076
2539 3277
3966 3970
2791 3005
3185 3754
4504 4675
195 925
3644 4229
2701 3073
1983 2372
3698 4455
3515 3998
3825 4354
4748 5651
3068 3622
2119 2550
436 1011
1523 1806
51.115539950489605 47.94097864600167 38.50388258789674 14.485853927103198 19.616430837005016 15.002583749641563 42.172960176514295 47.59898285804811 41.0887982795873 55.206838048655996 51.69384663171349 73.90132964008852 92.84659237142918 94.8995672841139 47.34542441695954 43.7510918268937 4.432065981606803 13.75016142034411 77.15485101667241 81.3303189471176 19.53616010128252 18.447416632837466 68.11113961548668 33.91482235040388 36.48170321711981 64.29785771643273 14.602264369766083 37.819993634646195 65.89158510935222 68.05502451928052 39.97015092523198 87.5830205416986 27.44900442065752 58.85468987572751 0.7929581957445753 2.3382042378912837 35.23817406017121 23.65039284899535 77.94420447185657 31.13145671479618 30.319594761864245 21.276304472435637 41.99314116979019 35.12188401945552 91.33678617436138 56.18087504181686 9.55551669399659 66.38763948756927 32.69647285468946 22.34262094158931 
8.01026943164378 34.27674565786308 4.877446901348781 71.07181512097766 37.8769257716966 50.52719057174011 94.13243202321868 8.738625066674665 36.109412500770176 36.560084620781986 26.63872681155133 60.77672905314011 58.62661366970845 96.19458385864569 74.14814649807418 13.336575693829044 39.02612087551374 22.677671442432544 80.89593130644896 7.012192322162192 42.357712686826495 64.50146537601353 16.169627171713064 28.94380315102506 76.06911207900492 75.72658905022062 77.29077144486459 35.93578674744769 32.2960048522679 83.14755270191014 58.10750465225853 30.695987013101 70.44937693455817 72.16947007746995 7.175483641120406 40.82777989091314 93.86689507319808 23.568979619315446 79.64505297402646 59.05869789346131 42.573129106650754 39.382263642117735 25.280288293561128 74.7725684045554 62.01228482689369 22.526152675171918 51.35694006247048 5.834729219397172 59.34326508930808 44.695780871578975 