50
0 57 24 44 77 24 41 48 46 51 68 73 44 13 12 68 43 46 23 16 58 79 67 19 31 81 42 54 77 43 82 69 30 17 39 89 48 68 75 34 32 63 17 75 3 73 31 36 55 7 
57 0 72 29 52 33 32 43 52 69 61 17 23 48 58 106 39 30 49 41 60 22 94 60 49 65 22 61 81 81 44 12 28 41 21 84 17 103 32 84 27 25 67 40 60 29 81 49 91 63 
24 72 0 51 76 41 47 48 41 38 62 89 54 37 35 44 45 52 24 34 51 94 46 13 29 76 53 45 64 21 85 84 47 32 51 78 59 46 82 12 46 70 7 78 21 80 8 33 33 17 
44 29 51 0 35 26 4 14 23 40 35 45 7 42 51 77 10 2 27 31 31 48 65 38 23 43 9 32 53 55 37 40 26 28 14 58 13 74 32 61 17 20 47 30 47 29 58 21 63 47 
77 52 76 35 0 61 38 30 35 47 20 60 39 77 86 86 35 34 56 65 29 61 68 66 49 15 42 35 40 71 17 58 60 62 48 35 41 80 26 84 52 27 74 15 79 28 82 44 74 78 
24 33 41 26 61 0 24 35 39 51 58 50 23 17 27 80 29 27 22 8 50 55 73 29 26 68 21 49 72 54 62 45 6 8 16 81 25 79 53 52 9 42 34 55 27 51 49 30 65 29 
41 32 47 4 38 24 0 13 21 37 35 48 9 40 48 74 8 5 23 28 30 51 62 34 19 45 10 30 52 51 41 43 24 25 14 59 15 71 35 57 16 23 43 34 43 33 55 18 60 44 
48 43 48 14 30 35 13 0 10 27 23 57 20 50 57 67 6 13 26 38 17 60 53 36 19 34 22 18 39 46 38 53 37 34 27 46 26 63 37 56 28 27 45 31 50 35 54 14 53 49 
46 52 41 23 35 39 21 10 0 17 22 67 29 51 57 57 13 22 23 39 12 70 43 31 16 35 31 10 33 37 46 63 42 35 34 43 36 52 47 48 34 37 40 40 47 46 47 10 43 46 
51 69 38 40 47 51 37 27 17 0 28 84 46 59 63 40 30 39 31 49 17 87 26 33 24 41 47 12 26 25 60 80 55 45 50 41 52 36 63 41 48 54 39 55 51 62 41 22 27 48 
68 61 62 35 20 58 35 23 22 28 0 72 41 72 78 66 29 33 45 60 12 74 48 53 38 14 43 17 21 53 36 69 59 56 49 24 46 60 42 68 51 38 62 32 69 43 67 32 55 68 
73 17 89 45 60 50 48 57 67 84 72 0 39 63 73 122 54 45 66 57 73 5 110 77 66 74 38 76 93 98 48 5 44 58 38 94 32 119 35 101 44 34 83 46 77 33 98 65 107 79 
44 23 54 7 39 23 9 20 29 46 41 39 0 40 50 83 16 8 29 29 38 43 71 41 27 49 3 39 59 60 38 34 21 27 9 65 7 80 31 65 14 19 49 32 47 28 62 26 68 48 
13 48 37 42 77 17 40 50 51 59 72 63 40 0 10 80 44 44 29 12 63 69 78 29 36 83 38 60 83 55 79 59 21 16 33 94 42 80 71 48 26 59 30 72 16 68 44 41 67 20 
12 58 35 51 86 27 48 57 57 63 78 73 50 10 0 79 51 53 34 21 69 78 79 31 41 91 47 65 88 55 88 69 31 24 43 100 52 80 80 44 36 68 28 81 13 77 41 47 67 18 
68 106 44 77 86 80 74 67 57 40 66 122 83 80 79 0 68 78 58 75 57 126 19 52 57 77 84 52 53 25 100 117 86 72 85 68 90 7 103 36 81 94 51 95 66 102 39 57 15 62 
43 39 45 10 35 29 8 6 13 30 29 54 16 44 51 68 0 10 22 32 23 58 55 33 16 40 17 23 45 46 41 50 31 28 22 52 22 65 38 54 22 27 41 34 45 36 52 12 54 44 
46 30 52 2 34 27 5 13 22 39 33 45 8 44 53 78 10 0 28 32 30 48 65 39 24 42 10 31 52 55 36 40 27 29 15 57 13 74 30 62 19 19 48 29 48 28 59 21 63 48 
23 49 24 27 56 22 23 26 23 31 45 66 29 29 34 58 22 28 0 19 35 71 51 12 8 58 29 32 55 33 62 61 28 15 28 66 35 57 58 35 23 46 20 55 24 56 32 13 44 23 
16 41 34 31 65 8 28 38 39 49 60 57 29 12 21 75 32 32 19 0 51 63 70 24 25 71 27 49 72 50 68 53 14 4 23 82 32 74 60 46 16 48 28 61 19 57 42 30 61 22 
58 60 51 31 29 50 30 17 12 17 12 73 38 63 69 57 23 30 35 51 0 76 40 42 28 25 40 6 22 41 44 69 53 47 44 31 43 52 47 56 45 40 50 38 59 47 55 22 44 57 
79 22 94 48 61 55 51 60 70 87 74 5 43 69 78 126 58 48 71 63 76 0 113 82 70 75 43 78 95 102 47 10 49 63 43 95 36 122 35 106 49 36 88 46 82 33 102 69 111 84 
67 94 46 65 68 73 62 53 43 26 48 110 71 78 79 19 55 65 51 70 40 113 0 48 47 59 72 36 34 25 83 105 78 66 75 49 78 13 87 42 72 79 51 78 66 87 44 46 15 62 
19 60 13 38 66 29 34 36 31 33 53 77 41 29 31 52 33 39 12 24 42 82 48 0 17 67 40 38 59 26 73 72 36 21 39 72 46 51 70 24 33 58 9 66 18 68 21 22 38 15 
31 49 29 23 49 26 19 19 16 24 38 66 27 36 41 57 16 24 8 25 28 70 47 17 0 50 27 24 47 32 56 61 31 21 28 58 34 54 53 38 25 42 26 50 32 52 36 5 42 30 
81 65 76 43 15 68 45 34 35 41 14 74 49 83 91 77 40 42 58 71 25 75 59 67 50 0 51 31 27 66 31 72 69 67 57 20 52 71 41 81 61 40 75 30 82 42 80 45 67 81 
42 22 53 9 42 21 10 22 31 47 43 38 3 38 47 84 17 10 29 27 40 43 72 40 27 51 0 40 62 60 41 34 19 25 6 67 6 81 33 64 11 21 48 34 45 30 61 27 69 46 
54 61 45 32 35 49 30 18 10 12 17 76 39 60 65 52 23 31 32 49 6 78 36 38 24 31 40 0 23 36 49 71 52 45 44 34 45 47 52 51 44 44 46 43 55 51 50 19 39 53 
77 81 64 53 40 72 52 39 33 26 21 93 59 83 88 53 45 52 55 72 22 95 34 59 47 27 62 23 0 48 56 90 75 68 66 16 65 46 63 66 67 59 66 53 77 64 66 43 45 74 
43 81 21 55 71 54 51 46 37 25 53 98 60 55 55 25 46 55 33 50 41 102 25 26 32 66 60 36 48 0 83 93 60 47 60 63 66 25 83 19 56 73 27 77 42 82 20 34 12 38 
82 44 85 37 17 62 41 38 46 60 36 48 38 79 88 100 41 36 62 68 44 47 83 73 56 31 41 49 56 83 0 46 59 65 47 51 38 95 13 94 53 21 82 7 84 15 92 52 88 84 
69 12 84 40 58 45 43 53 63 80 69 5 34 59 69 117 50 40 61 53 69 10 105 72 61 72 34 71 90 93 46 0 39 53 33 91 28 114 34 96 39 31 79 44 72 31 93 60 103 74 
30 28 47 26 60 6 24 37 42 55 59 44 21 21 31 86 31 27 28 14 53 49 78 36 31 69 19 52 75 60 59 39 0 15 13 83 22 84 50 59 8 39 41 53 33 47 56 34 71 35 
17 41 32 28 62 8 25 34 35 45 56 58 27 16 24 72 28 29 15 4 47 63 66 21 21 67 25 45 68 47 65 53 15 0 21 78 31 71 58 44 15 46 26 58 20 55 41 25 58 22 
39 21 51 14 48 16 14 27 34 50 49 38 9 33 43 85 22 15 28 23 44 43 75 39 28 57 6 44 66 60 47 33 13 21 0 73 9 82 38 63 7 26 46 40 42 35 60 29 70 43 
89 84 78 58 35 81 59 46 43 41 24 94 65 94 100 68 52 57 66 82 31 95 49 72 58 20 67 34 16 63 51 91 83 78 73 0 69 61 61 81 75 60 79 50 89 62 81 53 61 87 
48 17 59 13 41 25 15 26 36 52 46 32 7 42 52 90 22 13 35 32 43 36 78 46 34 52 6 45 65 66 38 28 22 31 9 69 0 86 29 70 16 17 54 32 51 26 67 33 75 52 
68 103 46 74 80 79 71 63 52 36 60 119 80 80 80 7 65 74 57 74 52 122 13 51 54 71 81 47 46 25 95 114 84 71 82 61 86 0 98 39 79 90 52 90 67 97 42 54 14 63 
75 32 82 32 26 53 35 37 47 63 42 35 31 71 80 103 38 30 58 60 47 35 87 70 53 41 33 52 63 83 13 34 50 58 38 61 29 98 0 92 44 12 78 11 78 3 89 50 89 78 
34 84 12 61 84 52 57 56 48 41 68 101 65 48 44 36 54 62 35 46 56 106 42 24 38 81 64 51 66 19 94 96 59 44 63 81 70 39 92 0 57 80 18 87 32 90 4 42 27 27 
32 27 46 17 52 9 16 28 34 48 51 44 14 26 36 81 22 19 23 16 45 49 72 33 25 61 11 44 67 56 53 39 8 15 7 75 16 79 44 57 0 32 40 46 35 41 54 27 66 37 
63 25 70 20 27 42 23 27 37 54 38 34 19 59 68 94 27 19 46 48 40 36 79 58 42 40 21 44 59 73 21 31 39 46 26 60 17 90 12 80 32 0 66 15 66 10 78 39 80 66 
17 67 7 47 74 34 43 45 40 39 62 83 49 30 28 51 41 48 20 28 50 88 51 9 26 75 48 46 66 27 82 79 41 26 46 79 54 52 78 18 40 66 0 75 15 76 15 31 38 11 
75 40 78 30 15 55 34 31 40 55 32 46 32 72 81 95 34 29 55 61 38 46 78 66 50 30 34 43 53 77 7 44 53 58 40 50 32 90 11 87 46 15 75 0 77 13 85 45 82 77 
3 60 21 47 79 27 43 50 47 51 69 77 47 16 13 66 45 48 24 19 59 82 66 18 32 82 45 55 77 42 84 72 33 20 42 89 51 67 78 32 35 66 15 77 0 75 28 37 53 4 
73 29 80 29 28 51 33 35 46 62 43 33 28 68 77 102 36 28 56 57 47 33 87 68 52 42 30 51 64 82 15 31 47 55 35 62 26 97 3 90 41 10 76 13 75 0 87 48 88 76 
31 81 8 58 82 49 55 54 47 41 67 98 62 44 41 39 52 59 32 42 55 102 44 21 36 80 61 50 66 20 92 93 56 41 60 81 67 42 89 4 54 78 15 85 28 87 0 40 29 24 
36 49 33 21 44 30 18 14 10 22 32 65 26 41 47 57 12 21 13 30 22 69 46 22 5 45 27 19 43 34 52 60 34 25 29 53 33 54 50 42 27 39 31 45 37 48 40 0 42 36 
55 91 33 63 74 65 60 53 43 27 55 107 68 67 67 15 54 63 44 61 44 111 15 38 42 67 69 39 45 12 88 103 71 58 70 61 75 14 89 27 66 80 38 82 53 88 29 42 0 49 
7 63 17 47 78 29 44 49 46 48 68 79 48 20 18 62 44 48 23 22 57 84 62 15 30 81 46 53 74 38 84 74 35 22 43 87 52 63 78 27 37 66 11 77 4 76 24 36 49 0 
0 1000
4432 4446
3678 4476
381 1053
2212 2369
1532 2057
1245 1504
462 639
224 540
3996 4540
2557 3122
1658 2255
2870 3870
1935 2048
4954 5449
3176 3225
1152 1610
4767 4993
4700 5307
4170 4998
2372 2412
3353 3996
2414 2442
3598 4448
1343 1668
751 768
3542 4118
4849 5340
327 1217
4049 4267
2657 3287
594 915
2790 3570
2297 3093
1089 1557
4573 5428
3849 4839
3727 3993
134 239
3467 4333
1739 1996
1433 1603
1869 2477
2985 3076
1036 1225
4310 4393
2045 2262
2932 3473
847 894
959 1078
79.97012357485993 25.985041045644575 85.00707395602632 36.32212666317617 8.998909195886185 57.07301292045505 40.01064211373744 37.380177607752586 44.48525386297993 53.83633866571854 25.736317764198937 12.663431810968284 35.60203618987104 73.59231967764784 83.51347043499841 86.59520267976222 40.73584215777735 35.06832256871672 62.20937858601214 64.2437776953266 37.112705807722435 7.2479152434947185 67.4997122020416 73.45389920631547 56.39121499547696 12.581412453571417 37.60449412858934 42.90335960225651 33.935531678485596 78.3909130133304 0.051357192225542914 16.648232428131493 52.48864669670502 62.62281407948777 41.54378416063437 18.71045211114396 32.25376402248823 79.83177746586415 5.0362261910324 92.86017997241144 48.33910695900159 17.116865411641857 82.1539305093755 7.017066450142551 82.70426962663309 7.530163263391598 91.25474725275372 51.79083787433595 78.75330274159818 83.41491436903496 
30.19215939841119 11.157597473387836 53.249042316998306 38.7454368816488 60.814836591492025 23.468342605458336 39.68009205012141 52.39067548859311 59.90170157824155 74.16687544786097 71.70132662163597 0.7690594373966353 32.06340758335742 18.43195654417401 18.652460701825902 97.7070866520431 47.27145646300196 39.62280392510294 44.69046356037596 25.918931013924706 69.67415408894703 0.17091033678972023 95.70402863229701 47.805673419078246 49.95215158920442 75.00436113690364 30.064354570128117 70.04216300877381 91.5191821961391 73.56567219803846 46.81847555381285 3.5936343314808106 18.89101189767054 29.779315662806138 25.64278156350811 94.52742018756382 26.486941324259284 98.6525711547914 35.0457785625193 61.86897510957622 26.096100014956804 34.78315740551952 46.88457593713192 46.01942381844931 31.968369273208697 33.26473443402449 58.621539877812424 52.730305279916735 85.17259691352339 36.23567211273073 