50
0 57 65 52 20 28 94 7 17 67 34 26 17 61 80 30 14 47 68 49 36 74 41 42 51 26 39 47 70 68 48 10 50 71 62 48 63 38 53 1 32 70 61 34 37 48 35 65 20 57 
57 0 29 63 70 32 44 64 58 14 29 61 40 6 33 48 71 62 34 42 63 26 17 65 19 48 82 50 43 49 71 60 34 28 20 64 27 86 60 56 75 44 40 67 55 79 30 17 43 36 
65 29 0 46 83 49 66 72 59 40 31 57 50 23 59 69 79 48 5 26 55 52 28 53 16 67 75 34 15 22 94 72 18 7 48 49 2 82 42 65 70 16 15 60 77 100 30 44 46 14 
52 63 46 0 71 59 107 55 36 78 38 28 48 62 96 74 61 6 45 22 19 89 49 13 45 70 36 13 38 31 98 62 30 53 80 5 45 45 5 52 34 38 32 23 83 99 37 79 37 32 
20 70 83 71 0 38 101 17 35 78 52 44 33 75 86 28 13 66 86 68 54 82 57 61 67 26 53 67 89 88 34 11 69 88 70 67 81 48 73 20 47 89 80 52 31 31 53 74 39 76 
28 32 49 59 38 0 66 35 36 40 23 43 14 37 52 20 41 55 54 45 49 46 21 54 33 17 62 48 59 61 45 29 41 53 34 57 47 64 58 27 55 60 51 51 28 50 25 37 24 47 
94 44 66 107 101 66 0 101 100 30 72 104 79 45 15 74 107 106 70 85 107 20 61 109 62 76 124 93 80 88 88 94 77 61 32 107 65 128 103 93 117 81 80 111 75 97 73 30 85 77 
7 64 72 55 17 35 101 0 19 74 41 27 24 68 86 34 8 49 75 54 38 81 48 44 57 30 37 51 75 73 49 10 56 78 69 51 70 35 57 8 31 76 66 35 40 47 42 72 26 63 
17 58 59 36 35 36 100 19 0 71 30 9 22 61 86 44 25 31 61 38 19 79 41 26 47 40 26 34 60 57 64 26 41 65 68 32 57 28 38 17 19 60 51 18 52 64 30 70 15 48 
67 14 40 78 78 40 30 74 71 0 43 75 51 17 19 53 81 77 45 56 77 12 31 79 33 53 95 64 55 62 73 69 48 38 12 78 39 99 74 67 88 56 53 81 57 81 44 6 56 49 
34 29 31 38 52 23 72 41 30 43 0 32 19 30 60 42 48 36 35 22 35 53 12 37 17 39 53 26 37 38 67 41 18 37 43 37 29 57 36 34 46 38 29 38 50 71 2 43 16 25 
26 61 57 28 44 43 104 27 9 75 32 0 29 63 91 53 33 23 59 34 10 84 44 17 47 49 20 28 56 52 73 35 39 64 73 24 55 25 31 26 14 56 47 9 61 73 32 74 20 45 
17 40 50 48 33 14 79 24 22 51 19 29 0 44 65 27 31 43 54 38 36 59 25 41 34 23 48 39 56 56 51 22 37 55 47 45 48 49 47 16 40 57 48 37 35 54 20 49 11 43 
61 6 23 62 75 37 45 68 61 17 30 63 44 0 36 54 75 62 28 40 64 29 20 65 17 53 83 48 38 45 78 65 32 22 25 63 22 88 58 60 76 39 36 68 61 85 31 21 45 32 
80 33 59 96 86 52 15 86 86 19 60 91 65 36 0 59 92 95 64 75 95 7 48 97 52 61 111 83 74 81 73 79 67 56 18 96 58 114 93 79 104 75 72 98 61 83 61 17 71 68 
30 48 69 74 28 20 74 34 44 53 42 53 27 54 59 0 37 70 73 63 62 55 40 67 52 4 69 65 78 80 25 24 60 72 43 72 67 68 74 29 62 79 71 62 9 31 44 48 37 66 
14 71 79 61 13 41 107 8 25 81 48 33 31 75 92 37 0 55 82 62 43 86 56 49 65 33 40 58 83 81 48 13 64 85 74 57 77 35 63 15 34 83 74 40 41 45 49 78 34 70 
47 62 48 6 66 55 106 49 31 77 36 23 43 62 95 70 55 0 47 23 13 88 47 7 45 66 31 14 41 35 93 56 31 55 79 2 47 40 10 47 29 41 34 18 79 94 35 78 33 34 
68 34 5 45 86 54 70 75 61 45 35 59 54 28 64 73 82 47 0 25 55 57 33 53 21 71 76 34 10 19 98 75 20 9 53 48 7 83 40 68 71 11 13 60 81 104 33 49 49 14 
49 42 26 22 68 45 85 54 38 56 22 34 38 40 75 63 62 23 25 0 29 68 29 28 24 60 50 9 22 19 88 57 8 33 60 23 24 58 18 49 46 22 13 35 72 92 20 58 29 12 
36 63 55 19 54 49 107 38 19 77 35 10 36 64 95 62 43 13 55 29 0 87 46 6 47 58 21 22 51 45 83 45 36 62 77 14 53 29 22 36 17 51 42 6 70 83 34 78 26 41 
74 26 52 89 82 46 20 81 79 12 53 84 59 29 7 55 86 88 57 68 87 0 41 90 44 56 104 76 67 74 71 74 60 49 12 89 51 108 85 73 97 68 65 91 57 80 54 10 64 61 
41 17 28 49 57 21 61 48 41 31 12 44 25 20 48 40 56 47 33 29 46 41 0 48 12 38 64 36 39 42 66 46 23 32 32 48 26 69 46 41 57 40 32 50 48 71 13 31 26 28 
42 65 53 13 61 54 109 44 26 79 37 17 41 65 97 67 49 7 53 28 6 90 48 0 48 63 24 19 48 41 89 52 35 60 80 8 52 33 17 42 22 48 40 11 76 90 36 80 30 39 
51 19 16 45 67 33 62 57 47 33 17 47 34 17 52 52 65 45 21 24 47 44 12 48 0 50 67 32 28 32 77 56 16 21 37 46 14 73 41 50 61 29 22 52 60 83 16 35 32 18 
26 48 67 70 26 17 76 30 40 53 39 49 23 53 61 4 33 66 71 60 58 56 38 63 50 0 65 61 76 77 28 21 57 70 44 68 64 64 70 25 58 77 68 58 13 33 41 49 34 63 
39 82 75 36 53 62 124 37 26 95 53 20 48 83 111 69 40 31 76 50 21 104 64 24 67 65 0 42 71 65 86 47 57 82 93 31 73 10 40 40 7 71 63 15 76 84 52 94 40 62 
47 50 34 13 67 48 93 51 34 64 26 28 39 48 83 65 58 14 34 9 22 76 36 19 32 61 42 0 29 24 89 56 17 42 67 15 33 50 10 47 39 29 21 27 74 92 24 66 29 20 
70 43 15 38 89 59 80 75 60 55 37 56 56 38 74 78 83 41 10 22 51 67 39 48 28 76 71 29 0 8 104 77 20 20 63 41 16 79 33 69 67 1 9 56 87 109 36 59 49 13 
68 49 22 31 88 61 88 73 57 62 38 52 56 45 81 80 81 35 19 19 45 74 42 41 32 77 65 24 8 0 106 77 20 28 69 35 23 74 26 68 62 8 10 51 89 110 37 66 48 15 
48 71 94 98 34 45 88 49 64 73 67 73 51 78 73 25 48 93 98 88 83 71 66 89 77 28 86 89 104 106 0 39 85 97 62 94 92 83 98 47 79 105 96 82 17 10 69 67 61 91 
10 60 72 62 11 29 94 10 26 69 41 35 22 65 79 24 13 56 75 57 45 74 46 52 56 21 47 56 77 77 39 0 58 77 62 58 70 45 63 10 40 78 68 44 30 38 42 66 28 64 
50 34 18 30 69 41 77 56 41 48 18 39 37 32 67 60 64 31 20 8 36 60 23 35 16 57 57 17 20 20 85 58 0 26 52 32 17 64 26 50 52 20 11 42 69 90 17 51 30 7 
71 28 7 53 88 53 61 78 65 38 37 64 55 22 56 72 85 55 9 33 62 49 32 60 21 70 82 42 20 28 97 77 26 0 47 56 9 90 49 70 77 20 22 67 80 103 36 42 52 21 
62 20 48 80 70 34 32 69 68 12 43 73 47 25 18 43 74 79 53 60 77 12 32 80 37 44 93 67 63 69 62 62 52 47 0 80 47 96 77 61 86 63 59 80 47 70 44 6 53 55 
48 64 49 5 67 57 107 51 32 78 37 24 45 63 96 72 57 2 48 23 14 89 48 8 46 68 31 15 41 35 94 58 32 56 80 0 47 40 9 48 30 41 34 19 80 96 36 79 34 34 
63 27 2 45 81 47 65 70 57 39 29 55 48 22 58 67 77 47 7 24 53 51 26 52 14 64 73 33 16 23 92 70 17 9 47 47 0 81 41 62 68 17 15 58 74 97 28 43 44 13 
38 86 82 45 48 64 128 35 28 99 57 25 49 88 114 68 35 40 83 58 29 108 69 33 73 64 10 50 79 74 83 45 64 90 96 40 81 0 49 39 12 79 71 23 74 79 57 98 43 69 
53 60 42 5 73 58 103 57 38 74 36 31 47 58 93 74 63 10 40 18 22 85 46 17 41 70 40 10 33 26 98 63 26 49 77 9 41 49 0 53 38 33 27 27 83 100 34 76 37 28 
1 56 65 52 20 27 93 8 17 67 34 26 16 60 79 29 15 47 68 49 36 73 41 42 50 25 40 47 69 68 47 10 50 70 61 48 62 39 53 0 33 70 60 35 36 47 35 64 20 56 
32 75 70 34 47 55 117 31 19 88 46 14 40 76 104 62 34 29 71 46 17 97 57 22 61 58 7 39 67 62 79 40 52 77 86 30 68 12 38 33 0 68 59 11 69 78 46 87 33 57 
70 44 16 38 89 60 81 76 60 56 38 56 57 39 75 79 83 41 11 22 51 68 40 48 29 77 71 29 1 8 105 78 20 20 63 41 17 79 33 70 68 0 10 56 88 109 37 60 50 14 
61 40 15 32 80 51 80 66 51 53 29 47 48 36 72 71 74 34 13 13 42 65 32 40 22 68 63 21 9 10 96 68 11 22 59 34 15 71 27 60 59 10 0 48 79 101 27 56 40 5 
34 67 60 23 52 51 111 35 18 81 38 9 37 68 98 62 40 18 60 35 6 91 50 11 52 58 15 27 56 51 82 44 42 67 80 19 58 23 27 35 11 56 48 0 70 82 38 81 28 46 
37 55 77 83 31 28 75 40 52 57 50 61 35 61 61 9 41 79 81 72 70 57 48 76 60 13 76 74 87 89 17 30 69 80 47 80 74 74 83 36 69 88 79 70 0 24 52 52 46 75 
48 79 100 99 31 50 97 47 64 81 71 73 54 85 83 31 45 94 104 92 83 80 71 90 83 33 84 92 109 110 10 38 90 103 70 96 97 79 100 47 78 109 101 82 24 0 73 76 63 96 
35 30 30 37 53 25 73 42 30 44 2 32 20 31 61 44 49 35 33 20 34 54 13 36 16 41 52 24 36 37 69 42 17 36 44 36 28 57 34 35 46 37 27 38 52 73 0 44 16 23 
65 17 44 79 74 37 30 72 70 6 43 74 49 21 17 48 78 78 49 58 78 10 31 80 35 49 94 66 59 66 67 66 51 42 6 79 43 98 76 64 87 60 56 81 52 76 44 0 55 52 
20 43 46 37 39 24 85 26 15 56 16 20 11 45 71 37 34 33 49 29 26 64 26 30 32 34 40 29 49 48 61 28 30 52 53 34 44 43 37 20 33 50 40 28 46 63 16 55 0 37 
57 36 14 32 76 47 77 63 48 49 25 45 43 32 68 66 70 34 14 12 41 61 28 39 18 63 62 20 13 15 91 64 7 21 55 34 13 69 28 56 57 14 5 46 75 96 23 52 37 0 
0 1000
1709 2628
1618 2521
2184 2726
2093 2298
1218 1958
1848 2789
4174 4917
4215 5162
2868 3219
2509 2632
676 1354
4706 5558
2889 3232
4606 4636
3648 4408
3164 3587
2194 2943
3784 3815
4753 5219
948 1740
166 1161
4496 5153
3087 3636
1513 1856
4059 5010
1300 2061
3734 3998
3970 4122
4364 4444
1120 1858
3252 3834
3547 4279
2459 2771
3468 4175
733 1185
1408 1541
556 1096
2617 2799
849 1123
3880 4639
461 1427
264 752
329 693
2372 2872
2043 2876
2706 3064
2836 3494
3336 4211
2966 3593
50.714559123029716 37.78317346037407 65.21982793026334 94.6579356308527 37.085284131399106 36.10011932058864 1.8336104872320513 52.06218979138022 66.47449351154079 25.097762586345485 56.82514282225819 75.34049665860782 48.41607249099277 42.09497083140281 6.4590024482653945 22.6576317689131 50.50136206892658 91.25135984891976 70.06284714189673 77.25243057915566 84.20749090136009 13.270779712969794 47.90180180620563 89.3701408874972 55.54225892289703 26.783517539916836 89.47536292527857 82.79857817318543 80.19963675217092 86.83159819177769 3.4058761844208196 42.26131864081848 70.4470428349974 61.95410070483716 18.46138749286148 92.83447230638436 64.3560485796155 85.44896496562792 92.92513507213556 50.25938152762769 82.73104720514937 81.04402847219822 77.42159349011705 84.28967339026696 14.4923658987959 6.020735477208405 58.53232904826632 21.313155810797113 59.05969254051781 73.29133853442976 
82.44393734290932 26.79435340519395 18.69805695550597 54.48955137584207 96.72013511570012 58.50953748650611 1.7723588116628552 89.31538257266409 77.48231374441856 20.039210047633325 48.66978893438802 75.12652528493099 65.76109539454656 22.016494307813982 16.025065902588565 72.69958797571428 96.66453566122625 59.116775620280706 16.797305369180105 41.254370508540006 69.84764805253576 18.76945962426564 41.060483243813685 66.05295134772962 32.02669354707801 73.2511871528974 89.84164107206621 48.212836820445595 19.409434713215212 24.678996927796582 89.26741875130958 86.8620337467986 36.337892216400206 12.170214385380262 29.59132890239634 58.836271418835764 20.84008113360063 98.53152486783824 49.721550213708646 81.66732434309472 86.76025588340107 19.176307539344016 28.077580900440935 75.51856314521422 76.17910246014321 98.87557619900902 48.04436031329502 24.442835599047296 64.13643312538316 30.420245603943783 