50
0 62 16 57 12 71 53 28 17 20 54 30 69 69 64 57 71 33 40 36 24 15 29 6 69 42 5 22 44 19 35 39 17 60 47 48 28 37 69 68 41 30 54 10 88 23 65 8 77 56 
62 0 45 8 68 27 87 81 64 57 65 33 69 31 3 23 73 29 34 26 82 63 45 56 100 54 67 83 38 48 52 73 45 32 20 16 42 35 21 11 32 80 35 55 66 57 71 61 72 8 
16 45 0 41 24 56 58 40 23 20 50 15 64 54 47 43 66 17 27 20 38 22 19 11 73 36 21 38 32 11 29 42 2 47 31 32 16 24 54 52 28 40 41 11 78 22 61 18 70 39 
57 8 41 0 62 34 87 78 62 50 68 28 73 24 11 15 77 25 27 21 79 57 44 52 101 55 63 77 40 45 52 72 40 25 22 9 40 35 16 19 33 78 39 49 72 50 75 56 76 2 
12 68 24 62 0 80 64 36 28 15 66 35 81 70 70 60 83 40 41 42 29 7 40 16 79 53 12 16 55 30 47 49 24 61 55 53 38 48 72 76 51 39 65 14 99 18 77 7 89 61 
71 27 56 34 80 0 78 81 67 73 52 50 50 57 24 49 54 43 56 42 85 78 45 65 88 46 75 93 32 53 47 67 57 59 25 39 44 35 46 17 31 79 22 67 40 74 54 74 50 33 
53 87 58 87 64 78 0 30 37 73 27 71 39 108 87 95 38 67 84 71 40 69 44 54 16 33 52 62 49 47 35 16 60 102 66 82 48 52 104 86 55 26 56 61 67 76 32 62 46 85 
28 81 40 78 36 81 30 0 17 48 44 55 60 94 82 82 60 54 66 58 10 42 37 31 44 38 25 32 49 33 35 21 41 87 62 71 39 48 93 84 51 4 60 38 84 51 53 36 68 76 
17 64 23 62 28 67 37 17 0 36 40 38 55 78 65 66 57 38 50 41 18 32 22 17 52 29 16 31 36 16 23 22 25 71 46 54 23 32 76 68 37 17 47 24 76 39 50 25 63 60 
20 57 20 50 15 73 73 48 36 0 69 24 83 55 59 45 86 30 26 32 43 8 39 19 88 55 23 31 52 30 49 57 18 46 48 41 36 44 58 66 47 50 61 12 98 3 80 12 90 49 
54 65 50 68 66 52 27 44 40 69 0 59 16 91 65 79 17 53 72 56 52 69 32 52 36 15 55 70 27 39 21 23 52 87 46 65 35 34 84 63 35 41 32 58 41 72 11 62 24 66 
30 33 15 28 35 50 71 55 38 24 59 0 70 39 36 28 73 8 13 8 53 30 28 25 86 44 35 50 35 24 38 54 14 32 25 18 24 26 39 42 28 55 41 22 79 24 68 28 75 26 
69 69 64 73 81 50 39 60 55 83 16 70 0 98 68 86 4 63 82 65 68 83 44 66 43 28 71 86 35 53 35 39 66 95 52 73 48 43 90 64 43 56 35 72 28 86 7 76 8 72 
69 31 54 24 70 57 108 94 78 55 91 39 98 0 33 12 101 41 29 37 92 63 64 64 123 77 74 85 63 62 73 92 53 9 45 26 60 57 11 41 56 95 63 59 96 53 98 65 101 26 
64 3 47 11 70 24 87 82 65 59 65 36 68 33 0 25 72 30 37 28 83 65 45 58 100 54 69 84 38 49 52 73 47 35 21 19 42 35 23 8 32 81 34 57 64 59 70 63 70 11 
57 23 43 15 60 49 95 82 66 45 79 28 86 12 25 0 89 29 19 25 80 53 51 52 110 65 63 75 52 50 61 80 41 10 34 14 47 45 13 34 44 83 52 48 87 44 87 54 90 16 
71 73 66 77 83 54 38 60 57 86 17 73 4 101 72 89 0 66 85 68 69 85 47 68 41 30 72 88 39 56 37 39 68 98 56 76 50 47 93 68 46 57 38 75 29 89 7 78 8 75 
33 29 17 25 40 43 67 54 38 30 53 8 63 41 30 29 66 0 19 4 54 36 23 27 82 38 38 54 28 22 33 51 16 35 17 16 19 19 38 36 21 54 33 26 71 32 62 33 68 23 
40 34 27 27 41 56 84 66 50 26 72 13 82 29 37 19 85 19 0 17 63 34 41 35 99 57 45 56 47 37 51 68 25 21 34 18 37 39 32 45 40 67 52 30 89 25 81 35 87 26 
36 26 20 21 42 42 71 58 41 32 56 8 65 37 28 25 68 4 17 0 57 38 26 30 85 41 41 57 30 25 36 55 19 32 17 13 22 22 35 34 23 58 34 29 72 33 65 36 70 19 
24 82 38 79 29 85 40 10 18 43 52 53 68 92 83 80 69 54 63 57 0 36 40 28 53 45 19 22 54 34 40 30 39 84 64 70 42 51 92 86 55 13 65 34 92 45 62 30 76 77 
15 63 22 57 7 78 69 42 32 8 69 30 83 63 65 53 85 36 34 38 36 0 40 17 84 55 17 22 54 30 48 54 21 54 52 48 38 47 66 72 50 45 64 11 100 10 79 7 90 56 
29 45 19 44 40 45 44 37 22 39 32 28 44 64 45 51 47 23 41 26 40 40 0 24 59 17 32 49 15 10 11 29 21 58 25 38 4 11 60 47 15 36 26 29 60 42 42 34 51 42 
6 56 11 52 16 65 54 31 17 19 52 25 66 64 58 52 68 27 35 30 28 17 24 0 69 38 11 28 39 14 31 38 11 56 41 43 22 32 64 62 36 33 49 7 83 22 62 10 73 50 
69 100 73 101 79 88 16 44 52 88 36 86 43 123 100 110 41 82 99 85 53 84 59 69 0 46 67 75 62 63 49 32 75 117 80 97 63 66 118 99 68 40 68 77 70 91 36 77 49 99 
42 54 36 55 53 46 33 38 29 55 15 44 28 77 54 65 30 38 57 41 45 55 17 38 46 0 43 60 16 25 7 21 38 73 34 51 21 20 72 53 22 36 24 44 48 58 25 48 35 53 
5 67 21 63 12 75 52 25 16 23 55 35 71 74 69 63 72 38 45 41 19 17 32 11 67 43 0 18 47 23 37 38 22 65 51 54 31 41 74 73 45 28 58 15 90 26 66 11 78 61 
22 83 38 77 16 93 62 32 31 31 70 50 86 85 84 75 88 54 56 57 22 22 49 28 75 60 18 0 64 40 54 50 38 76 68 68 49 59 88 90 63 35 75 28 107 33 81 21 94 76 
44 38 32 40 55 32 49 49 36 52 27 35 35 63 38 52 39 28 47 30 54 54 15 39 62 16 47 64 0 25 15 36 34 60 19 38 16 8 57 38 7 48 11 43 46 54 35 48 40 38 
19 48 11 45 30 53 47 33 16 30 39 24 53 62 49 50 56 22 37 25 34 30 10 14 63 25 23 40 25 0 18 31 13 56 30 38 9 18 60 53 22 33 35 19 69 33 50 24 60 43 
35 52 29 52 47 47 35 35 23 49 21 38 35 73 52 61 37 33 51 36 40 48 11 31 49 7 37 54 15 18 0 21 31 68 31 47 15 17 68 52 19 33 25 37 53 51 32 42 42 50 
39 73 42 72 49 67 16 21 22 57 23 54 39 92 73 80 39 51 68 55 30 54 29 38 32 21 38 50 36 31 21 0 44 86 52 67 33 38 88 73 41 18 45 45 64 60 32 47 47 70 
17 45 2 40 24 57 60 41 25 18 52 14 66 53 47 41 68 16 25 19 39 21 21 11 75 38 22 38 34 13 31 44 0 45 31 31 18 26 53 52 29 42 43 10 79 21 63 17 72 38 
60 32 47 25 61 59 102 87 71 46 87 32 95 9 35 10 98 35 21 32 84 54 58 56 117 73 65 76 60 56 68 86 45 0 43 23 54 53 18 43 53 88 61 51 96 44 95 56 99 25 
47 20 31 22 55 25 66 62 46 48 46 25 52 45 21 34 56 17 34 17 64 52 25 41 80 34 51 68 19 30 31 52 31 43 0 20 22 15 38 23 12 61 19 42 55 49 53 49 56 20 
48 16 32 9 53 39 82 71 54 41 65 18 73 26 19 14 76 16 18 13 70 48 38 43 97 51 54 68 38 38 47 67 31 23 20 0 34 31 22 27 30 71 39 40 75 41 73 47 76 8 
28 42 16 40 38 44 48 39 23 36 35 24 48 60 42 47 50 19 37 22 42 38 4 22 63 21 31 49 16 9 15 33 18 54 22 34 0 10 56 45 14 38 26 27 62 39 45 32 54 38 
37 35 24 35 48 35 52 48 32 44 34 26 43 57 35 45 47 19 39 22 51 47 11 32 66 20 41 59 8 18 17 38 26 53 15 31 10 0 52 37 4 46 17 35 54 46 43 41 49 33 
69 21 54 16 72 46 104 93 76 58 84 39 90 11 23 13 93 38 32 35 92 66 60 64 118 72 74 88 57 60 68 88 53 18 38 22 56 52 0 30 50 93 55 60 86 57 91 67 92 18 
68 11 52 19 76 17 86 84 68 66 63 42 64 41 8 34 68 36 45 34 86 72 47 62 99 53 73 90 38 53 52 73 52 43 23 27 45 37 30 0 33 83 31 62 57 66 67 69 65 19 
41 32 28 33 51 31 55 51 37 47 35 28 43 56 32 44 46 21 40 23 55 50 15 36 68 22 45 63 7 22 19 41 29 53 12 30 14 4 50 33 0 50 14 39 51 49 43 45 48 31 
30 80 40 78 39 79 26 4 17 50 41 55 56 95 81 83 57 54 67 58 13 45 36 33 40 36 28 35 48 33 33 18 42 88 61 71 38 46 93 83 50 0 58 40 81 53 50 38 64 76 
54 35 41 39 65 22 56 60 47 61 32 41 35 63 34 52 38 33 52 34 65 64 26 49 68 24 58 75 11 35 25 45 43 61 19 39 26 17 55 31 14 58 0 52 38 63 37 58 38 37 
10 55 11 49 14 67 61 38 24 12 58 22 72 59 57 48 75 26 30 29 34 11 29 7 77 44 15 28 43 19 37 45 10 51 42 40 27 35 60 62 39 40 52 0 88 15 69 7 79 48 
88 66 78 72 99 40 67 84 76 98 41 79 28 96 64 87 29 71 89 72 92 100 60 83 70 48 90 107 46 69 53 64 79 96 55 75 62 54 86 57 51 81 38 88 0 100 35 93 22 71 
23 57 22 50 18 74 76 51 39 3 72 24 86 53 59 44 89 32 25 33 45 10 42 22 91 58 26 33 54 33 51 60 21 44 49 41 39 46 57 66 49 53 63 15 100 0 83 15 93 49 
65 71 61 75 77 54 32 53 50 80 11 68 7 98 70 87 7 62 81 65 62 79 42 62 36 25 66 81 35 50 32 32 63 95 53 73 45 43 91 67 43 50 37 69 35 83 0 72 15 73 
8 61 18 56 7 74 62 36 25 12 62 28 76 65 63 54 78 33 35 36 30 7 34 10 77 48 11 21 48 24 42 47 17 56 49 47 32 41 67 69 45 38 58 7 93 15 72 0 83 55 
77 72 70 76 89 50 46 68 63 90 24 75 8 101 70 90 8 68 87 70 76 90 51 73 49 35 78 94 40 60 42 47 72 99 56 76 54 49 92 65 48 64 38 79 22 93 15 83 0 75 
56 8 39 2 61 33 85 76 60 49 66 26 72 26 11 16 75 23 26 19 77 56 42 50 99 53 61 76 38 43 50 70 38 25 20 8 38 33 18 19 31 76 37 48 71 49 73 55 75 0 
0 1000
174 923
3272 4120
1327 1708
2543 2873
1290 1656
3205 3429
1466 2463
2749 2862
3636 3994
1575 2251
4031 4948
2433 2791
492 1078
4894 5094
4630 5097
3864 4536
4265 4369
2329 2599
4589 4705
2101 2781
620 1304
4061 4763
3298 3563
1129 1882
3763 4631
4394 4896
4173 4786
293 900
4730 5513
2800 2821
1499 2462
3347 3422
2671 3292
3125 3299
2268 2303
968 1007
4827 5486
844 1329
4493 5331
1683 2415
2194 3009
3476 3749
1988 2749
1811 2758
2944 3514
743 1300
357 890
3058 3621
134 732
72.55753937808265 11.8983342285094 56.46576730613779 15.310614481011708 75.67352503901863 12.778882104681044 89.5541681927074 91.97065315379926 75.98292420984161 60.971920684130275 62.292941897165164 42.272956124857274 54.03159444404301 6.401429059263797 10.616539555622062 16.025584395778036 56.433543958551866 39.82234091726874 35.199110741737464 36.58079699922229 93.56495978224018 69.13935727171256 55.17809481547764 66.89467508775124 97.11623218281785 58.344592804231986 77.67684302398582 91.2303389904637 44.02717155408632 59.70091011032499 59.278412471474695 79.64835296376846 55.47804474066702 15.483833639582766 30.423915543887958 24.06979393525065 52.79211405853611 44.56502114862286 3.5705254876993386 7.85674241297335 40.8338734616737 90.95869218121557 34.52424463505967 63.88351344632621 27.824237824117937 59.55462694140162 60.709938749638724 70.08844106119152 49.219841457019655 17.20049005175619 
21.66583339591408 33.58949510304532 24.949295017040164 26.168065286486254 10.186920102692042 60.09096399881266 72.28849687114706 42.37921116455154 37.89997941544184 5.522481565253412 74.99718991739742 19.892600250182458 88.58212854035207 3.4587190714825633 36.029681682288626 11.349456252611445 91.16881262785245 27.272548554241617 8.515452008771618 25.669878074676145 32.842189515993226 6.677073204874329 44.304791040870015 23.58043085308482 85.87078813026599 60.76302749730017 21.86765671705614 10.770546859035957 54.57522417680419 35.67520113885886 54.038256200873455 59.51136158876116 23.083201932373655 1.6498906791562074 41.949625879486774 22.545751378001732 40.91856351907446 46.18097203841967 14.596342334289414 44.043445701439865 47.82307267171615 45.95912559380366 60.070696171638396 16.83475109677952 97.26450426715813 2.667094908730594 85.62756643284983 13.886824463700776 94.70617658540192 27.07162547976466 