50
0 38 37 39 56 59 31 28 95 36 42 77 32 12 52 31 44 70 61 41 62 27 47 62 63 44 42 16 20 34 39 44 71 11 19 34 13 72 65 79 59 55 60 75 93 64 32 50 56 17 
38 0 46 8 19 38 38 53 63 73 37 56 12 43 34 35 10 66 67 13 33 63 10 25 39 37 14 24 19 29 61 20 72 49 38 15 26 48 45 46 41 68 74 59 61 29 42 62 18 41 
37 46 0 40 56 36 64 65 76 65 16 50 34 27 76 63 55 34 25 38 47 39 51 69 43 17 58 42 41 62 19 34 34 43 18 31 40 48 40 66 34 23 28 44 74 73 5 16 57 53 
39 8 40 0 17 31 45 58 58 75 30 48 8 42 42 42 16 58 61 5 26 62 10 29 31 30 22 28 23 36 57 12 64 51 36 9 29 41 37 41 33 63 68 51 56 33 37 56 18 45 
56 19 56 17 0 34 55 71 47 91 42 47 26 59 43 52 18 67 73 18 22 80 9 16 31 42 25 43 38 45 73 22 74 67 53 26 44 40 39 29 37 77 82 53 45 22 53 70 3 59 
59 38 36 31 34 0 74 84 40 94 21 18 33 55 72 71 46 33 43 26 14 73 35 50 7 19 52 54 49 67 55 19 42 69 45 29 53 13 6 31 4 51 56 20 37 56 37 46 37 71 
31 38 64 45 55 74 0 21 101 49 64 92 41 43 27 3 37 94 89 49 70 55 46 51 75 65 31 22 26 11 70 55 97 36 48 45 24 85 80 83 75 85 90 93 99 51 59 79 53 16 
28 53 65 58 71 84 21 0 116 29 69 102 52 39 47 23 55 98 89 61 83 43 62 70 87 71 49 30 36 31 65 66 99 25 47 56 30 96 90 98 84 82 86 101 114 71 60 77 70 13 
95 63 76 58 47 40 101 116 0 131 61 31 64 93 89 99 65 63 79 55 33 112 55 58 34 60 72 86 80 92 95 51 73 106 84 62 86 30 37 18 42 89 93 41 3 62 77 84 49 103 
36 73 65 75 91 94 49 29 131 0 75 111 68 40 76 50 77 98 85 77 98 29 82 94 98 77 73 49 54 58 57 80 97 25 50 70 47 107 99 115 93 75 78 107 128 95 61 72 91 35 
42 37 16 30 42 21 64 69 61 75 0 36 26 36 69 62 46 31 31 26 31 52 39 57 27 2 50 42 38 59 34 20 35 51 26 22 40 33 25 50 19 35 40 33 58 62 16 28 44 57 
77 56 50 48 47 18 92 102 31 111 36 0 51 72 88 89 62 32 48 44 25 88 51 63 17 35 68 72 67 84 67 37 42 86 62 47 72 8 12 31 18 59 62 10 28 68 52 55 50 89 
32 12 34 8 26 33 41 52 64 68 26 51 0 33 44 39 21 56 56 9 31 54 18 36 35 26 25 22 17 35 49 14 61 43 28 4 22 44 39 48 34 57 62 52 62 40 31 50 26 39 
12 43 27 42 59 55 43 39 93 40 36 72 33 0 62 43 51 61 50 42 60 20 51 67 60 37 50 25 27 45 27 43 60 16 10 34 23 67 60 79 54 43 48 68 91 70 22 38 60 29 
52 34 76 42 43 72 27 47 89 76 69 88 44 62 0 25 26 100 99 46 63 78 37 32 71 70 20 37 36 18 87 53 105 60 63 48 40 81 78 71 75 98 104 92 88 29 71 92 40 42 
31 35 63 42 52 71 3 23 99 50 62 89 39 43 25 0 34 93 88 46 68 56 44 49 73 63 28 21 24 8 70 52 96 36 47 43 23 83 78 80 73 84 89 91 97 48 58 78 50 17 
44 10 55 16 18 46 37 55 65 77 46 62 21 51 26 34 0 75 77 21 37 70 11 17 44 46 7 29 25 27 70 28 81 55 47 24 31 54 51 47 48 78 83 66 63 20 52 71 16 44 
70 66 34 58 67 33 94 98 63 98 31 32 56 61 100 93 75 0 18 54 48 71 66 83 39 30 80 72 69 90 44 47 9 77 51 52 71 36 31 61 30 31 32 22 61 88 39 29 69 86 
61 67 25 61 73 43 89 89 79 85 31 48 56 50 99 88 77 18 0 57 57 57 70 88 50 31 81 67 65 87 28 51 12 65 42 52 65 50 43 73 40 13 14 39 76 93 30 13 75 78 
41 13 38 5 18 26 49 61 55 77 26 44 9 42 46 46 21 54 57 0 22 62 13 31 27 26 26 31 26 41 55 7 60 52 35 8 31 37 32 38 28 60 65 46 53 36 35 53 20 48 
62 33 47 26 22 14 70 83 33 98 31 25 31 60 63 68 37 48 57 22 0 80 26 38 9 30 44 53 48 62 66 18 56 73 52 28 53 18 17 19 18 64 69 32 31 43 46 59 25 70 
27 63 39 62 80 73 55 43 112 29 52 88 54 20 78 56 70 71 57 62 80 0 72 87 78 54 69 43 46 61 29 63 69 20 28 54 40 85 78 99 72 46 49 83 110 90 37 44 80 39 
47 10 51 10 9 35 46 62 55 82 39 51 18 51 37 44 11 66 70 13 26 72 0 18 34 39 18 34 29 37 67 19 73 59 46 20 35 43 41 37 38 72 78 55 53 23 48 66 9 50 
62 25 69 29 16 50 51 70 58 94 57 63 36 67 32 49 17 83 88 31 38 87 18 0 47 57 21 46 42 40 85 37 90 72 63 38 48 56 55 40 54 91 96 70 57 5 66 85 14 60 
63 39 43 31 31 7 75 87 34 98 27 17 35 60 71 73 44 39 50 27 9 78 34 47 0 26 51 56 51 67 61 21 47 73 50 31 56 10 8 24 10 58 62 23 31 52 43 52 34 73 
44 37 17 30 42 19 65 71 60 77 2 35 26 37 70 63 46 30 31 26 30 54 39 57 26 0 51 43 39 60 36 20 35 53 27 22 42 31 24 49 18 35 40 31 57 62 18 29 44 58 
42 14 58 22 25 52 31 49 72 73 50 68 25 50 20 28 7 80 81 26 44 69 18 21 51 51 0 26 23 20 72 33 86 52 48 28 29 61 58 54 54 81 86 72 70 22 54 74 23 39 
16 24 42 28 43 54 22 30 86 49 42 72 22 25 37 21 29 72 67 31 53 43 34 46 56 43 26 0 5 21 50 36 75 26 27 25 3 66 60 69 55 63 69 72 83 48 37 57 42 17 
20 19 41 23 38 49 26 36 80 54 38 67 17 27 36 24 25 69 65 26 48 46 29 42 51 39 23 5 0 22 51 31 73 30 27 21 7 61 55 63 50 63 68 68 78 44 36 56 37 23 
34 29 62 36 45 67 11 31 92 58 59 84 35 45 18 8 27 90 87 41 62 61 37 40 67 60 20 21 22 0 71 47 94 42 48 39 23 77 73 73 69 84 90 87 90 40 58 78 43 24 
39 61 19 57 73 55 70 65 95 57 34 67 49 27 87 70 70 44 28 55 66 29 67 85 61 36 72 50 51 71 0 52 41 40 24 48 48 65 58 84 52 18 21 60 92 89 20 15 74 57 
44 20 34 12 22 19 55 66 51 80 20 37 14 43 53 52 28 47 51 7 18 63 19 37 21 20 33 36 31 47 52 0 54 55 35 10 36 30 26 36 21 55 60 39 49 42 32 49 24 53 
71 72 34 64 74 42 97 99 73 97 35 42 61 60 105 96 81 9 12 60 56 69 73 90 47 35 86 75 73 94 41 54 0 76 52 57 73 45 40 70 38 25 25 31 70 95 39 25 77 88 
11 49 43 51 67 69 36 25 106 25 51 86 43 16 60 36 55 77 65 52 73 20 59 72 73 53 52 26 30 42 40 55 76 0 26 45 24 82 75 90 69 57 62 84 103 74 38 53 67 20 
19 38 18 36 53 45 48 47 84 50 26 62 28 10 63 47 47 51 42 35 52 28 46 63 50 27 48 27 27 48 24 35 52 26 0 27 24 58 50 70 44 37 42 58 81 67 13 31 54 36 
34 15 31 9 26 29 45 56 62 70 22 47 4 34 48 43 24 52 52 8 28 54 20 38 31 22 28 25 21 39 48 10 57 45 27 0 25 40 35 46 30 54 59 48 59 42 28 47 27 43 
13 26 40 29 44 53 24 30 86 47 40 72 22 23 40 23 31 71 65 31 53 40 35 48 56 42 29 3 7 23 48 36 73 24 24 25 0 66 60 69 54 61 66 71 84 51 35 55 44 17 
72 48 48 41 40 13 85 96 30 107 33 8 44 67 81 83 54 36 50 37 18 85 43 56 10 31 61 66 61 77 65 30 45 82 58 40 66 0 8 25 14 59 63 16 27 61 49 55 42 83 
65 45 40 37 39 6 80 90 37 99 25 12 39 60 78 78 51 31 43 32 17 78 41 55 8 24 58 60 55 73 58 26 40 75 50 35 60 8 0 30 6 52 56 15 34 60 41 48 42 77 
79 46 66 41 29 31 83 98 18 115 50 31 48 79 71 80 47 61 73 38 19 99 37 40 24 49 54 69 63 73 84 36 70 90 70 46 69 25 30 0 34 82 86 41 17 45 65 76 31 86 
59 41 34 33 37 4 75 84 42 93 19 18 34 54 75 73 48 30 40 28 18 72 38 54 10 18 54 55 50 69 52 21 38 69 44 30 54 14 6 34 0 48 52 18 39 59 35 43 40 71 
55 68 23 63 77 51 85 82 89 75 35 59 57 43 98 84 78 31 13 60 64 46 72 91 58 35 81 63 63 84 18 55 25 57 37 54 61 59 52 82 48 0 5 50 86 95 27 6 79 72 
60 74 28 68 82 56 90 86 93 78 40 62 62 48 104 89 83 32 14 65 69 49 78 96 62 40 86 69 68 90 21 60 25 62 42 59 66 63 56 86 52 5 0 53 90 101 32 12 84 77 
75 59 44 51 53 20 93 101 41 107 33 10 52 68 92 91 66 22 39 46 32 83 55 70 23 31 72 72 68 87 60 39 31 84 58 48 71 16 15 41 18 50 53 0 39 75 47 47 56 88 
93 61 74 56 45 37 99 114 3 128 58 28 62 91 88 97 63 61 76 53 31 110 53 57 31 57 70 83 78 90 92 49 70 103 81 59 84 27 34 17 39 86 90 39 0 61 74 82 48 101 
64 29 73 33 22 56 51 71 62 95 62 68 40 70 29 48 20 88 93 36 43 90 23 5 52 62 22 48 44 40 89 42 95 74 67 42 51 61 60 45 59 95 101 75 61 0 70 89 19 61 
32 42 5 37 53 37 59 60 77 61 16 52 31 22 71 58 52 39 30 35 46 37 48 66 43 18 54 37 36 58 20 32 39 38 13 28 35 49 41 65 35 27 32 47 74 70 0 21 55 48 
50 62 16 56 70 46 79 77 84 72 28 55 50 38 92 78 71 29 13 53 59 44 66 85 52 29 74 57 56 78 15 49 25 53 31 47 55 55 48 76 43 6 12 47 82 89 21 0 72 67 
56 18 57 18 3 37 53 70 49 91 44 50 26 60 40 50 16 69 75 20 25 80 9 14 34 44 23 42 37 43 74 24 77 67 54 27 44 42 42 31 40 79 84 56 48 19 55 72 0 58 
17 41 53 45 59 71 16 13 103 35 57 89 39 29 42 17 44 86 78 48 70 39 50 60 73 58 39 17 23 24 57 53 88 20 36 43 17 83 77 86 71 72 77 88 101 61 48 67 58 0 
0 1000
3711 4505
4556 4584
1177 1347
4667 5618
4888 5613
4476 5038
411 1333
3549 3668
801 1590
1385 1692
1876 2507
180 1168
3451 4204
4727 4791
2938 3580
4234 4520
3378 3574
5023 5077
694 1332
2129 2868
2332 2884
4625 4933
2571 2724
2475 3467
4313 4867
1326 1974
3833 4174
2674 2727
1978 2206
943 1354
5119 5609
1086 2079
1267 1795
3168 3798
1017 1679
1510 1519
2232 2379
4058 4253
2811 2951
86 603
4146 5027
1623 1984
3985 4265
1753 2087
3259 4195
483 1406
3101 3188
260 304
595 1454
70.7005974469075 57.59095993014077 34.27716379902256 49.90031928918109 46.32534377754013 19.626806055195257 92.96350885792019 98.68026038413447 1.477965383368296 94.84746188732576 30.152805655576454 1.9752318310975792 51.92537191882407 60.650474075804205 88.89174947435536 90.82548623971807 62.89054374656985 0.7159343720075206 11.06549144203851 45.51278726177217 25.7100984885405 66.32628305764868 51.947609404441216 59.26716569845591 19.04348918809975 28.840470946256637 69.79859005442869 71.42574668255392 67.58645229268122 86.29449967328104 38.042085348760544 38.84078840627389 0.18471486617309685 76.42821901611741 51.80552943376038 47.704513931459324 70.5747102576043 9.147453003666083 13.230967486395674 19.06673694735114 17.82593427995319 20.24506505216329 17.073022202235443 0.036311568198355015 2.4883310549182136 63.557727855732715 38.99885389190737 23.762328738854798 48.859773634422474 86.56159159940009 
70.97247121215628 35.39910517625244 74.86006975834424 37.555920082439656 20.51655311747007 41.528574998802156 48.90637602242093 68.8244310582771 5.7709529799118915 97.70619965962801 59.57094070537083 36.84073659687228 45.60357272252467 77.88955228127732 22.436962610465695 47.42292639386104 27.426519673440055 69.15007444739794 83.97960103388165 38.655064784703285 28.720324252435713 97.55404529767362 27.455532068650655 10.472312305312414 34.986203836322915 58.615094208140206 28.841551376932706 55.218604931428686 51.61159945561332 40.31670798092232 93.06736156971978 41.11795330427513 78.52862564961669 80.79066621797742 73.1306114520381 46.529193921317656 57.58820735722345 34.43914078292306 40.84973670836679 10.96976066373494 44.82534175257958 92.62548961571515 97.05030019894629 47.04576340690983 8.449169495337793 7.528432039775024 73.23746134410091 87.21660143760269 19.420693362424945 63.982853927460305 