50
0 53 55 65 14 22 52 79 59 75 89 47 78 72 104 117 69 73 22 73 114 56 92 93 85 96 90 69 110 67 61 88 90 27 51 88 60 74 53 46 107 72 44 95 94 102 82 69 81 39 
53 0 35 13 47 35 14 34 42 36 76 17 46 64 60 75 18 72 32 26 71 3 70 47 32 59 92 16 61 59 49 42 75 30 5 87 27 21 70 59 57 21 25 52 72 54 71 20 28 15 
55 35 0 35 58 48 21 32 7 23 43 48 24 30 52 63 34 38 39 59 60 37 40 42 52 41 57 43 61 24 14 40 42 30 30 52 13 49 41 32 60 52 14 44 42 54 36 53 52 30 
65 13 35 0 60 47 17 23 42 28 73 28 39 64 49 63 6 72 44 25 59 12 64 36 21 49 91 8 48 58 49 30 70 41 15 86 24 14 75 64 44 17 30 40 66 42 68 20 18 27 
14 47 58 60 0 12 50 77 63 74 96 37 80 79 103 117 65 81 19 64 113 49 97 91 79 97 99 63 106 74 66 86 96 28 46 97 60 67 64 56 103 64 44 94 99 99 88 60 74 34 
22 35 48 47 12 0 38 65 55 63 89 25 70 73 91 105 52 77 10 52 102 37 88 79 67 86 95 50 94 67 59 74 89 20 33 92 49 55 63 53 91 52 34 83 91 87 82 49 62 22 
52 14 21 17 50 38 0 28 28 26 62 29 34 50 53 67 18 58 32 39 64 16 57 41 37 49 78 24 57 45 35 36 61 26 9 73 14 30 58 47 55 32 13 45 59 50 57 33 35 16 
79 34 32 23 77 65 28 0 36 11 58 51 21 53 27 41 17 63 59 45 37 34 46 14 25 26 80 28 30 49 42 9 54 53 33 74 21 31 73 64 28 36 37 18 48 23 55 41 29 43 
59 42 7 42 63 55 28 36 0 26 35 55 23 22 51 62 40 30 45 66 59 45 34 44 57 40 50 50 63 17 7 42 35 35 37 45 18 56 38 29 62 59 21 45 36 55 29 60 58 38 
75 36 23 28 74 63 26 11 26 0 47 53 11 42 29 42 22 52 56 53 39 37 37 19 35 23 69 35 38 38 31 16 44 48 33 63 14 39 63 54 37 44 31 21 39 30 44 47 38 41 
89 76 43 73 96 89 62 58 35 47 0 90 37 18 57 59 69 21 79 98 59 78 15 57 83 42 26 80 73 22 30 59 5 69 72 19 50 86 46 46 75 90 57 55 15 67 8 92 86 73 
47 17 48 28 37 25 29 51 55 53 90 0 62 77 77 91 35 83 28 27 87 17 85 64 44 75 103 28 76 71 61 58 89 31 20 99 42 31 77 66 72 28 35 68 87 70 84 24 38 19 
78 46 24 39 80 70 34 21 23 11 37 62 0 34 29 40 34 44 61 64 37 47 26 23 46 18 59 46 42 31 26 23 33 53 42 53 20 50 59 51 42 55 36 23 28 34 34 58 49 49 
72 64 30 64 79 73 50 53 22 42 18 77 34 0 60 67 61 10 63 88 65 67 25 57 77 46 28 72 75 6 16 57 20 53 59 22 40 77 31 29 76 81 42 56 27 68 10 82 79 59 
104 60 52 49 103 91 53 27 51 29 57 77 29 60 0 14 42 70 85 68 10 60 42 13 43 15 82 52 16 58 55 19 52 77 59 76 44 54 87 80 20 59 60 9 42 13 57 64 49 69 
117 75 63 63 117 105 67 41 62 42 59 91 40 67 14 0 57 76 98 82 4 75 45 28 56 22 85 66 24 66 64 33 55 90 74 79 57 68 96 90 29 73 73 23 44 25 62 78 63 83 
69 18 34 6 65 52 18 17 40 22 69 35 34 61 42 57 0 70 48 30 53 18 60 29 19 43 88 12 42 55 46 24 66 44 19 83 21 17 74 64 39 21 31 34 61 36 65 25 18 31 
73 72 38 72 81 77 58 63 30 52 21 83 44 10 70 76 70 0 67 97 74 75 32 67 87 55 20 80 85 14 23 67 25 57 67 16 49 86 26 27 86 89 49 66 34 78 15 91 88 65 
22 32 39 44 19 10 32 59 45 56 79 28 61 63 85 98 48 67 0 53 94 34 79 73 64 78 85 48 89 57 49 68 79 10 29 82 42 53 54 44 86 51 26 76 81 82 72 49 60 17 
73 26 59 25 64 52 39 45 66 53 98 27 64 88 68 82 30 97 53 0 78 23 90 56 27 72 116 18 62 83 73 50 96 55 31 111 49 15 96 85 57 9 51 61 91 58 94 6 20 40 
114 71 60 59 113 102 64 37 59 39 59 87 37 65 10 4 53 74 94 78 0 71 44 24 52 20 84 62 21 64 62 29 54 87 70 78 53 64 94 87 25 69 70 19 43 21 61 74 59 79 
56 3 37 12 49 37 16 34 45 37 78 17 47 67 60 75 18 75 34 23 71 0 72 47 30 59 94 14 60 61 51 42 76 33 8 89 29 19 73 62 56 18 28 52 74 53 73 17 25 18 
92 70 40 64 97 88 57 46 34 37 15 85 26 25 42 45 60 32 79 90 44 72 0 44 72 28 40 72 58 27 31 46 10 69 66 34 43 76 56 53 61 81 54 41 2 53 18 84 75 70 
93 47 42 36 91 79 41 14 44 19 57 64 23 57 13 28 29 67 73 56 24 47 44 0 31 18 82 39 19 54 49 6 53 66 46 75 33 41 81 73 19 47 49 5 45 11 56 51 37 57 
85 32 52 21 79 67 37 25 57 35 83 44 46 77 43 56 19 87 64 27 52 30 72 31 0 49 104 16 35 72 64 27 79 61 35 98 39 14 93 82 30 19 50 36 73 31 80 24 7 47 
96 59 41 49 97 86 49 26 40 23 42 75 18 46 15 22 43 55 78 72 20 59 28 18 49 0 67 54 31 44 42 22 37 70 56 61 37 57 74 67 33 63 53 14 28 26 43 67 54 64 
90 92 57 91 99 95 78 80 50 69 26 103 59 28 82 85 88 20 85 116 84 94 40 82 104 67 0 99 98 33 43 83 30 76 86 6 67 105 38 44 99 108 68 80 41 92 25 110 106 84 
69 16 43 8 63 50 24 28 50 35 80 28 46 72 52 66 12 80 48 18 62 14 72 39 16 54 99 0 49 66 57 34 78 46 20 94 32 6 83 72 44 9 37 44 73 43 76 13 12 31 
110 61 61 48 106 94 57 30 63 38 73 76 42 75 16 24 42 85 89 62 21 60 58 19 35 31 98 49 0 72 67 22 68 83 61 92 51 48 100 92 5 54 67 19 58 8 73 59 42 72 
67 59 24 58 74 67 45 49 17 38 22 71 31 6 58 66 55 14 57 83 64 61 27 54 72 44 33 66 72 0 10 54 23 48 54 28 34 72 30 26 73 75 36 53 29 65 15 77 74 53 
61 49 14 49 66 59 35 42 7 31 30 61 26 16 55 64 46 23 49 73 62 51 31 49 64 42 43 57 67 10 0 47 30 39 44 38 25 63 33 25 67 66 27 49 33 60 23 67 65 43 
88 42 40 30 86 74 36 9 42 16 59 58 23 57 19 33 24 67 68 50 29 42 46 6 27 22 83 34 22 54 47 0 55 61 41 76 29 36 80 71 20 41 45 10 47 14 57 46 32 52 
90 75 42 70 96 89 61 54 35 44 5 89 33 20 52 55 66 25 79 96 54 76 10 53 79 37 30 78 68 23 30 55 0 70 70 24 48 83 50 48 70 87 56 50 11 63 10 90 83 72 
27 30 30 41 28 20 26 53 35 48 69 31 53 53 77 90 44 57 10 55 87 33 69 66 61 70 76 46 83 48 39 61 70 0 26 73 34 52 46 35 80 51 17 69 71 76 62 50 58 15 
51 5 30 15 46 33 9 33 37 33 72 20 42 59 59 74 19 67 29 31 70 8 66 46 35 56 86 20 61 54 44 41 70 26 0 82 23 26 65 54 58 26 19 50 68 54 66 25 31 12 
88 87 52 86 97 92 73 74 45 63 19 99 53 22 76 79 83 16 82 111 78 89 34 75 98 61 6 94 92 28 38 76 24 73 82 0 62 99 38 42 93 103 64 73 35 86 19 105 101 80 
60 27 13 24 60 49 14 21 18 14 50 42 20 40 44 57 21 49 42 49 53 29 43 33 39 37 67 32 51 34 25 29 48 34 23 62 0 38 54 44 49 41 17 35 45 43 45 43 40 28 
74 21 49 14 67 55 30 31 56 39 86 31 50 77 54 68 17 86 53 15 64 19 76 41 14 57 105 6 48 72 63 36 83 52 26 99 38 0 89 78 44 6 43 46 78 44 81 11 7 37 
53 70 41 75 64 63 58 73 38 63 46 77 59 31 87 96 74 26 54 96 94 73 56 81 93 74 38 83 100 30 33 80 50 46 65 38 54 89 0 11 100 90 46 81 58 93 39 90 92 59 
46 59 32 64 56 53 47 64 29 54 46 66 51 29 80 90 64 27 44 85 87 62 53 73 82 67 44 72 92 26 25 71 48 35 54 42 44 78 11 0 91 79 35 73 55 84 38 79 82 47 
107 57 60 44 103 91 55 28 62 37 75 72 42 76 20 29 39 86 86 57 25 56 61 19 30 33 99 44 5 73 67 20 70 80 58 93 49 44 100 91 0 49 65 20 61 8 74 54 37 69 
72 21 52 17 64 52 32 36 59 44 90 28 55 81 59 73 21 89 51 9 69 18 81 47 19 63 108 9 54 75 66 41 87 51 26 103 41 6 90 79 49 0 45 52 82 49 85 5 12 36 
44 25 14 30 44 34 13 37 21 31 57 35 36 42 60 73 31 49 26 51 70 28 54 49 50 53 68 37 67 36 27 45 56 17 19 64 17 43 46 35 65 45 0 52 56 60 50 45 48 17 
95 52 44 40 94 83 45 18 45 21 55 68 23 56 9 23 34 66 76 61 19 52 41 5 36 14 80 44 19 53 49 10 50 69 50 73 35 46 81 73 20 52 52 0 41 12 54 56 42 60 
94 72 42 66 99 91 59 48 36 39 15 87 28 27 42 44 61 34 81 91 43 74 2 45 73 28 41 73 58 29 33 47 11 71 68 35 45 78 58 55 61 82 56 41 0 53 19 86 77 72 
102 54 54 42 99 87 50 23 55 30 67 70 34 68 13 25 36 78 82 58 21 53 53 11 31 26 92 43 8 65 60 14 63 76 54 86 43 44 93 84 8 49 60 12 53 0 67 54 38 65 
82 71 36 68 88 82 57 55 29 44 8 84 34 10 57 62 65 15 72 94 61 73 18 56 80 43 25 76 73 15 23 57 10 62 66 19 45 81 39 38 74 85 50 54 19 67 0 88 82 67 
69 20 53 20 60 49 33 41 60 47 92 24 58 82 64 78 25 91 49 6 74 17 84 51 24 67 110 13 59 77 67 46 90 50 25 105 43 11 90 79 54 5 45 56 86 54 88 0 17 34 
81 28 52 18 74 62 35 29 58 38 86 38 49 79 49 63 18 88 60 20 59 25 75 37 7 54 106 12 42 74 65 32 83 58 31 101 40 7 92 82 37 12 48 42 77 38 82 17 0 43 
39 15 30 27 34 22 16 43 38 41 73 19 49 59 69 83 31 65 17 40 79 18 70 57 47 64 84 31 72 53 43 52 72 15 12 80 28 37 59 47 69 36 17 60 72 65 67 34 43 0 
0 1000
4628 5317
1569 2421
1805 2304
769 807
3179 3373
257 1004
3866 4727
4032 4219
512 1011
4406 5062
2424 2966
3324 4260
1214 2062
409 935
575 1160
1116 1506
2081 2734
2787 3125
3499 4136
1426 1460
2827 2843
3613 4299
2237 2586
2361 3227
1939 2046
2992 3304
4535 4593
4103 4324
4775 5731
2661 3258
3351 3365
3717 4676
2891 3755
2865 3431
151 531
1980 2334
1291 1677
1640 2635
893 1826
4988 5883
5120 5219
4591 5450
2549 2863
1041 1893
3939 3963
4840 4920
4219 4707
4153 5025
1711 2440
6.583063080129181 58.33457827601591 40.50901810350137 68.18891311235679 16.92845868136359 27.785344012915314 51.99675452328063 72.85364223536216 37.6844398899071 63.23751683770079 32.91743563484979 53.144476207157524 58.42225438826437 26.035271615272883 86.45129730625142 92.09521062728577 70.08392581467294 16.665909034427184 27.12763946407678 79.99559891979945 90.91856457060534 60.95890113546598 47.23904690808723 81.38054482425163 88.59808499792527 71.96736471356829 7.64973540618048 74.16115211256272 99.99157428221814 28.10519096284192 32.75077071973706 79.68940662299563 37.75439882640592 27.982125748823293 54.29312878704835 13.681488967420952 52.4715919098615 79.59420499261009 0.11775096373645155 9.12696865688255 99.84469780705894 78.5152514361753 39.230511253908496 81.23092968028203 48.36281991706524 92.70154651944355 30.199710986218175 75.85280442859921 85.66689795225697 43.01175628466082 
89.6585321347216 76.41730324152547 46.52010846093727 68.29295620642975 98.98116942754083 93.26153373390405 63.93640339455517 45.930026245896805 39.59622636652983 40.89338302163269 4.502228569665556 92.48692753798203 30.816251545340954 20.71029437230897 23.11870029737636 9.849483198865617 62.28619972962757 17.568502031484613 83.31321348802794 90.80355311282197 13.638995022405798 77.65236762446865 7.344550108783565 35.18878485554019 65.70614006405016 19.487662283579798 0.1361750468913181 73.6193152904148 32.426587679540255 26.011131790900922 34.69934193103913 40.502405442515254 4.763809501842953 73.62413008174539 72.89376105987819 1.9171319414871602 50.37963100069914 76.29188592627123 37.068285862270734 43.70449395687479 37.46366529898992 81.76755858021367 60.757210017649534 30.27905230347916 5.126858181801008 34.636011526728 11.51342306366091 86.36633340162244 72.13179798227155 76.87118319097897 