50
0 33 75 35 23 31 58 18 25 16 51 35 7 71 69 13 44 36 75 56 56 43 79 32 34 38 51 74 46 49 25 55 76 47 45 28 60 70 52 72 86 43 74 58 28 46 58 59 51 84 
33 0 44 14 53 40 77 48 11 23 62 4 26 53 59 35 19 5 46 25 59 15 75 53 49 66 75 52 69 57 9 41 79 34 12 47 85 65 54 40 85 13 64 49 16 76 41 41 18 78 
75 44 0 40 91 65 98 91 49 60 79 45 68 34 50 79 31 44 8 19 68 45 70 83 74 99 103 27 97 73 50 39 82 41 35 76 113 62 64 8 80 42 53 50 59 111 34 31 32 69 
35 14 40 0 51 31 67 52 10 20 51 18 29 40 45 41 9 18 40 22 47 27 62 47 40 62 68 41 62 46 13 27 66 20 19 39 78 52 41 38 71 25 50 36 29 73 28 28 25 64 
23 53 91 51 0 31 42 25 44 31 42 56 29 79 72 32 60 57 89 73 52 66 76 19 28 16 30 84 27 42 45 62 68 55 65 21 38 69 50 90 81 65 77 61 51 23 67 69 72 82 
31 40 65 31 31 0 36 47 29 21 23 44 30 49 42 43 37 45 62 51 25 55 48 18 9 35 38 54 32 19 33 32 45 26 49 11 48 40 21 66 55 53 46 30 48 47 37 39 56 54 
58 77 98 67 42 36 0 67 65 55 19 81 61 73 58 70 72 82 93 86 32 91 51 27 28 29 16 80 16 24 69 59 36 57 86 31 21 49 35 100 50 90 60 51 82 37 65 68 92 57 
18 48 91 52 25 47 67 0 42 34 64 48 24 89 87 14 61 49 92 72 72 55 95 42 48 41 56 92 52 63 41 72 90 65 59 41 63 87 68 88 101 56 92 75 37 44 76 77 65 100 
25 11 49 10 44 29 65 42 0 12 51 15 19 50 53 31 19 16 49 31 49 26 67 42 38 55 64 51 58 47 4 35 69 28 22 35 74 58 44 47 76 24 58 42 21 66 37 37 29 71 
16 23 60 20 31 21 55 34 12 0 43 26 11 55 54 26 29 27 60 42 45 37 66 31 28 43 52 58 46 40 14 39 65 31 34 24 62 57 40 59 74 36 59 43 27 54 42 43 41 70 
51 62 79 51 42 23 19 64 51 43 0 66 52 54 39 64 55 67 74 68 14 77 36 24 17 36 30 60 25 5 55 40 26 38 70 23 38 32 16 82 39 75 42 32 70 47 46 48 76 43 
35 4 45 18 56 44 81 48 15 26 66 0 28 56 63 35 22 1 48 26 64 11 79 57 53 69 79 55 73 62 12 45 83 38 10 50 89 69 58 41 89 9 68 53 14 79 45 44 16 82 
7 26 68 29 29 30 61 24 19 11 52 28 0 66 66 14 38 29 68 49 55 37 77 35 35 43 55 68 50 49 18 50 75 42 38 30 64 68 51 65 85 37 71 54 22 52 53 54 44 82 
71 53 34 40 79 49 73 89 50 55 54 56 66 0 18 80 34 56 26 37 41 62 37 66 55 83 82 8 76 49 53 17 50 25 51 60 91 30 37 40 47 59 19 22 69 95 13 12 52 35 
69 59 50 45 72 42 58 87 53 54 39 63 66 18 0 80 42 63 44 49 26 71 20 56 46 72 69 25 64 35 57 18 32 25 60 51 77 12 24 56 30 68 5 12 74 84 20 22 64 20 
13 35 79 41 32 43 70 14 31 26 64 35 14 80 80 0 50 36 80 60 69 41 91 44 47 48 62 82 57 61 29 64 88 56 45 41 70 82 64 75 98 42 85 68 24 54 67 68 51 96 
44 19 31 9 60 37 72 61 19 29 55 22 38 34 42 50 0 22 31 14 48 29 60 54 46 69 75 34 68 50 21 24 66 19 18 46 85 50 43 30 70 26 47 34 35 81 23 22 22 62 
36 5 44 18 57 45 82 49 16 27 67 1 29 56 63 36 22 0 47 25 64 10 80 58 54 70 80 55 74 62 13 45 84 39 9 51 90 70 59 40 89 8 68 54 15 80 45 44 15 82 
75 46 8 40 89 62 93 92 49 60 74 48 68 26 44 80 31 47 0 22 63 49 63 80 71 97 100 19 93 69 51 34 76 37 39 73 109 55 59 15 73 46 46 44 62 109 29 26 37 62 
56 25 19 22 73 51 86 72 31 42 68 26 49 37 49 60 14 25 22 0 60 28 68 68 60 83 89 33 83 63 31 33 77 31 17 61 99 59 55 16 79 25 53 44 40 95 30 28 16 69 
56 59 68 47 52 25 32 72 49 45 14 64 55 41 26 69 48 64 63 60 0 74 24 34 25 49 44 48 39 11 54 29 20 30 65 31 52 18 6 72 30 71 29 19 70 60 34 37 70 30 
43 15 45 27 66 55 91 55 26 37 77 11 37 62 71 41 29 10 49 28 74 0 89 68 64 79 89 60 83 72 23 53 93 47 11 61 99 79 68 39 98 3 76 63 18 89 52 51 13 91 
79 75 70 62 76 48 51 95 67 66 36 79 77 37 20 91 60 80 63 68 24 89 0 58 49 72 65 44 61 34 72 36 17 41 78 55 71 10 27 76 10 86 17 26 89 83 39 41 82 7 
32 53 83 47 19 18 27 42 42 31 24 57 35 66 56 44 54 58 80 68 34 68 58 0 11 17 22 71 16 24 45 49 50 44 64 7 32 52 33 84 62 66 60 46 56 29 54 57 70 64 
34 49 74 40 28 9 28 48 38 28 17 53 35 55 46 47 46 54 71 60 25 64 49 11 0 27 29 61 23 15 41 39 42 34 58 7 39 42 22 75 54 62 50 35 55 40 44 47 65 55 
38 66 99 62 16 35 29 41 55 43 36 69 43 83 72 48 69 70 97 83 49 79 72 17 27 0 15 88 14 38 57 66 61 61 77 24 22 67 49 99 75 78 76 62 66 12 71 74 84 79 
51 75 103 68 30 38 16 56 64 52 30 79 55 82 69 62 75 80 100 89 44 89 65 22 29 15 0 88 6 34 66 67 52 63 86 29 10 61 45 104 66 88 72 60 77 20 72 75 92 72 
74 52 27 41 84 54 80 92 51 58 60 55 68 8 25 82 34 55 19 33 48 60 44 71 61 88 88 0 82 55 54 22 58 28 49 65 98 37 44 34 54 57 27 29 68 101 17 15 49 42 
46 69 97 62 27 32 16 52 58 46 25 73 50 76 64 57 68 74 93 83 39 83 61 16 23 14 6 82 0 28 60 61 48 56 79 23 16 57 40 98 62 82 67 55 72 23 66 69 86 67 
49 57 73 46 42 19 24 63 47 40 5 62 49 49 35 61 50 62 69 63 11 72 34 24 15 38 34 55 28 0 50 35 27 33 65 22 42 29 11 76 39 70 39 27 66 50 40 43 71 41 
25 9 50 13 45 33 69 41 4 14 55 12 18 53 57 29 21 13 51 31 54 23 72 45 41 57 66 54 60 50 0 39 74 32 20 38 76 62 48 47 81 22 62 46 17 67 41 41 27 75 
55 41 39 27 62 32 59 72 35 39 40 45 50 17 18 64 24 45 34 33 29 53 36 49 39 66 67 22 61 35 39 0 44 8 42 43 76 26 24 43 46 50 23 11 56 78 6 8 46 38 
76 79 82 66 68 45 36 90 69 65 26 83 75 50 32 88 66 84 76 77 20 93 17 50 42 61 52 58 48 27 74 44 0 47 84 49 57 20 25 87 14 91 32 33 90 71 48 51 89 23 
47 34 41 20 55 26 57 65 28 31 38 38 42 25 25 56 19 39 37 31 30 47 41 44 34 61 63 28 56 33 32 8 47 0 37 37 72 31 24 43 51 44 30 15 49 73 11 13 42 44 
45 12 35 19 65 49 86 59 22 34 70 10 38 51 60 45 18 9 39 17 65 11 78 64 58 77 86 49 79 65 20 42 84 37 0 57 96 69 60 31 88 8 65 53 24 88 41 40 7 80 
28 47 76 39 21 11 31 41 35 24 23 50 30 60 51 41 46 51 73 61 31 61 55 7 7 24 29 65 23 22 38 43 49 37 57 0 39 48 29 76 61 60 56 40 51 36 48 50 63 61 
60 85 113 78 38 48 21 63 74 62 38 89 64 91 77 70 85 90 109 99 52 99 71 32 39 22 10 98 16 42 76 76 57 72 96 39 0 69 54 114 71 98 80 69 87 22 82 84 102 78 
70 65 62 52 69 40 49 87 58 57 32 69 68 30 12 82 50 70 55 59 18 79 10 52 42 67 61 37 57 29 62 26 20 31 69 48 69 0 19 67 20 76 12 16 79 78 29 32 72 14 
52 54 64 41 50 21 35 68 44 40 16 58 51 37 24 64 43 59 59 55 6 68 27 33 22 49 45 44 40 11 48 24 25 24 60 29 54 19 0 67 34 66 28 16 65 60 30 33 65 33 
72 40 8 38 90 66 100 88 47 59 82 41 65 40 56 75 30 40 15 16 72 39 76 84 75 99 104 34 98 76 47 43 87 43 31 76 114 67 67 0 86 37 59 54 54 111 39 36 26 75 
86 85 80 71 81 55 50 101 76 74 39 89 85 47 30 98 70 89 73 79 30 98 10 62 54 75 66 54 62 39 81 46 14 51 88 61 71 20 34 86 0 95 28 36 98 85 49 51 92 13 
43 13 42 25 65 53 90 56 24 36 75 9 37 59 68 42 26 8 46 25 71 3 86 66 62 78 88 57 82 70 22 50 91 44 8 60 98 76 66 37 95 0 73 60 19 88 49 48 10 88 
74 64 53 50 77 46 60 92 58 59 42 68 71 19 5 85 47 68 46 53 29 76 17 60 50 76 72 27 67 39 62 23 32 30 65 56 80 12 28 59 28 73 0 17 79 88 24 25 68 16 
58 49 50 36 61 30 51 75 42 43 32 53 54 22 12 68 34 54 44 44 19 63 26 46 35 62 60 29 55 27 46 11 33 15 53 40 69 16 16 54 36 60 17 0 63 74 15 18 57 29 
28 16 59 29 51 48 82 37 21 27 70 14 22 69 74 24 35 15 62 40 70 18 89 56 55 66 77 68 72 66 17 56 90 49 24 51 87 79 65 54 98 19 79 63 0 74 57 56 29 92 
46 76 111 73 23 47 37 44 66 54 47 79 52 95 84 54 81 80 109 95 60 89 83 29 40 12 20 101 23 50 67 78 71 73 88 36 22 78 60 111 85 88 88 74 74 0 84 86 94 90 
58 41 34 28 67 37 65 76 37 42 46 45 53 13 20 67 23 45 29 30 34 52 39 54 44 71 72 17 66 40 41 6 48 11 41 48 82 29 30 39 49 49 24 15 57 84 0 3 44 40 
59 41 31 28 69 39 68 77 37 43 48 44 54 12 22 68 22 44 26 28 37 51 41 57 47 74 75 15 69 43 41 8 51 13 40 50 84 32 33 36 51 48 25 18 56 86 3 0 42 42 
51 18 32 25 72 56 92 65 29 41 76 16 44 52 64 51 22 15 37 16 70 13 82 70 65 84 92 49 86 71 27 46 89 42 7 63 102 72 65 26 92 10 68 57 29 94 44 42 0 84 
84 78 69 64 82 54 57 100 71 70 43 82 82 35 20 96 62 82 62 69 30 91 7 64 55 79 72 42 67 41 75 38 23 44 80 61 78 14 33 75 13 88 16 29 92 90 40 42 84 0 
0 1000
803 1404
3543 4104
4504 5442
4222 4729
246 296
2429 3217
2353 2384
3851 4621
3783 4734
1877 2696
4470 5405
1682 2273
511 1162
142 223
3710 4030
4098 4627
296 1066
2821 3278
1808 2467
404 1037
2974 3332
2258 2483
3133 3780
3443 4116
4686 5402
2452 2458
1758 2498
3219 3267
2654 2981
1460 2106
693 827
1563 1927
3286 3457
2100 2175
1113 1484
4279 4381
4368 4702
1982 2599
628 1025
986 1737
2927 3783
3060 3209
2568 3346
1238 1969
3976 4364
1384 1898
3384 4368
4780 5342
4577 4968
23.827926916915644 50.58566317555193 94.43182864507934 58.058838454850125 16.178206938269902 46.892722818565936 39.21636689475101 6.098358183811381 47.898473976249065 39.839426085424066 52.598677180748886 49.451081284140116 29.55200137923083 94.59338416102877 88.22197715443512 16.900958107800644 66.73728280684298 50.0950421767225 96.62354693622936 75.37035592733687 65.6502777635055 50.31483848081678 88.58517766615705 32.2794031917755 42.77808677182412 16.689370140484893 23.866694873218698 97.74136360175766 27.80238570995126 55.058935722367664 45.733984166219386 77.37041391274198 75.2843072068445 70.05401993336065 59.100587515561244 36.97946554342961 18.726502748247054 83.72099717263075 65.00188457011288 89.46515580487606 89.5009527743825 52.74670422246233 92.63851892256909 77.03024227591672 35.295798081108806 5.462513899070198 81.4853601519423 82.98510615676366 63.10449788236892 95.1052637334545 
40.171564699729444 20.677046054830072 15.881525302759957 32.06202096269296 61.60627770496555 60.881842582064515 96.48857710332258 38.19395635544199 31.785359162959757 41.1658903559029 82.73160614755088 16.550498547951353 36.26637316075433 49.485298767007 65.97089305191716 29.76515240321366 29.718830553400576 15.65991910450839 23.0666291842076 18.332898670373645 77.95201258088348 5.679991695288367 85.54097591340093 70.8803493755337 68.97094193878384 77.61163104232008 91.01752835927668 42.5123767981381 85.97919338357688 77.84790260461399 28.245094255471336 51.26447696169827 95.56003023003926 48.681927731785514 12.947475550305853 65.30650724478612 99.68643894413246 76.91745423036798 72.32111764609427 9.828134436650583 95.93254708761914 7.884881812541844 68.5831931912168 62.31970181044295 14.727898426891706 82.32422016820752 47.51152566274733 45.01749115109591 7.548145170956955 84.73857020671987 