50
0 7 4 97 50 16 93 17 69 76 16 31 96 31 61 23 90 82 111 76 90 20 37 81 32 85 31 81 27 51 107 70 54 75 49 128 92 36 74 97 33 85 104 64 82 81 43 30 61 31 
7 0 10 100 53 23 95 14 70 76 22 31 101 37 60 30 89 80 115 80 94 27 43 82 34 91 33 86 28 52 111 77 60 82 54 132 97 35 81 102 38 90 108 64 82 89 48 36 68 38 
4 10 0 99 53 15 96 21 72 79 18 34 97 33 65 22 94 85 113 78 91 19 37 84 35 86 34 82 31 55 109 70 55 75 50 129 93 40 74 98 34 87 105 67 86 80 44 30 61 31 
97 100 99 0 48 89 24 89 39 48 81 72 30 68 63 87 61 63 24 23 22 87 67 38 67 53 67 33 73 56 17 66 51 70 54 35 34 73 77 26 67 20 29 47 45 87 61 75 68 81 
50 53 53 48 0 46 43 41 21 33 36 24 56 28 31 47 52 46 66 30 47 46 31 34 20 59 20 44 25 16 60 56 29 62 26 81 54 27 66 55 27 42 62 20 38 78 28 37 51 45 
16 23 15 89 46 0 89 27 67 76 12 34 84 21 65 7 93 85 101 67 79 4 24 79 32 71 29 69 30 52 97 55 42 60 37 118 80 41 59 86 23 75 92 63 82 66 31 16 46 16 
93 95 96 24 43 89 0 82 25 27 79 64 53 70 46 89 38 40 47 35 43 89 71 17 61 72 63 52 67 45 41 81 60 86 60 56 55 63 92 49 69 39 53 32 23 104 66 78 81 85 
17 14 21 89 41 27 82 0 57 62 19 18 93 33 45 34 74 66 106 70 86 31 39 68 22 87 23 79 16 38 101 75 54 81 48 122 90 20 82 93 34 81 100 51 68 90 44 36 67 40 
69 70 72 39 21 67 25 57 0 15 55 39 58 49 25 67 34 30 61 32 48 66 51 13 37 69 38 50 42 20 55 71 46 77 44 74 58 38 82 56 48 42 62 8 18 94 48 58 68 65 
76 76 79 48 33 76 27 62 15 0 64 45 71 61 19 78 19 16 71 46 60 77 64 10 44 83 47 64 49 25 65 86 60 92 58 82 71 41 97 68 59 55 73 13 7 108 61 69 82 77 
16 22 18 81 36 12 79 19 55 64 0 22 80 16 52 16 80 73 95 59 73 14 21 68 20 70 17 65 18 40 90 57 38 62 33 111 76 29 63 80 17 69 87 51 70 71 27 16 48 21 
31 31 34 72 24 34 64 18 39 45 22 0 79 27 31 37 59 52 90 54 70 35 33 50 6 76 9 65 4 21 84 68 43 74 38 105 76 8 76 78 27 65 85 33 51 86 35 33 60 41 
96 101 97 30 56 84 53 93 58 71 80 79 0 64 81 80 87 87 20 26 10 81 60 62 73 26 71 15 78 70 20 44 42 46 47 36 5 83 53 4 63 16 8 65 70 62 54 68 49 72 
31 37 33 68 28 21 70 33 49 61 16 27 64 0 53 19 79 72 80 46 59 19 6 62 22 55 18 49 24 39 76 42 23 48 17 97 61 35 50 65 2 55 72 47 66 59 11 8 34 16 
61 60 65 63 31 65 46 45 25 19 52 31 81 53 0 68 29 21 86 55 71 66 58 29 33 89 37 72 35 15 80 87 60 93 56 98 81 25 97 80 52 66 86 17 26 108 57 61 81 69 
23 30 22 87 47 7 89 34 67 78 16 37 80 19 68 0 95 88 97 64 75 3 20 80 35 65 31 65 33 54 93 49 38 53 34 114 75 45 52 81 20 72 88 65 83 59 27 12 39 9 
90 89 94 61 52 93 38 74 34 19 80 59 87 79 29 95 0 9 85 64 77 93 82 25 60 102 64 82 63 41 79 105 79 111 77 93 89 54 116 84 77 72 89 32 17 127 80 87 101 95 
82 80 85 63 46 85 40 66 30 16 73 52 87 72 21 88 9 0 86 62 77 86 76 25 53 99 56 80 56 33 80 101 74 107 72 96 88 46 112 84 71 71 89 27 18 123 74 80 97 88 
111 115 113 24 66 101 47 106 61 71 95 90 20 80 86 97 85 86 0 36 22 98 77 61 85 46 83 33 90 77 6 64 59 66 64 17 26 93 74 17 79 26 13 69 69 82 71 85 69 90 
76 80 78 23 30 67 35 70 32 46 59 54 26 46 55 64 64 62 36 0 17 65 44 39 49 38 48 18 55 44 31 46 28 51 31 52 26 58 58 25 44 11 32 39 47 69 38 52 47 58 
90 94 91 22 47 79 43 86 48 60 73 70 10 59 71 75 77 77 22 17 0 77 55 52 65 31 63 13 71 60 19 46 38 49 42 39 12 74 56 8 57 6 15 55 60 66 49 64 49 68 
20 27 19 87 46 4 89 31 66 77 14 35 81 19 66 3 93 86 98 65 77 0 21 79 33 67 30 66 31 53 95 51 39 56 35 115 77 43 55 83 21 73 89 63 82 62 28 13 42 12 
37 43 37 67 31 24 71 39 51 64 21 33 60 6 58 20 82 76 77 44 55 21 0 64 28 49 24 45 30 43 73 36 18 42 13 94 56 41 43 61 6 51 68 50 68 53 6 9 28 15 
81 82 84 38 34 79 17 68 13 10 68 50 62 62 29 80 25 25 61 39 52 79 64 0 49 77 51 57 54 30 55 82 57 88 56 71 64 48 93 60 61 47 64 17 8 105 60 70 79 78 
32 34 35 67 20 32 61 22 37 44 20 6 73 22 33 35 60 53 85 49 65 33 28 49 0 70 4 59 6 20 80 62 37 68 32 100 71 13 71 73 22 60 80 32 51 81 30 29 55 37 
85 91 86 53 59 71 72 87 69 83 70 76 26 55 89 65 102 99 46 38 31 67 49 77 70 0 67 21 75 75 47 20 33 20 39 61 21 83 27 30 54 33 33 74 85 36 43 55 28 56 
31 33 34 67 20 29 63 23 38 47 17 9 71 18 37 31 64 56 83 48 63 30 24 51 4 67 0 57 8 23 78 58 34 64 28 99 68 17 67 71 17 58 78 34 53 77 26 25 51 33 
81 86 82 33 44 69 52 79 50 64 65 65 15 49 72 65 82 80 33 18 13 66 45 57 59 21 57 0 64 59 31 33 27 36 32 50 11 70 44 17 48 13 23 56 65 54 39 53 36 57 
27 28 31 73 25 30 67 16 42 49 18 4 78 24 35 33 63 56 90 55 71 31 30 54 6 75 8 64 0 24 85 65 41 72 36 106 76 12 73 78 24 65 85 36 55 83 33 30 58 37 
51 52 55 56 16 52 45 38 20 25 40 21 70 39 15 54 41 33 77 44 60 53 43 30 20 75 23 59 24 0 71 72 45 78 41 91 69 18 82 69 38 55 75 13 31 93 42 47 66 55 
107 111 109 17 60 97 41 101 55 65 90 84 20 76 80 93 79 80 6 31 19 95 73 55 80 47 78 31 85 71 0 63 56 66 60 21 25 87 73 17 75 22 15 63 63 82 67 82 68 87 
70 77 70 66 56 55 81 75 71 86 57 68 44 42 87 49 105 101 64 46 46 51 36 82 62 20 58 33 65 72 63 0 27 6 31 80 38 75 12 47 42 46 52 74 88 23 32 41 9 40 
54 60 55 51 29 42 60 54 46 60 38 43 42 23 60 38 79 74 59 28 38 39 18 57 37 33 34 27 41 45 56 27 0 33 6 76 38 50 37 43 21 34 50 48 63 49 12 26 22 31 
75 82 75 70 62 60 86 81 77 92 62 74 46 48 93 53 111 107 66 51 49 56 42 88 68 20 64 36 72 78 66 6 33 0 37 81 40 81 7 49 48 49 53 81 94 18 39 46 14 44 
49 54 50 54 26 37 60 48 44 58 33 38 47 17 56 34 77 72 64 31 42 35 13 56 32 39 28 32 36 41 60 31 6 37 0 80 43 44 41 48 16 38 55 45 62 52 7 22 25 27 
128 132 129 35 81 118 56 122 74 82 111 105 36 97 98 114 93 96 17 52 39 115 94 71 100 61 99 50 106 91 21 80 76 81 80 0 42 108 89 34 95 42 28 82 78 97 87 102 86 107 
92 97 93 34 54 80 55 90 58 71 76 76 5 61 81 75 89 88 26 26 12 77 56 64 71 21 68 11 76 69 25 38 38 40 43 42 0 81 48 9 59 16 13 65 71 57 50 64 44 67 
36 35 40 73 27 41 63 20 38 41 29 8 83 35 25 45 54 46 93 58 74 43 41 48 13 83 17 70 12 18 87 75 50 81 44 108 81 0 84 82 34 69 89 31 48 94 43 41 68 48 
74 81 74 77 66 59 92 82 82 97 63 76 53 50 97 52 116 112 74 58 56 55 43 93 71 27 67 44 73 82 73 12 37 7 41 89 48 84 0 57 50 57 61 85 100 11 41 46 16 43 
97 102 98 26 55 86 49 93 56 68 80 78 4 65 80 81 84 84 17 25 8 83 61 60 73 30 71 17 78 69 17 47 43 49 48 34 9 82 57 0 64 14 7 63 67 66 55 70 52 74 
33 38 34 67 27 23 69 34 48 59 17 27 63 2 52 20 77 71 79 44 57 21 6 61 22 54 17 48 24 38 75 42 21 48 16 95 59 34 50 64 0 53 71 46 65 59 10 10 34 18 
85 90 87 20 42 75 39 81 42 55 69 65 16 55 66 72 72 71 26 11 6 73 51 47 60 33 58 13 65 55 22 46 34 49 38 42 16 69 57 14 53 0 20 49 55 67 45 60 48 65 
104 108 105 29 62 92 53 100 62 73 87 85 8 72 86 88 89 89 13 32 15 89 68 64 80 33 78 23 85 75 15 52 50 53 55 28 13 89 61 7 71 20 0 69 72 69 62 77 57 80 
64 64 67 47 20 63 32 51 8 13 51 33 65 47 17 65 32 27 69 39 55 63 50 17 32 74 34 56 36 13 63 74 48 81 45 82 65 31 85 63 46 49 69 0 19 97 48 56 70 64 
82 82 86 45 38 82 23 68 18 7 70 51 70 66 26 83 17 18 69 47 60 82 68 8 51 85 53 65 55 31 63 88 63 94 62 78 71 48 100 67 65 55 72 19 0 111 66 75 86 82 
81 89 80 87 78 66 104 90 94 108 71 86 62 59 108 59 127 123 82 69 66 62 53 105 81 36 77 54 83 93 82 23 49 18 52 97 57 94 11 66 59 67 69 97 111 0 51 55 27 51 
43 48 44 61 28 31 66 44 48 61 27 35 54 11 57 27 80 74 71 38 49 28 6 60 30 43 26 39 33 42 67 32 12 39 7 87 50 43 41 55 10 45 62 48 66 51 0 15 25 20 
30 36 30 75 37 16 78 36 58 69 16 33 68 8 61 12 87 80 85 52 64 13 9 70 29 55 25 53 30 47 82 41 26 46 22 102 64 41 46 70 10 60 77 56 75 55 15 0 32 8 
61 68 61 68 51 46 81 67 68 82 48 60 49 34 81 39 101 97 69 47 49 42 28 79 55 28 51 36 58 66 68 9 22 14 25 86 44 68 16 52 34 48 57 70 86 27 25 32 0 30 
31 38 31 81 45 16 85 40 65 77 21 41 72 16 69 9 95 88 90 58 68 12 15 78 37 56 33 57 37 55 87 40 31 44 27 107 67 48 43 74 18 65 80 64 82 51 20 8 30 0 
0 1000
3649 4416
602 738
2478 3448
1447 1686
1356 1459
2955 3017
4828 4994
3241 4138
923 1588
764 1605
1815 2211
2703 3127
3102 3934
3765 3777
2843 3037
2086 2558
2185 2497
278 960
197 978
4386 4721
1924 2234
4586 4590
4254 4369
35 715
4091 4982
3423 3937
5124 5196
5398 6287
4931 5849
1552 1695
5027 5055
5449 5772
1696 1973
5292 5337
3961 4092
1162 2003
708 1487
5169 5658
4669 5189
3373 3612
4481 4945
121 564
3845 4150
2622 3093
457 1050
3509 4282
2308 2399
1252 1881
1040 1458
6.936802655500385 8.469737789537868 3.345400888769068 84.49826666093615 51.76326840321476 5.965534567811437 93.19565917824927 22.763764894623094 72.41316148495982 82.16918130084181 17.85089480026616 37.6532619944597 62.247003922650876 23.593376656338847 68.04852268958818 5.2683146507352845 96.83342804322534 88.52770754349216 82.41450506346438 62.28833864549384 65.12103311612792 6.053686853350449 22.66963108914054 85.30686040966236 37.72021795035916 36.04979347264244 34.9572676683383 52.273575704796926 33.8551426043774 57.63142475852515 82.33783275889972 19.603548073330668 34.50418541764676 16.633454816998327 33.19674936128375 96.36241229385807 57.00855929479388 42.80711736296248 9.245028029963741 65.82760177781107 25.183338142772303 64.68754300031635 69.30003890333921 69.21355082046126 88.18908221330459 0.1503596129416529 27.299141983808116 15.288056561489194 16.515699233109736 7.840331190640226 
8.370869050378715 1.2953249155869595 9.330049468615675 66.38662779947936 31.606430209839896 23.84785867234257 43.86861030814706 2.2001201217607846 29.637471358175937 18.85048536302807 20.64472795650538 12.091590872886071 86.68299485129388 35.09946921101979 5.434927805072832 30.864772582675048 6.5295506040084605 3.8814123401946454 89.83311121997389 60.19390469609742 76.75796124155312 27.901422275280318 41.393688229633675 28.725064828686598 17.856778592969846 88.33554236630587 21.18512808483397 75.3290658260343 13.551127741651436 16.751921495351695 83.75218715935355 77.34377419318113 55.02971174058888 83.01843419195178 49.41741975486664 99.31875419447277 85.68743927383827 6.03157364081831 82.61854978090653 85.05897321383617 35.659819761650446 71.15363794610141 91.10292925022094 22.05729211550046 21.45551156972282 89.51243631723635 45.82071132154872 36.9067387100379 68.53643043390485 39.57645670663342 