50
0 89 39 18 29 73 50 52 50 81 45 23 49 78 62 61 43 90 34 40 59 73 22 22 33 22 20 63 35 61 74 38 95 20 65 85 52 79 54 51 75 21 78 21 32 32 9 45 54 47 
89 0 50 71 111 18 45 61 41 54 51 96 55 37 87 61 92 1 100 82 77 18 67 69 72 82 106 51 92 83 51 73 20 109 42 56 46 33 51 43 34 81 60 74 99 61 90 57 78 62 
39 50 0 22 61 36 23 29 18 50 12 51 22 42 64 37 57 51 53 39 56 35 20 22 27 38 56 42 46 61 52 38 59 58 30 55 18 42 34 22 45 37 50 24 51 19 42 30 44 26 
18 71 22 0 44 55 33 41 32 68 30 31 37 63 56 51 42 72 42 38 50 54 5 6 27 20 36 48 39 54 59 29 77 38 50 73 37 64 39 34 58 19 67 15 40 15 20 31 49 37 
29 111 61 44 0 97 77 60 76 88 61 47 61 91 91 67 70 112 18 38 88 96 49 50 41 51 12 91 27 90 103 67 120 15 78 92 67 94 83 78 102 50 83 37 18 59 36 74 52 56 
73 18 36 55 97 0 27 53 24 57 40 78 47 40 70 57 73 19 88 72 60 2 51 52 61 64 91 34 81 66 37 54 23 93 39 59 37 37 33 25 20 64 61 60 86 43 73 39 72 53 
50 45 23 33 77 27 0 52 7 67 35 52 45 55 47 59 47 46 73 62 37 27 28 28 50 38 70 18 68 43 29 28 45 71 46 71 37 53 11 3 25 37 69 43 71 19 49 13 67 49 
52 61 29 41 60 53 52 0 45 29 17 71 7 32 93 9 82 61 44 23 85 52 42 45 20 61 60 70 35 90 79 66 76 64 20 34 16 35 62 50 69 60 26 31 43 46 58 59 18 5 
50 41 18 32 76 24 7 45 0 60 28 55 38 48 54 52 52 43 70 57 45 24 27 28 45 41 69 25 64 50 35 33 45 70 39 64 30 46 18 5 28 40 62 40 67 19 50 19 61 43 
81 54 50 68 88 57 67 29 60 0 39 99 32 17 113 21 107 54 71 50 104 55 68 70 49 87 89 84 62 110 91 89 74 94 21 4 32 21 78 65 76 86 7 60 71 69 87 78 38 34 
45 51 12 30 61 40 35 17 28 39 0 60 10 34 77 25 68 52 49 32 68 39 29 32 22 48 58 53 41 73 63 51 63 62 20 43 7 35 46 33 53 48 38 25 48 31 49 42 33 15 
23 96 51 31 47 78 52 71 55 99 60 0 67 93 45 80 23 97 56 62 44 78 32 29 54 14 35 58 58 45 68 28 97 33 81 103 68 94 51 54 74 15 97 41 54 36 14 42 76 66 
49 55 22 37 61 47 45 7 38 32 10 67 0 31 86 15 77 56 47 26 78 46 37 40 20 56 60 63 38 83 72 60 70 64 18 36 10 33 56 43 62 55 30 28 45 40 55 52 24 6 
78 37 42 63 91 40 55 32 48 17 34 93 31 0 101 29 98 37 76 55 92 38 62 64 50 81 90 70 67 98 75 79 56 94 13 19 26 4 65 52 60 80 23 58 75 60 83 66 47 36 
62 87 64 56 91 70 47 93 54 113 77 45 86 101 0 101 22 88 96 94 10 71 53 51 83 41 79 36 95 4 40 27 78 78 92 117 81 100 37 50 54 41 114 71 93 46 55 35 105 89 
61 61 37 51 67 57 59 9 52 21 25 80 15 29 101 0 91 62 50 28 93 55 51 54 28 70 68 77 41 98 86 75 78 73 20 25 22 32 70 57 74 69 17 40 49 55 68 67 18 14 
43 92 57 42 70 73 47 82 52 107 68 23 77 98 22 91 0 93 77 79 24 74 40 38 69 23 58 45 77 23 53 19 88 56 87 111 74 97 41 50 64 24 107 56 75 38 34 34 91 78 
90 1 51 72 112 19 46 61 43 54 52 97 56 37 88 62 93 0 101 82 78 19 68 70 73 83 107 52 93 84 52 74 20 110 42 56 47 33 52 44 35 83 60 75 100 62 91 58 79 63 
34 100 53 42 18 88 73 44 70 71 49 56 47 76 96 50 77 101 0 22 91 87 47 48 28 55 26 89 9 94 101 70 111 31 64 75 55 79 81 73 97 55 66 30 3 57 43 73 34 41 
40 82 39 38 38 72 62 23 57 50 32 62 26 55 94 28 79 82 22 0 88 70 41 44 12 56 42 80 12 92 91 67 95 46 43 54 35 58 71 61 84 55 45 23 21 50 48 65 15 20 
59 77 56 50 88 60 37 85 45 104 68 44 78 92 10 93 24 78 91 88 0 61 46 44 76 37 77 27 89 6 32 21 69 76 83 108 73 91 27 40 45 38 106 65 89 39 52 26 97 81 
73 18 35 54 96 2 27 52 24 55 39 78 46 38 71 55 74 19 87 70 61 0 50 51 60 64 90 35 80 67 38 55 25 92 37 58 36 35 34 25 22 64 59 59 85 43 73 40 70 52 
22 67 20 5 49 51 28 42 27 68 29 32 37 62 53 51 40 68 47 41 46 50 0 3 30 19 41 43 44 50 54 26 72 43 49 72 36 62 34 29 53 19 67 19 45 10 23 26 52 38 
22 69 22 6 50 52 28 45 28 70 32 29 40 64 51 54 38 70 48 44 44 51 3 0 32 17 41 42 45 48 54 23 73 42 51 75 38 64 33 29 53 16 70 21 46 10 22 25 54 40 
33 72 27 27 41 61 50 20 45 49 22 54 20 50 83 28 69 73 28 12 76 60 30 32 0 46 41 68 20 80 79 56 84 45 37 53 27 53 59 49 72 46 45 13 26 38 41 53 22 15 
22 82 38 20 51 64 38 61 41 87 48 14 56 81 41 70 23 83 55 56 37 64 19 17 46 0 40 45 55 40 56 17 83 39 68 92 55 81 38 40 61 1 86 33 53 22 14 29 69 56 
20 106 56 36 12 91 70 60 69 89 58 35 60 90 79 68 58 107 26 42 77 90 41 41 41 40 0 82 32 79 94 57 113 5 77 94 65 92 74 70 95 40 85 33 24 51 25 65 56 56 
63 51 42 48 91 34 18 70 25 84 53 58 63 70 36 77 45 52 89 80 27 35 43 42 68 45 82 0 85 32 12 29 43 83 63 88 55 68 9 20 19 45 86 60 87 32 59 17 86 67 
35 92 46 39 27 81 68 35 64 62 41 58 38 67 95 41 77 93 9 12 89 80 44 45 20 55 32 85 0 93 96 68 104 37 55 66 46 70 76 67 91 54 57 25 9 53 44 69 26 32 
61 83 61 54 90 66 43 90 50 110 73 45 83 98 4 98 23 84 94 92 6 67 50 48 80 40 79 32 93 0 36 25 74 77 89 114 78 96 33 46 51 40 111 69 92 43 54 32 102 86 
74 51 52 59 103 37 29 79 35 91 63 68 72 75 40 86 53 52 101 91 32 38 54 54 79 56 94 12 96 36 0 40 39 94 71 94 64 73 20 30 17 56 94 71 98 44 70 29 96 77 
38 73 38 29 67 54 28 66 33 89 51 28 60 79 27 75 19 74 70 67 21 55 26 23 56 17 57 29 68 25 40 0 70 56 68 93 56 78 24 30 47 17 89 44 67 20 32 15 77 62 
95 20 59 77 120 23 45 76 45 74 63 97 70 56 78 78 88 20 111 95 69 25 72 73 84 83 113 43 104 74 39 70 0 115 59 76 60 53 47 44 24 83 79 83 110 63 94 55 94 76 
20 109 58 38 15 93 71 64 70 94 62 33 64 94 78 73 56 110 31 46 76 92 43 42 45 39 5 83 37 77 94 56 115 0 81 98 69 96 75 72 96 39 90 36 29 52 24 65 61 60 
65 42 30 50 78 39 46 20 39 21 20 81 18 13 92 20 87 42 64 43 83 37 49 51 37 68 77 63 55 89 71 68 59 81 0 25 13 15 58 44 57 67 23 45 63 49 70 57 37 23 
85 56 55 73 92 59 71 34 64 4 43 103 36 19 117 25 111 56 75 54 108 58 72 75 53 92 94 88 66 114 94 93 76 98 25 0 37 23 82 69 79 91 9 64 75 74 91 82 41 38 
52 46 18 37 67 37 37 16 30 32 7 68 10 26 81 22 74 47 55 35 73 36 36 38 27 55 65 55 46 78 64 56 60 69 13 37 0 27 48 35 53 54 33 33 53 37 57 46 34 16 
79 33 42 64 94 37 53 35 46 21 35 94 33 4 100 32 97 33 79 58 91 35 62 64 53 81 92 68 70 96 73 78 53 96 15 23 27 0 64 51 57 80 27 60 78 60 84 65 51 38 
54 51 34 39 83 33 11 62 18 78 46 51 56 65 37 70 41 52 81 71 27 34 34 33 59 38 74 9 76 33 20 24 47 75 58 82 48 64 0 14 23 38 80 51 78 24 51 9 78 60 
51 43 22 34 78 25 3 50 5 65 33 54 43 52 50 57 50 44 73 61 40 25 29 29 49 40 70 20 67 46 30 30 44 72 44 69 35 51 14 0 24 39 67 43 71 20 50 15 66 47 
75 34 45 58 102 20 25 69 28 76 53 74 62 60 54 74 64 35 97 84 45 22 53 53 72 61 95 19 91 51 17 47 24 96 57 79 53 57 23 24 0 61 80 68 95 43 73 32 87 68 
21 81 37 19 50 64 37 60 40 86 48 15 55 80 41 69 24 83 55 55 38 64 19 16 46 1 40 45 54 40 56 17 83 39 67 91 54 80 38 39 61 0 85 33 52 21 14 28 68 56 
78 60 50 67 83 61 69 26 62 7 38 97 30 23 114 17 107 60 66 45 106 59 67 70 45 86 85 86 57 111 94 89 79 90 23 9 33 27 80 67 80 85 0 57 66 69 84 79 32 31 
21 74 24 15 37 60 43 31 40 60 25 41 28 58 71 40 56 75 30 23 65 59 19 21 13 33 33 60 25 69 71 44 83 36 45 64 33 60 51 43 68 33 57 0 27 28 28 44 35 26 
32 99 51 40 18 86 71 43 67 71 48 54 45 75 93 49 75 100 3 21 89 85 45 46 26 53 24 87 9 92 98 67 110 29 63 75 53 78 78 71 95 52 66 27 0 55 40 70 35 40 
32 61 19 15 59 43 19 46 19 69 31 36 40 60 46 55 38 62 57 50 39 43 10 10 38 22 51 32 53 43 44 20 63 52 49 74 37 60 24 20 43 21 69 28 55 0 30 16 59 42 
9 90 42 20 36 73 49 58 50 87 49 14 55 83 55 68 34 91 43 48 52 73 23 22 41 14 25 59 44 54 70 32 94 24 70 91 57 84 51 50 73 14 84 28 40 30 0 42 62 54 
45 57 30 31 74 39 13 59 19 78 42 42 52 66 35 67 34 58 73 65 26 40 26 25 53 29 65 17 69 32 29 15 55 65 57 82 46 65 9 15 32 28 79 44 70 16 42 0 73 56 
54 78 44 49 52 72 67 18 61 38 33 76 24 47 105 18 91 79 34 15 97 70 52 54 22 69 56 86 26 102 96 77 94 61 37 41 34 51 78 66 87 68 32 35 35 59 62 73 0 19 
47 62 26 37 56 53 49 5 43 34 15 66 6 36 89 14 78 63 41 20 81 52 38 40 15 56 56 67 32 86 77 62 76 60 23 38 16 38 60 47 68 56 31 26 40 42 54 56 19 0 
0 1000
4501 4981
2377 2962
2761 3728
3858 4543
1056 1472
71 375
2282 2831
172 244
2090 2722
397 1393
4631 4772
4812 4927
2663 2937
1835 2647
1334 2225
1884 1956
3600 4566
3091 4011
440 760
1464 2166
1389 2062
3198 3814
3456 3467
2600 3556
283 728
1686 2305
4140 4223
2223 2296
3347 3656
2446 2985
4214 4448
4462 4620
1171 1378
4322 5015
4744 5031
1557 1878
2958 3436
734 737
651 1467
2895 3831
303 1154
4010 4477
4852 5225
3769 4305
2728 3729
1243 1898
997 1377
843 1310
556 965
65.88345799635802 27.08348882263607 53.30944636501231 56.72515644163866 94.22971186544271 27.353032033276325 30.004123797536142 79.42063558895181 35.75870784358639 81.24117400137038 63.287465491380004 47.29390429400592 72.61181171652409 64.06719646676984 3.552010595132926 84.27650207959682 24.3528240624055 26.86928213178481 98.53164152868976 91.53485225996747 7.370566836178261 29.210919588756234 52.193450887265335 50.5424035350717 79.50988694064954 44.35128078340944 82.57605049916275 11.987476203846015 95.75484797761071 4.80199803608059 1.2075156487525662 28.647172882113857 7.74310006961495 80.33152814533042 65.82635861876595 82.86832883788048 63.36348392187256 60.10109416770983 20.274977653995496 31.102230414777576 10.325406709801143 44.66021123070215 86.73235537050142 70.80167780758327 96.02817981375685 42.67126493826873 58.142197663843355 26.960427856179837 96.6677240305121 77.96099722706637 
83.70932089908965 3.3571297297349867 46.36441387390416 68.16290367406641 91.5826761746976 21.54184860038417 48.30764312196133 33.75860769307318 43.81376054455113 4.560541986577915 39.07893043318188 97.25249426089428 35.04100106721253 5.471631921973696 86.94590738050181 25.816866038079066 94.9346002729406 2.216183996127985 73.65645140102295 53.278222357037244 78.17783047494336 21.127469225962546 65.85728983227933 67.97234276198037 53.38356288952147 83.60990469319037 93.93071735548412 51.86783357592613 64.80485399603064 83.18743571889297 47.24220961842869 75.92582901984575 8.981460835577682 98.21033619414688 18.798110065150997 0.3746635295324374 31.686769302624008 4.442831485795972 53.92551123867527 45.80307884396415 32.88998682097408 82.79450634366519 8.589694520848013 63.388371215268016 73.80226475593832 61.97521571696185 88.08585684676602 60.59229034660635 39.27326948025398 38.29859901513787 