50
0 37 21 47 57 48 110 98 64 91 51 69 65 87 107 35 27 40 75 36 96 82 6 12 21 91 38 59 83 21 22 57 103 13 22 91 63 79 94 34 63 20 37 70 77 42 79 75 72 32 
37 0 45 21 58 13 75 62 47 86 36 32 38 51 72 7 53 6 54 17 61 46 34 30 16 83 10 43 46 23 39 41 68 31 17 64 40 72 60 53 67 40 28 36 41 9 45 54 55 7 
21 45 0 45 39 53 110 99 83 73 42 77 60 90 108 40 8 50 66 36 97 88 27 16 33 74 51 50 89 23 7 47 103 15 37 85 80 63 94 13 44 6 56 81 85 53 80 66 60 39 
47 21 45 0 42 15 65 54 67 66 16 38 19 45 63 16 52 25 33 11 52 44 47 36 31 62 31 22 47 26 38 20 58 36 35 46 59 52 49 48 51 39 49 47 45 28 34 33 34 19 
57 58 39 42 0 56 93 85 105 34 26 80 44 81 92 51 40 63 38 41 83 83 61 47 57 35 67 27 87 43 35 26 87 45 62 58 98 24 78 29 10 37 81 89 87 66 68 39 30 52 
48 13 53 15 56 0 63 50 53 80 31 25 28 39 60 13 60 14 45 18 49 35 46 40 28 77 19 36 37 30 46 35 56 40 30 53 44 66 48 58 66 47 39 32 33 15 33 45 48 15 
110 75 110 65 93 63 0 13 98 94 71 52 50 26 5 75 116 74 56 75 14 35 109 101 91 87 79 66 39 91 103 68 7 101 92 38 86 84 16 110 100 104 97 61 48 74 31 55 65 78 
98 62 99 54 85 50 13 0 85 91 61 39 41 13 10 63 105 61 50 64 2 22 96 89 78 84 66 58 27 79 92 60 7 89 80 36 73 80 7 100 93 93 83 49 35 61 19 50 59 66 
64 47 83 67 105 53 98 85 0 133 83 47 80 72 93 54 90 42 98 64 85 62 59 66 50 130 37 89 59 64 79 88 92 68 46 103 12 119 86 94 114 79 27 36 50 39 75 98 101 53 
91 86 73 66 34 80 94 91 133 0 50 99 58 92 95 79 73 91 42 69 88 97 95 80 88 7 95 44 102 75 70 45 89 79 93 56 124 14 83 62 31 72 111 110 104 93 78 42 35 81 
51 36 42 16 26 31 71 61 83 50 0 53 20 56 69 29 47 41 24 20 59 57 53 40 41 47 46 8 61 31 35 6 64 39 46 42 75 36 55 40 36 37 63 63 60 44 43 25 21 32 
69 32 77 38 80 25 52 39 47 99 53 0 41 25 47 37 84 29 59 43 39 17 66 63 48 94 31 56 15 54 70 56 46 64 47 58 35 85 40 83 89 71 46 12 8 27 29 59 65 38 
65 38 60 19 44 28 50 41 80 58 20 41 0 37 49 34 66 41 18 29 39 40 65 54 50 53 47 17 44 44 53 19 44 54 53 27 70 45 35 60 53 55 66 53 46 42 23 18 23 37 
87 51 90 45 81 39 26 13 72 92 56 25 37 0 22 52 97 49 50 55 13 10 85 79 67 86 54 54 14 69 83 55 20 79 68 41 60 80 16 93 90 84 71 36 22 48 14 50 58 55 
107 72 108 63 92 60 5 10 93 95 69 47 49 22 0 72 114 71 56 73 11 31 106 98 88 89 75 65 34 88 101 67 6 98 89 40 81 85 14 109 100 102 93 57 43 70 28 56 65 75 
35 7 40 16 51 13 75 63 54 79 29 37 34 52 72 0 48 13 49 10 61 48 34 27 16 76 17 36 49 18 34 34 68 28 19 61 47 65 60 47 60 35 34 42 45 16 44 49 49 3 
27 53 8 52 40 60 116 105 90 73 47 84 66 97 114 48 0 58 70 42 103 94 33 24 41 75 58 54 97 30 14 51 109 22 45 89 87 64 100 11 43 13 62 88 93 61 86 70 64 46 
40 6 50 25 63 14 74 61 42 91 41 29 41 49 71 13 58 0 58 22 61 43 37 35 19 88 6 47 43 28 45 46 68 36 19 67 34 77 60 58 73 45 25 31 37 3 45 58 60 12 
75 54 66 33 38 45 56 50 98 42 24 59 18 50 56 49 70 58 0 42 47 55 77 64 63 37 63 16 60 54 59 19 50 63 67 20 88 30 43 61 45 61 82 70 63 59 36 0 9 51 
36 17 36 11 41 18 75 64 64 69 20 43 29 55 73 10 42 22 42 0 62 52 36 26 22 67 27 28 54 15 29 26 68 25 26 56 57 55 59 40 50 30 43 50 51 25 45 42 41 12 
96 61 97 52 83 49 14 2 85 88 59 39 39 13 11 61 103 61 47 62 0 23 95 87 77 82 65 55 27 77 90 57 7 87 79 34 74 77 5 98 91 91 83 49 36 60 17 47 56 64 
82 46 88 44 83 35 35 22 62 97 57 17 40 10 31 48 94 43 55 52 23 0 80 75 62 91 47 57 5 66 81 57 30 76 62 49 51 84 25 92 92 82 63 26 13 42 20 55 62 50 
6 34 27 47 61 46 109 96 59 95 53 66 65 85 106 34 33 37 77 36 95 80 0 15 18 95 35 61 80 22 27 59 102 16 18 92 58 83 93 40 68 25 31 66 74 39 78 77 74 31 
12 30 16 36 47 40 101 89 66 80 40 63 54 79 98 27 24 35 64 26 87 75 15 0 17 80 35 48 76 10 14 45 94 2 21 80 63 68 85 28 54 12 39 66 71 38 70 64 60 25 
21 16 33 31 57 28 91 78 50 88 41 48 50 67 88 16 41 19 63 22 77 62 18 17 0 87 18 49 62 14 29 47 84 19 5 77 46 75 76 44 65 29 25 49 56 22 60 63 62 13 
91 83 74 62 35 77 87 84 130 7 47 94 53 86 89 76 75 88 37 67 82 91 95 80 87 0 93 41 96 74 70 42 83 78 92 49 121 12 77 64 33 72 109 106 99 90 72 37 30 78 
38 10 51 31 67 19 79 66 37 95 46 31 47 54 75 17 58 6 63 27 65 47 35 35 18 93 0 52 46 29 46 51 72 36 16 72 31 82 65 60 76 46 19 31 39 5 50 63 65 16 
59 43 50 22 27 36 66 58 89 44 8 56 17 54 65 36 54 47 16 28 55 57 61 48 49 41 52 0 61 39 43 3 60 47 54 35 80 30 51 46 36 45 70 66 62 49 40 16 13 39 
83 46 89 47 87 37 39 27 59 102 61 15 44 14 34 49 97 43 60 54 27 5 80 76 62 96 46 61 0 67 83 62 34 77 62 54 47 89 30 94 96 84 61 23 9 42 25 60 67 52 
21 23 23 26 43 30 91 79 64 75 31 54 44 69 88 18 30 28 54 15 77 66 22 10 14 74 29 39 67 0 17 36 84 10 19 71 59 62 75 31 51 17 39 59 63 31 60 55 52 16 
22 39 7 38 35 46 103 92 79 70 35 70 53 83 101 34 14 45 59 29 90 81 27 14 29 70 46 43 83 17 0 40 96 12 34 78 75 58 87 15 41 2 53 75 79 48 72 59 54 33 
57 41 47 20 26 35 68 60 88 45 6 56 19 55 67 34 51 46 19 26 57 57 59 45 47 42 51 3 62 36 40 0 62 44 51 38 79 31 53 43 35 42 68 66 62 48 42 19 16 37 
103 68 103 58 87 56 7 7 92 89 64 46 44 20 6 68 109 68 50 68 7 30 102 94 84 83 72 60 34 84 96 62 0 94 86 34 80 79 9 103 94 97 90 56 42 67 24 50 59 71 
13 31 15 36 45 40 101 89 68 79 39 64 54 79 98 28 22 36 63 25 87 76 16 2 19 78 36 47 77 10 12 44 94 0 23 80 65 67 85 26 52 11 41 67 72 39 70 63 59 25 
22 17 37 35 62 30 92 80 46 93 46 47 53 68 89 19 45 19 67 26 79 62 18 21 5 92 16 54 62 19 34 51 86 23 0 80 42 80 77 48 70 33 19 48 56 21 62 68 67 16 
91 64 85 46 58 53 38 36 103 56 42 58 27 41 40 61 89 67 20 56 34 49 92 80 77 49 72 35 54 71 78 38 34 80 80 0 92 46 29 81 65 79 92 70 60 68 30 20 29 64 
63 40 80 59 98 44 86 73 12 124 75 35 70 60 81 47 87 34 88 57 74 51 58 63 46 121 31 80 47 59 75 79 80 65 42 92 0 110 75 90 107 75 27 25 38 31 64 88 92 46 
79 72 63 52 24 66 84 80 119 14 36 85 45 80 85 65 64 77 30 55 77 84 83 68 75 12 82 30 89 62 58 31 79 67 80 46 110 0 72 53 24 60 98 96 91 79 66 30 22 67 
94 60 94 49 78 48 16 7 86 83 55 40 35 16 14 60 100 60 43 59 5 25 93 85 76 77 65 51 30 75 87 53 9 85 77 29 75 72 0 95 87 88 83 51 38 59 15 43 52 62 
34 53 13 48 29 58 110 100 94 62 40 83 60 93 109 47 11 58 61 40 98 92 40 28 44 64 60 46 94 31 15 43 103 26 48 81 90 53 95 0 32 15 67 88 91 61 81 62 55 46 
63 67 44 51 10 66 100 93 114 31 36 89 53 90 100 60 43 73 45 50 91 92 68 54 65 33 76 36 96 51 41 35 94 52 70 65 107 24 87 32 0 43 89 98 96 76 76 45 36 61 
20 40 6 39 37 47 104 93 79 72 37 71 55 84 102 35 13 45 61 30 91 82 25 12 29 72 46 45 84 17 2 42 97 11 33 79 75 60 88 15 43 0 52 75 79 48 74 61 56 33 
37 28 56 49 81 39 97 83 27 111 63 46 66 71 93 34 62 25 82 43 83 63 31 39 25 109 19 70 61 39 53 68 90 41 19 92 27 98 83 67 89 52 0 41 53 24 69 82 83 31 
70 36 81 47 89 32 61 49 36 110 63 12 53 36 57 42 88 31 70 50 49 26 66 66 49 106 31 66 23 59 75 66 56 67 48 70 25 96 51 88 98 75 41 0 14 28 41 70 76 42 
77 41 85 45 87 33 48 35 50 104 60 8 46 22 43 45 93 37 63 51 36 13 74 71 56 99 39 62 9 63 79 62 42 72 56 60 38 91 38 91 96 79 53 14 0 35 30 63 70 47 
42 9 53 28 66 15 74 61 39 93 44 27 42 48 70 16 61 3 59 25 60 42 39 38 22 90 5 49 42 31 48 48 67 39 21 68 31 79 59 61 76 48 24 28 35 0 45 60 62 15 
79 45 80 34 68 33 31 19 75 78 43 29 23 14 28 44 86 45 36 45 17 20 78 70 60 72 50 40 25 60 72 42 24 70 62 30 64 66 15 81 76 74 69 41 30 45 0 36 44 47 
75 54 66 33 39 45 55 50 98 42 25 59 18 50 56 49 70 58 0 42 47 55 77 64 63 37 63 16 60 55 59 19 50 63 68 20 88 30 43 62 45 61 82 70 63 60 36 0 9 52 
72 55 60 34 30 48 65 59 101 35 21 65 23 58 65 49 64 60 9 41 56 62 74 60 62 30 65 13 67 52 54 16 59 59 67 29 92 22 52 55 36 56 83 76 70 62 44 9 0 52 
32 7 39 19 52 15 78 66 53 81 32 38 37 55 75 3 46 12 51 12 64 50 31 25 13 78 16 39 52 16 33 37 71 25 16 64 46 67 62 46 61 33 31 42 47 15 47 52 52 0 
0 1000
1565 2449
2841 2904
3596 3940
4979 5173
550 675
3425 3881
3741 4403
3186 4104
2543 3529
4808 5636
589 1354
393 781
4219 4929
2249 2307
1055 1158
4923 5077
456 710
169 942
1831 1911
2029 2305
1151 1590
992 1433
4681 5264
3531 3827
3014 3384
105 824
2088 2995
3781 4657
4440 4973
282 1215
1447 1769
1980 2603
3283 4005
3885 4587
4589 4733
4330 5204
727 1054
2325 3292
2479 3471
3059 3566
3929 4285
2717 2957
1906 2430
1774 2035
895 1595
1665 2412
4072 4827
1269 2003
1381 1940
6.132910724567376 30.755159229253714 19.49203181416943 49.58776522827124 58.10326766533079 42.797516577491926 98.6275543102234 85.77342128424196 1.219089389516903 90.8241101374454 57.11631650468172 47.18305455506789 68.01739503998067 72.50904313682295 94.0976533892217 34.19480095903674 18.470372022908066 29.22352230347277 80.7825240651362 39.646223970120786 85.80436230854588 63.44187407739393 4.245516842356567 17.658613880688844 18.43794470165532 92.8988415351757 23.742386244084045 65.48371549005901 59.996936712670625 26.422052176213718 24.87002555804282 62.7099577874262 92.95512849556168 18.862295618233706 14.855363994970084 94.94032214583886 12.783249355614357 82.14195387707642 86.44920771288815 28.95175149781274 60.08510973745415 22.805518235278655 4.646287982212605 37.404586388444116 51.07639493344178 28.82832653912668 73.30395233815938 81.19708252410389 78.07897019648935 31.124086093309565 
33.862072563930326 61.04757040761343 17.34922304311588 51.10679432504658 10.169214375764202 64.49229267452057 93.51600827003963 90.51404614218922 97.89422368681834 0.14802948745002986 36.4488823652395 88.99537693670399 53.46123084569933 90.17024189132414 95.14835369659008 54.86459661102092 9.918095271523741 66.45058323465604 40.942183686024094 46.630160120782016 88.07455291439483 93.01398228085135 39.4418279125255 33.63042995560571 50.548921771375554 6.39870322469066 67.9938898312857 36.53100532836686 97.08082642008145 38.778967555019165 22.125640998414454 35.58493080879861 89.4225569593373 32.004301480840304 54.43412797545436 55.600820989820974 96.64166801689676 10.986978427408523 83.34023945772962 8.16027625090323 0.8352298890909604 22.24150740863258 70.85760621066346 96.2552899483138 96.50183237432523 69.65542814739284 75.98571633000356 41.04453575769635 32.31066039294117 54.358616569598674 