50
0 32 29 91 26 26 84 63 91 29 63 53 57 54 94 20 97 83 45 9 54 43 8 12 72 36 89 52 50 42 64 45 60 34 33 20 46 56 77 34 49 68 34 43 83 82 20 70 57 48 
32 0 45 59 34 13 56 33 59 6 33 46 47 40 62 17 66 51 27 31 25 44 40 29 54 58 75 43 50 30 32 17 38 12 39 23 15 29 45 27 50 36 12 16 59 51 22 40 53 32 
29 45 0 96 12 32 81 63 99 39 77 34 39 79 100 42 108 92 39 38 57 20 30 40 59 14 71 34 26 32 70 61 81 39 12 22 58 74 86 59 77 73 38 60 75 93 23 85 35 38 
91 59 96 0 85 67 29 34 12 62 35 76 73 69 4 74 21 12 58 89 39 85 99 87 60 111 77 73 87 67 27 50 55 59 86 77 46 46 16 74 91 24 59 52 44 19 76 34 83 62 
26 34 12 85 0 21 70 52 88 28 66 28 32 70 89 34 96 80 28 34 46 17 31 35 50 26 65 27 24 22 58 51 71 27 7 12 47 63 74 52 72 61 27 50 65 82 13 73 31 28 
26 13 32 67 21 0 58 37 69 7 45 35 38 52 71 20 77 61 20 29 29 32 34 28 49 46 68 33 38 21 40 30 51 8 26 10 26 42 55 36 58 43 8 29 58 62 10 52 42 25 
84 56 81 29 70 58 0 22 40 56 49 54 49 82 33 72 50 36 42 86 31 65 92 84 33 95 48 51 65 49 29 56 69 50 69 66 48 58 35 79 100 25 51 57 14 44 66 52 59 43 
63 33 63 34 52 37 22 0 40 34 34 43 40 62 38 50 50 33 25 64 9 51 71 62 33 77 54 40 53 33 13 35 52 29 52 46 27 40 28 57 79 13 29 36 27 38 45 39 50 28 
91 59 99 12 88 69 40 40 0 63 30 83 80 62 10 73 10 8 64 88 43 90 99 86 69 114 87 80 93 72 30 47 47 61 90 79 44 40 14 70 85 28 62 49 54 10 78 27 90 68 
29 6 39 62 28 7 56 34 63 0 38 41 42 45 65 18 70 55 23 30 25 38 38 29 51 53 71 38 45 25 35 22 43 7 33 17 19 35 49 31 54 39 7 22 57 55 17 45 47 28 
63 33 77 35 66 45 49 34 30 38 0 70 69 34 37 44 35 24 48 59 30 73 71 57 66 91 87 67 78 56 22 18 20 40 70 55 19 10 20 40 56 24 40 20 60 20 55 7 78 54 
53 46 34 76 28 35 54 43 83 41 70 0 6 86 81 55 93 76 22 59 42 13 58 60 26 45 38 3 11 16 54 60 82 34 22 34 54 71 71 71 93 56 35 60 45 80 34 77 7 16 
57 47 39 73 32 38 49 40 80 42 69 6 0 87 77 57 90 73 21 63 40 19 63 64 20 50 33 5 16 17 51 60 82 35 27 37 53 71 68 73 95 53 36 60 39 77 37 76 10 15 
54 40 79 69 70 52 82 62 62 45 34 86 87 0 70 37 63 57 66 47 55 83 60 44 91 90 112 83 90 70 53 28 15 52 77 59 36 24 53 21 24 56 51 27 90 51 58 35 93 72 
94 62 100 4 89 71 33 38 10 65 37 81 77 70 0 77 18 13 63 92 43 89 102 90 64 115 81 77 91 71 31 53 56 63 90 81 48 47 18 76 93 27 63 55 48 19 80 35 87 66 
20 17 42 74 34 20 72 50 73 18 44 55 57 37 77 0 78 65 40 15 41 49 27 13 68 53 88 53 56 40 48 26 41 25 41 23 29 37 59 18 39 52 24 24 74 64 22 50 61 44 
97 66 108 21 96 77 50 50 10 70 35 93 90 63 18 78 0 17 73 94 52 99 105 91 80 122 98 90 102 81 39 53 48 69 99 87 51 44 23 74 86 37 70 55 65 15 86 29 100 77 
83 51 92 12 80 61 36 33 8 55 24 76 73 57 13 65 17 0 56 81 35 82 91 78 63 106 82 72 85 64 22 41 43 53 82 71 37 34 6 64 80 20 54 42 50 8 70 22 83 60 
45 27 39 58 28 20 42 25 64 23 48 22 21 66 63 40 73 56 0 49 21 26 52 49 28 53 48 19 30 8 34 39 61 15 28 25 32 50 50 53 76 36 16 39 39 59 25 55 29 6 
9 31 38 89 34 29 86 64 88 30 59 59 63 47 92 15 94 81 49 0 55 51 13 3 77 45 95 58 58 48 63 41 54 36 41 26 44 51 75 26 40 67 36 39 86 79 26 65 64 53 
54 25 57 39 46 29 31 9 43 25 30 42 40 55 43 41 52 35 21 55 0 47 63 53 37 72 58 38 51 29 13 27 46 21 47 38 19 34 30 49 71 16 21 28 35 38 38 36 49 26 
43 44 20 85 17 32 65 51 90 38 73 13 19 83 89 49 99 82 26 51 47 0 47 52 39 31 50 15 7 18 60 60 82 34 10 26 55 72 77 66 87 62 34 60 57 86 27 80 15 23 
8 40 30 99 31 34 92 71 99 38 71 58 63 60 102 27 105 91 52 13 63 47 0 16 79 34 95 58 54 49 72 53 67 42 37 27 54 64 85 39 52 76 42 51 91 90 27 77 62 55 
12 29 40 87 35 28 84 62 86 29 57 60 64 44 90 13 91 78 49 3 53 52 16 0 77 48 96 59 59 48 61 38 51 35 43 27 42 49 72 23 38 65 35 36 85 76 26 63 65 52 
72 54 59 60 50 49 33 33 69 51 66 26 20 91 64 68 80 63 28 77 37 39 79 77 0 70 22 24 36 30 45 63 83 43 46 52 55 71 59 81 104 45 44 64 20 69 52 72 29 24 
36 58 14 111 26 46 95 77 114 53 91 45 50 90 115 53 122 106 53 45 72 31 34 48 70 0 80 46 35 46 84 74 93 53 25 36 72 87 100 70 85 87 52 73 88 107 36 98 44 52 
89 75 71 77 65 68 48 54 87 71 87 38 33 112 81 88 98 82 48 95 58 50 95 96 22 80 0 38 45 48 66 85 104 64 60 69 76 92 79 102 125 65 64 85 33 89 70 93 36 43 
52 43 34 73 27 33 51 40 80 38 67 3 5 83 77 53 90 72 19 58 38 15 58 59 24 46 38 0 14 13 51 57 79 32 23 32 50 68 67 69 91 52 32 57 42 77 33 74 11 13 
50 50 26 87 24 38 65 53 93 45 78 11 16 90 91 56 102 85 30 58 51 7 54 59 36 35 45 14 0 22 63 66 88 40 17 33 60 77 80 73 95 65 40 65 56 89 34 85 9 25 
42 30 32 67 22 21 49 33 72 25 56 16 17 70 71 40 81 64 8 48 29 18 49 48 30 46 48 13 22 0 42 45 66 19 20 22 38 56 58 56 79 44 19 44 44 67 22 63 23 6 
64 32 70 27 58 40 29 13 30 35 22 54 51 53 31 48 39 22 34 63 13 60 72 61 45 84 66 51 63 42 0 28 41 32 60 50 20 29 17 51 72 4 32 29 38 26 49 26 61 38 
45 17 61 50 51 30 56 35 47 22 18 60 60 28 53 26 53 41 39 41 27 60 53 38 63 74 85 57 66 45 28 0 22 26 56 39 9 13 35 24 45 32 26 2 62 38 38 25 68 45 
60 38 81 55 71 51 69 52 47 43 20 82 82 15 56 41 48 43 61 54 46 82 67 51 83 93 104 79 88 66 41 22 0 48 77 59 29 12 39 29 38 44 48 22 79 37 59 21 89 66 
34 12 39 59 27 8 50 29 61 7 40 34 35 52 63 25 69 53 15 36 21 34 42 35 43 53 64 32 40 19 32 26 48 0 31 18 21 38 47 38 61 35 1 26 50 55 17 47 42 21 
33 39 12 86 7 26 69 52 90 33 70 22 27 77 90 41 99 82 28 41 47 10 37 43 46 25 60 23 17 20 60 56 77 31 0 18 52 68 77 59 79 63 30 55 63 85 19 78 25 26 
20 23 22 77 12 10 66 46 79 17 55 34 37 59 81 23 87 71 25 26 38 26 27 27 52 36 69 32 33 22 50 39 59 18 18 0 37 52 65 40 61 53 17 38 64 72 1 63 39 28 
46 15 58 46 47 26 48 27 44 19 19 54 53 36 48 29 51 37 32 44 19 55 54 42 55 72 76 50 60 38 20 9 29 21 52 37 0 18 31 31 53 25 21 10 54 36 36 26 61 38 
56 29 74 46 63 42 58 40 40 35 10 71 71 24 47 37 44 34 50 51 34 72 64 49 71 87 92 68 77 56 29 13 12 38 68 52 18 0 30 30 46 32 38 14 67 30 51 14 79 55 
77 45 86 16 74 55 35 28 14 49 20 71 68 53 18 59 23 6 50 75 30 77 85 72 59 100 79 67 80 58 17 35 39 47 77 65 31 30 0 58 75 15 48 37 48 10 65 19 78 55 
34 27 59 74 52 36 79 57 70 31 40 71 73 21 76 18 74 64 53 26 49 66 39 23 81 70 102 69 73 56 51 24 29 38 59 40 31 30 58 0 23 56 38 22 84 60 40 44 77 59 
49 50 77 91 72 58 100 79 85 54 56 93 95 24 93 39 86 80 76 40 71 87 52 38 104 85 125 91 95 79 72 45 38 61 79 61 53 46 75 23 0 76 61 43 106 75 61 58 99 82 
68 36 73 24 61 43 25 13 28 39 24 56 53 56 27 52 37 20 36 67 16 62 76 65 45 87 65 52 65 44 4 32 44 35 63 53 25 32 15 56 76 0 36 33 36 25 53 28 63 40 
34 12 38 59 27 8 51 29 62 7 40 35 36 51 63 24 70 54 16 36 21 34 42 35 44 52 64 32 40 19 32 26 48 1 30 17 21 38 48 38 61 36 0 26 51 55 17 47 42 21 
43 16 60 52 50 29 57 36 49 22 20 60 60 27 55 24 55 42 39 39 28 60 51 36 64 73 85 57 65 44 29 2 22 26 55 38 10 14 37 22 43 33 26 0 64 40 37 27 67 45 
83 59 75 44 65 58 14 27 54 57 60 45 39 90 48 74 65 50 39 86 35 57 91 85 20 88 33 42 56 44 38 62 79 50 63 64 54 67 48 84 106 36 51 64 0 57 64 64 49 37 
82 51 93 19 82 62 44 38 10 55 20 80 77 51 19 64 15 8 59 79 38 86 90 76 69 107 89 77 89 67 26 38 37 55 85 72 36 30 10 60 75 25 55 40 57 0 71 16 87 64 
20 22 23 76 13 10 66 45 78 17 55 34 37 58 80 22 86 70 25 26 38 27 27 26 52 36 70 33 34 22 49 38 59 17 19 1 36 51 65 40 61 53 17 37 64 71 0 62 39 28 
70 40 85 34 73 52 52 39 27 45 7 77 76 35 35 50 29 22 55 65 36 80 77 63 72 98 93 74 85 63 26 25 21 47 78 63 26 14 19 44 58 28 47 27 64 16 62 0 84 61 
57 53 35 83 31 42 59 50 90 47 78 7 10 93 87 61 100 83 29 64 49 15 62 65 29 44 36 11 9 23 61 68 89 42 25 39 61 79 78 77 99 63 42 67 49 87 39 84 0 24 
48 32 38 62 28 25 43 28 68 28 54 16 15 72 66 44 77 60 6 53 26 23 55 52 24 52 43 13 25 6 38 45 66 21 26 28 38 55 55 59 82 40 21 45 37 64 28 61 24 0 
0 1000
1559 2023
3449 4281
281 658
660 1200
1370 2222
1462 2043
2501 3145
1003 1825
4675 5540
2377 2874
2676 2733
3333 3945
2338 2576
951 961
3517 4092
1730 2175
3653 4182
1887 2523
765 1270
66 391
3859 4379
3946 4643
4237 4560
512 1165
4321 5291
449 1316
159 624
3785 3846
1151 1715
3038 3291
2164 3113
1238 1254
2124 3115
4144 4387
1585 1850
3569 3577
4010 4199
2824 3029
3183 3996
2060 2322
4812 5162
2226 3133
4487 4909
2904 3385
4565 4640
3240 3883
1830 2260
2620 3395
1343 1654
39.53419600685297 54.07052784256503 12.975132322011529 76.88353650997416 21.470957703163982 41.21431206374131 47.520132173546 50.27756985960995 87.15671344480764 48.12179387111989 80.89831232903943 10.818555618530358 12.15444855619534 91.7862168941704 80.67718095536395 55.05354834967231 97.58858768793395 81.31570488801553 32.611118667846085 48.45249489811362 51.70140120965823 9.906816735795465 36.53624536100401 51.05219135230501 18.522375714872542 3.096181689374833 0.0989798908907269 14.022164672014137 4.2243374208481566 25.890055758703223 62.73145994522683 70.00233355797802 91.56316415457444 43.745953589357015 15.304415675760296 33.36160980752905 64.14094807685147 81.65947693338845 77.80306881649719 72.31339279899575 88.10447399250259 62.90285333185906 43.68304099641483 69.44593223599036 33.08947125452906 87.6598524687185 33.95377744584683 87.67391916566406 3.4432704812579984 27.091358277882872 
14.525280134443786 43.011087251224055 25.313393109771056 97.26978712255905 33.340410846451896 40.60619997325763 98.43272848498695 76.27064766929715 91.60978445729904 42.607491984877186 62.039903786197634 58.76512313236739 64.37162737737206 29.913696014332814 99.16279499808066 26.525785185398696 92.44158529320026 86.24665978839639 59.09110986066517 12.727188519865074 67.5247244081954 45.503661645983094 6.793482832805187 14.050158777280608 83.55564605325519 14.82554526817097 94.82787188575146 59.768186620529676 50.15736618014744 54.55296778995085 73.90910808846967 47.3529871765448 44.68312071491458 48.52400058126359 37.17518705187057 33.91157510459739 53.583000870885535 51.907080606257026 81.37957361557994 23.383067491082343 6.588774100601369 78.30694634870477 47.978387963553956 45.55969944654649 97.62735012380335 81.1342085817522 34.03014068424397 64.98381179032697 58.71593667353301 60.72091193803367 