50
0 21 19 65 63 37 85 61 3 31 48 38 76 34 15 55 38 82 41 36 39 53 66 43 57 32 43 17 15 72 40 52 54 35 73 61 18 43 89 53 45 59 69 40 74 55 31 74 74 32 
21 0 33 47 42 17 69 41 19 36 27 39 57 13 27 45 44 65 23 43 21 39 47 25 55 45 41 23 34 51 22 61 53 15 57 67 32 53 73 52 30 41 49 37 55 35 13 53 64 38 
19 33 0 80 71 50 82 74 21 18 55 26 80 44 6 50 23 84 56 53 44 70 80 49 45 47 33 13 26 81 45 34 42 47 73 44 2 24 87 41 46 62 77 58 88 67 39 84 67 17 
65 47 80 0 31 30 79 13 62 81 37 81 53 38 74 73 88 67 24 62 47 20 4 45 92 72 80 69 74 31 46 106 91 34 68 109 79 99 80 90 55 51 36 46 10 19 46 26 88 83 
63 42 71 31 0 29 48 18 61 66 16 63 23 28 65 48 72 36 33 76 28 44 27 24 69 83 59 59 76 10 27 90 69 28 37 89 70 84 49 68 32 22 8 63 31 14 33 14 59 68 
37 17 50 30 29 0 67 25 35 51 19 52 48 10 44 50 59 59 10 48 22 27 30 22 66 54 52 39 48 37 21 77 64 5 54 80 49 69 70 63 32 36 36 37 38 18 17 37 68 53 
85 69 82 79 48 67 0 66 84 67 48 60 28 59 78 34 68 14 75 112 49 90 76 46 52 114 53 72 99 51 48 82 53 63 13 74 81 81 5 53 40 31 44 103 78 61 57 57 25 70 
61 41 74 13 18 25 66 0 59 73 26 72 40 31 68 62 80 54 23 66 37 28 10 34 82 75 70 63 72 19 36 98 81 27 55 100 73 91 67 80 44 38 24 51 16 8 38 16 76 75 
3 19 21 62 61 35 84 59 0 33 46 39 75 32 17 55 40 82 38 35 38 50 63 42 58 32 44 18 16 70 39 54 56 33 73 63 21 45 88 54 45 58 68 37 71 53 30 72 75 34 
31 36 18 81 66 51 67 73 33 0 50 8 70 42 16 34 8 71 59 67 38 75 80 42 27 63 16 15 42 76 39 26 24 47 59 31 16 19 72 23 36 52 70 69 88 65 35 79 50 3 
48 27 55 37 16 19 48 26 46 50 0 47 30 14 49 36 56 40 28 66 12 43 35 9 56 71 45 43 61 26 11 75 55 16 35 75 54 68 50 54 19 17 22 56 41 18 17 30 52 52 
38 39 26 81 63 52 60 72 39 8 47 0 64 42 24 26 9 64 61 74 36 77 80 39 19 70 8 21 50 73 37 27 17 48 52 28 24 22 65 15 31 47 67 74 87 64 35 77 42 10 
76 57 80 53 23 48 28 40 75 70 30 64 0 44 74 42 74 14 55 96 37 66 49 33 64 101 59 68 90 24 36 91 64 46 20 86 78 87 28 64 34 18 17 84 51 37 45 30 46 72 
34 13 44 38 28 10 59 31 32 42 14 42 44 0 38 40 50 53 20 53 12 37 38 14 55 57 42 32 47 38 12 68 54 6 47 71 43 61 62 53 22 29 35 44 45 23 8 40 58 45 
15 27 6 74 65 44 78 68 17 16 49 24 74 38 0 45 23 78 50 51 38 65 74 42 43 46 30 6 26 75 39 37 40 41 67 46 5 28 82 39 41 56 71 55 82 61 32 78 64 17 
55 45 50 73 48 50 34 62 55 34 36 26 42 40 45 0 35 39 60 87 29 77 71 29 23 87 19 40 69 56 29 50 23 46 26 45 48 48 39 23 18 27 49 82 77 54 34 62 20 36 
38 44 23 88 72 59 68 80 40 8 56 9 74 50 23 35 0 73 67 75 44 83 87 48 23 69 16 23 48 82 45 19 20 55 61 23 22 13 73 19 41 56 76 77 95 72 42 86 49 7 
82 65 84 67 36 59 14 54 82 71 40 64 14 53 78 39 73 0 67 106 44 79 63 40 60 110 57 72 97 38 43 89 61 56 12 82 82 86 14 61 38 24 31 96 65 50 52 44 36 73 
41 23 56 24 33 10 75 23 38 59 28 61 55 20 50 60 67 67 0 43 31 17 25 32 75 51 61 46 50 40 31 85 73 14 63 89 55 77 78 72 42 45 41 30 33 20 27 39 78 61 
36 43 53 62 76 48 112 66 35 67 66 74 96 53 51 87 75 106 43 0 63 43 65 67 93 12 78 53 29 83 64 87 90 50 99 97 53 77 115 89 73 82 84 17 72 64 55 82 107 68 
39 21 44 47 28 22 49 37 38 38 12 36 37 12 38 29 44 44 31 63 0 48 45 5 46 66 33 32 53 38 1 63 44 17 36 63 42 56 52 43 11 20 33 56 52 29 8 42 47 40 
53 39 70 20 44 27 90 28 50 75 43 77 66 37 65 77 83 79 17 43 48 0 23 48 92 54 78 61 58 47 48 100 90 31 77 105 69 92 92 89 58 59 51 26 29 29 44 44 94 77 
66 47 80 4 27 30 76 10 63 80 35 80 49 38 74 71 87 63 25 65 45 23 0 43 91 75 79 69 75 27 44 106 90 33 65 108 79 98 77 89 54 48 32 49 8 17 45 22 86 82 
43 25 49 45 24 22 46 34 42 42 9 39 33 14 42 29 48 40 32 67 5 48 43 0 48 70 36 36 58 34 3 66 47 18 33 66 47 60 49 46 11 16 29 58 50 26 12 38 46 44 
57 55 45 92 69 66 52 82 58 27 56 19 64 55 43 23 23 60 75 93 46 92 91 48 0 89 15 40 69 78 47 31 3 61 47 23 43 32 57 4 38 50 71 92 97 74 48 83 29 28 
32 45 47 72 83 54 114 75 32 63 71 70 101 57 46 87 69 110 51 12 66 54 75 70 89 0 75 49 21 91 67 79 86 55 102 90 47 70 118 85 74 86 90 28 82 71 58 90 106 63 
43 41 33 80 59 52 53 70 44 16 45 8 59 42 30 19 16 57 61 78 33 78 79 36 15 75 0 26 56 69 34 32 12 48 45 30 32 29 58 11 27 42 62 77 86 62 34 74 34 18 
17 23 13 69 59 39 72 63 18 15 43 21 68 32 6 40 23 72 46 53 32 61 69 36 40 49 26 0 30 69 33 39 37 36 61 46 11 30 76 36 34 50 65 54 77 55 26 72 59 16 
15 34 26 74 76 48 99 72 16 42 61 50 90 47 26 69 48 97 50 29 53 58 75 58 69 21 56 30 0 85 54 58 66 48 88 69 26 49 104 65 60 74 83 39 83 67 46 86 88 42 
72 51 81 31 10 37 51 19 70 76 26 73 24 38 75 56 82 38 40 83 38 47 27 34 78 91 69 69 85 0 37 100 78 37 42 99 80 94 51 77 42 29 8 69 28 20 43 6 66 78 
40 22 45 46 27 21 48 36 39 39 11 37 36 12 39 29 45 43 31 64 1 48 44 3 47 67 34 33 54 37 0 64 45 17 36 64 44 57 51 44 11 19 32 56 51 28 9 41 47 41 
52 61 34 106 90 77 82 98 54 26 75 27 91 68 37 50 19 89 85 87 63 100 106 66 31 79 32 39 58 100 64 0 29 73 76 14 34 9 87 29 59 74 94 92 114 91 61 104 60 24 
54 53 42 91 69 64 53 81 56 24 55 17 64 54 40 23 20 61 73 90 44 90 90 47 3 86 12 37 66 78 45 29 0 59 48 22 41 30 58 1 37 49 71 89 96 73 46 83 31 25 
35 15 47 34 28 5 63 27 33 47 16 48 46 6 41 46 55 56 14 50 17 31 33 18 61 55 48 36 48 37 17 73 59 0 51 76 46 65 66 58 28 33 35 40 41 20 13 38 64 49 
73 57 73 68 37 54 13 55 73 59 35 52 20 47 67 26 61 12 63 99 36 77 65 33 47 102 45 61 88 42 36 76 48 51 0 70 71 74 16 48 28 18 34 91 68 49 44 48 26 61 
61 67 44 109 89 80 74 100 63 31 75 28 86 71 46 45 23 82 89 97 63 105 108 66 23 90 30 46 69 99 64 14 22 76 70 0 43 21 79 22 57 71 92 100 115 92 63 104 50 30 
18 32 2 79 70 49 81 73 21 16 54 24 78 43 5 48 22 82 55 53 42 69 79 47 43 47 32 11 26 80 44 34 41 46 71 43 0 24 85 39 45 61 75 58 87 66 37 83 66 16 
43 53 24 99 84 69 81 91 45 19 68 22 87 61 28 48 13 86 77 77 56 92 98 60 32 70 29 30 49 94 57 9 30 65 74 21 24 0 86 29 54 70 88 82 106 84 54 98 60 16 
89 73 87 80 49 70 5 67 88 72 50 65 28 62 82 39 73 14 78 115 52 92 77 49 57 118 58 76 104 51 51 87 58 66 16 79 85 86 0 58 44 34 44 106 79 63 60 57 29 75 
53 52 41 90 68 63 53 80 54 23 54 15 64 53 39 23 19 61 72 89 43 89 89 46 4 85 11 36 65 77 44 29 1 58 48 22 39 29 58 0 36 49 70 88 95 72 45 82 31 24 
45 30 46 55 32 32 40 44 45 36 19 31 34 22 41 18 41 38 42 73 11 58 54 11 38 74 27 34 60 42 11 59 37 28 28 57 45 54 44 36 0 16 35 66 60 37 18 46 36 38 
59 41 62 51 22 36 31 38 58 52 17 47 18 29 56 27 56 24 45 82 20 59 48 16 50 86 42 50 74 29 19 74 49 33 18 71 61 70 34 49 16 0 22 73 52 32 28 35 38 54 
69 49 77 36 8 36 44 24 68 70 22 67 17 35 71 49 76 31 41 84 33 51 32 29 71 90 62 65 83 8 32 94 71 35 34 92 75 88 44 70 35 22 0 71 35 21 39 14 58 73 
40 37 58 46 63 37 103 51 37 69 56 74 84 44 55 82 77 96 30 17 56 26 49 58 92 28 77 54 39 69 56 92 89 40 91 100 58 82 106 88 66 73 71 0 55 50 48 67 101 70 
74 55 88 10 31 38 78 16 71 88 41 87 51 45 82 77 95 65 33 72 52 29 8 50 97 82 86 77 83 28 51 114 96 41 68 115 87 106 79 95 60 52 35 55 0 23 53 22 90 90 
55 35 67 19 14 18 61 8 53 65 18 64 37 23 61 54 72 50 20 64 29 29 17 26 74 71 62 55 67 20 28 91 73 20 49 92 66 84 63 72 37 32 21 50 23 0 30 19 69 67 
31 13 39 46 33 17 57 38 30 35 17 35 45 8 32 34 42 52 27 55 8 44 45 12 48 58 34 26 46 43 9 61 46 13 44 63 37 54 60 45 18 28 39 48 53 30 0 46 53 37 
74 53 84 26 14 37 57 16 72 79 30 77 30 40 78 62 86 44 39 82 42 44 22 38 83 90 74 72 86 6 41 104 83 38 48 104 83 98 57 82 46 35 14 67 22 19 46 0 72 82 
74 64 67 88 59 68 25 76 75 50 52 42 46 58 64 20 49 36 78 107 47 94 86 46 29 106 34 59 88 66 47 60 31 64 26 50 66 60 29 31 36 38 58 101 90 69 53 72 0 52 
32 38 17 83 68 53 70 75 34 3 52 10 72 45 17 36 7 73 61 68 40 77 82 44 28 63 18 16 42 78 41 24 25 49 61 30 16 16 75 24 38 54 73 70 90 67 37 82 52 0 
0 1000
3812 4307
120 730
3225 3477
2195 2862
2421 2987
272 1228
4025 4182
434 1035
90 993
871 1251
2287 3279
1861 2583
384 932
4883 5867
1075 1297
4392 5297
1476 1726
2903 3080
2747 3593
3381 4164
4291 4983
4127 4528
1239 1346
3600 3806
2094 2611
3338 3514
3846 3958
2822 3299
1974 2664
4234 5071
3543 4343
1782 2324
3964 3986
749 791
976 1268
1308 2265
1708 2142
4641 5244
3045 3769
2550 2871
2496 3145
1154 1237
523 1305
4759 5404
1585 2400
4482 4974
2604 3410
3690 4266
631 977
79.04482344821203 58.31194119961177 86.61030659838384 20.50913452154195 16.577457927860017 43.0569367619505 11.389599671018447 19.528172902746288 77.14295988487542 75.90949695067259 32.07888261977836 69.74504026853104 6.814404175214084 45.067400842860636 80.45850356824795 43.83501342858802 78.77015480517895 5.580418329206904 42.60110499893843 82.13421626828163 42.62930142396064 39.18341977401578 18.158457433278297 38.00113299754522 62.86022024275473 92.69419941301862 62.917364016780674 74.07976391171358 91.42377359083676 7.001662812625719 41.40887317883486 93.47353951329865 64.30329256764792 44.00759217523679 17.816189884297607 84.72207433819182 84.90792832459924 91.75769887445045 6.378791846034526 64.5602132599347 40.85508647806342 24.59874957482695 10.133090156918156 65.37522318847742 10.690403517648539 24.611049436979428 48.9832713348473 5.7110767942191165 34.6569986689327 78.37422550210916 
38.230997058277914 37.756745870845585 55.11851428224498 10.580424600277716 40.93548071576504 30.171136242959783 88.90245170549498 23.31616487385596 36.36357527586145 69.19919382844859 45.87421917481323 74.71399406651234 61.45711028168519 40.212544400474705 53.40124754177998 80.24512359555531 76.66820754475121 75.6322841983752 20.316691477204962 2.220143226015958 51.75556014550222 3.75485014099739 13.608568478289662 51.984825584383564 92.75238501905663 8.837681310183354 78.17308415006067 54.292157486857754 29.968269973083284 37.95189771528488 51.48439683111531 88.109536501721 90.37716837181047 34.5983001065084 78.11578969269655 98.87361732270162 55.480492876933816 78.98312168430724 89.2289184048801 89.12761073388053 62.17628718272301 61.01682675516309 45.06331288708614 1.0292163089718365 10.44198901200698 29.255778508425458 46.63628121423199 31.908798775258962 97.59878665125528 69.85162125955094 