50
0 83 21 86 91 95 82 80 85 23 48 74 97 54 87 55 41 50 55 94 71 40 82 63 23 75 83 55 84 59 70 57 84 22 84 29 86 64 86 70 22 54 40 26 29 28 23 78 46 56 
83 0 73 77 61 73 71 57 3 64 90 67 60 32 25 72 70 34 80 74 37 82 2 105 85 69 18 29 43 52 35 44 42 96 29 54 5 35 8 26 77 31 75 76 59 75 76 9 38 53 
21 73 0 95 95 102 90 85 74 29 65 82 100 50 82 67 52 43 69 100 71 56 71 82 42 83 77 46 84 64 69 59 84 24 80 21 75 62 77 66 4 48 54 41 14 42 38 70 38 61 
86 77 95 0 21 13 6 20 75 66 49 13 28 58 55 31 46 64 35 11 40 51 76 52 68 12 60 68 35 33 42 41 36 108 49 77 82 45 71 52 99 61 47 61 87 59 63 68 67 35 
91 61 95 21 0 13 18 11 59 69 64 22 7 51 37 42 54 57 49 14 28 62 61 70 78 23 43 60 18 32 31 37 19 113 32 75 66 36 55 40 100 54 57 69 85 67 71 53 61 35 
95 73 102 13 13 0 13 19 71 74 61 21 17 60 50 42 55 66 46 2 38 62 73 65 79 21 55 70 30 38 41 44 31 117 45 82 78 46 67 51 106 63 57 71 92 69 73 65 70 40 
82 71 90 6 18 13 0 14 69 61 48 8 25 52 50 28 42 58 33 12 34 48 71 53 65 8 54 62 30 27 36 35 31 104 44 72 76 39 66 46 94 55 44 58 81 56 60 62 61 29 
80 57 85 20 11 19 14 0 55 58 54 14 18 41 35 32 43 48 39 18 20 52 57 63 67 16 40 51 15 21 23 26 16 102 29 65 62 27 51 33 89 45 46 58 74 56 60 48 52 24 
85 3 74 75 59 71 69 55 0 65 90 66 58 33 22 71 70 35 79 72 36 82 4 105 86 68 16 30 41 51 34 44 40 98 27 56 7 34 5 25 79 32 75 77 61 76 77 8 39 52 
23 64 29 66 69 74 61 58 65 0 39 53 75 33 65 37 23 29 40 72 48 30 62 57 23 54 61 35 61 37 47 34 61 44 61 18 68 41 65 47 33 33 25 16 25 16 14 58 26 34 
48 90 65 49 64 61 48 54 90 39 0 42 71 59 80 22 20 60 15 59 59 10 89 17 26 41 80 67 66 41 60 47 67 70 75 57 95 57 89 66 68 61 16 25 64 24 27 82 59 39 
74 67 82 13 22 21 8 14 66 53 42 0 29 46 48 21 34 51 27 20 30 41 67 49 58 2 51 56 29 20 32 28 30 96 42 64 72 34 63 42 86 49 36 50 73 48 52 58 54 22 
97 60 100 28 7 17 25 18 58 75 71 29 0 54 36 50 61 61 56 19 31 69 61 78 85 30 42 63 18 38 34 42 19 118 31 80 65 39 54 41 105 57 64 75 89 74 77 53 65 41 
54 32 50 58 51 60 52 41 33 33 59 46 54 0 33 43 39 7 50 59 23 50 31 75 53 47 29 10 36 26 20 17 36 71 31 29 37 14 33 16 54 3 43 44 37 43 44 25 12 25 
87 25 82 55 37 50 50 35 22 65 80 48 36 33 0 59 62 39 67 51 21 74 25 93 83 50 7 37 20 39 20 34 19 105 6 62 29 25 18 17 87 35 67 73 69 71 73 19 44 41 
55 72 67 31 42 42 28 32 71 37 22 21 50 43 59 0 15 46 8 40 38 20 71 34 37 21 60 53 44 20 39 28 45 78 53 52 77 37 70 47 70 46 16 30 61 28 32 63 47 19 
41 70 52 46 54 55 42 43 70 23 20 34 61 39 62 15 0 39 17 54 42 12 69 37 24 35 62 46 51 25 42 28 52 63 57 39 75 38 69 47 56 41 4 15 48 13 17 62 39 22 
50 34 43 64 57 66 58 48 35 29 60 51 61 7 39 46 39 0 53 66 30 51 33 76 51 53 34 7 43 31 27 23 42 66 37 23 38 21 36 22 48 4 44 43 30 42 42 29 5 30 
55 80 69 35 49 46 33 39 79 40 15 27 56 50 67 8 17 53 0 45 46 16 79 26 35 26 68 59 52 28 47 36 52 77 61 56 85 45 78 55 72 53 15 29 64 28 32 71 54 27 
94 74 100 11 14 2 12 18 72 72 59 20 19 59 51 40 54 66 45 0 38 60 74 63 77 19 56 69 31 37 41 44 32 116 45 81 79 46 68 51 105 63 56 69 91 67 71 65 70 39 
71 37 71 40 28 38 34 20 36 48 59 30 31 23 21 38 42 30 46 38 0 54 37 72 64 32 22 32 13 18 3 15 13 91 15 50 43 9 33 13 76 26 46 54 59 52 55 29 35 20 
40 82 56 51 62 62 48 52 82 30 10 41 69 50 74 20 12 51 16 60 54 0 81 27 19 41 74 58 62 36 54 40 62 62 69 47 87 50 81 59 59 52 8 15 54 14 18 74 50 34 
82 2 71 76 61 73 71 57 4 62 89 67 61 31 25 71 69 33 79 74 37 81 0 104 84 69 19 27 43 52 35 43 42 95 29 53 6 34 8 25 75 30 74 75 57 74 75 8 36 52 
63 105 82 52 70 65 53 63 105 57 17 49 78 75 93 34 37 76 26 63 72 27 104 0 41 47 94 83 76 54 73 61 77 83 87 74 110 71 103 81 84 77 33 41 81 41 44 97 76 53 
23 85 42 68 78 79 65 67 86 23 26 58 85 53 83 37 24 51 35 77 64 19 84 41 0 58 81 58 74 47 63 49 74 44 78 39 90 58 86 66 44 54 22 10 44 12 10 79 49 45 
75 69 83 12 23 21 8 16 68 54 41 2 30 47 50 21 35 53 26 19 32 41 69 47 58 0 53 58 31 22 34 30 32 97 44 65 74 36 65 44 87 51 36 50 75 48 52 60 56 23 
83 18 77 60 43 55 54 40 16 61 80 51 42 29 7 60 62 34 68 56 22 74 19 94 81 53 0 32 25 40 21 34 24 100 11 57 23 24 12 15 82 30 66 71 64 70 71 12 39 41 
55 29 46 68 60 70 62 51 30 35 67 56 63 10 37 53 46 7 59 69 32 58 27 83 58 58 32 0 44 36 29 28 44 69 36 26 32 24 32 22 50 7 50 49 32 48 49 24 9 35 
84 43 84 35 18 30 30 15 41 61 66 29 18 36 20 44 51 43 52 31 13 62 43 76 74 31 25 44 0 27 16 27 1 104 15 63 48 22 37 23 89 39 55 65 72 63 66 35 48 29 
59 52 64 33 32 38 27 21 51 37 41 20 38 26 39 20 25 31 28 37 18 36 52 54 47 22 40 36 27 0 19 9 27 80 34 44 57 17 49 27 68 29 28 38 54 36 39 43 34 3 
70 35 69 42 31 41 36 23 34 47 60 32 34 20 20 39 42 27 47 41 3 54 35 73 63 34 21 29 16 19 0 14 15 89 15 48 40 6 31 10 73 23 46 53 57 52 54 26 32 21 
57 44 59 41 37 44 35 26 44 34 47 28 42 17 34 28 28 23 36 44 15 40 43 61 49 30 34 28 27 9 14 0 27 77 29 39 49 10 42 20 63 21 32 39 48 37 40 36 26 9 
84 42 84 36 19 31 31 16 40 61 67 30 19 36 19 45 52 42 52 32 13 62 42 77 74 32 24 44 1 27 15 27 0 104 14 63 47 22 36 22 88 38 55 65 72 63 66 34 47 30 
22 96 24 108 113 117 104 102 98 44 70 96 118 71 105 78 63 66 77 116 91 62 95 83 44 97 100 69 104 80 89 77 104 0 102 43 99 83 100 87 21 70 63 48 38 50 46 93 61 78 
84 29 80 49 32 45 44 29 27 61 75 42 31 31 6 53 57 37 61 45 15 69 29 87 78 44 11 36 15 34 15 29 14 102 0 59 34 20 23 15 85 33 61 68 67 67 69 21 42 35 
29 54 21 77 75 82 72 65 56 18 57 64 80 29 62 52 39 23 56 81 50 47 53 74 39 65 57 26 63 44 48 39 63 43 59 0 57 41 58 45 25 27 42 34 10 34 32 50 18 42 
86 5 75 82 66 78 76 62 7 68 95 72 65 37 29 77 75 38 85 79 43 87 6 110 90 74 23 32 48 57 40 49 47 99 34 57 0 40 11 31 79 36 79 81 61 80 80 14 42 58 
64 35 62 45 36 46 39 27 34 41 57 34 39 14 25 37 38 21 45 46 9 50 34 71 58 36 24 24 22 17 6 10 22 83 20 41 40 0 32 10 67 18 42 48 50 46 49 26 26 18 
86 8 77 71 55 67 66 51 5 65 89 63 54 33 18 70 69 36 78 68 33 81 8 103 86 65 12 32 37 49 31 42 36 100 23 58 11 32 0 23 81 33 74 77 63 76 77 8 40 50 
70 26 66 52 40 51 46 33 25 47 66 42 41 16 17 47 47 22 55 51 13 59 25 81 66 44 15 22 23 27 10 20 22 87 15 45 31 10 23 0 70 18 52 56 53 55 57 17 27 28 
22 77 4 99 100 106 94 89 79 33 68 86 105 54 87 70 56 48 72 105 76 59 75 84 44 87 82 50 89 68 73 63 88 21 85 25 79 67 81 70 0 52 57 44 18 45 41 74 43 65 
54 31 48 61 54 63 55 45 32 33 61 49 57 3 35 46 41 4 53 63 26 52 30 77 54 51 30 7 39 29 23 21 38 70 33 27 36 18 33 18 52 0 45 45 35 44 45 25 9 28 
40 75 54 47 57 57 44 46 75 25 16 36 64 43 67 16 4 44 15 56 46 8 74 33 22 36 66 50 55 28 46 32 55 63 61 42 79 42 74 52 57 45 0 14 50 13 17 67 43 26 
26 76 41 61 69 71 58 58 77 16 25 50 75 44 73 30 15 43 29 69 54 15 75 41 10 50 71 49 65 38 53 39 65 48 68 34 81 48 77 56 44 45 14 0 40 2 3 69 41 35 
29 59 14 87 85 92 81 74 61 25 64 73 89 37 69 61 48 30 64 91 59 54 57 81 44 75 64 32 72 54 57 48 72 38 67 10 61 50 63 53 18 35 50 40 0 41 38 56 25 52 
28 75 42 59 67 69 56 56 76 16 24 48 74 43 71 28 13 42 28 67 52 14 74 41 12 48 70 48 63 36 52 37 63 50 67 34 80 46 76 55 45 44 13 2 41 0 4 68 40 33 
23 76 38 63 71 73 60 60 77 14 27 52 77 44 73 32 17 42 32 71 55 18 75 44 10 52 71 49 66 39 54 40 66 46 69 32 80 49 77 57 41 45 17 3 38 4 0 69 40 37 
78 9 70 68 53 65 62 48 8 58 82 58 53 25 19 63 62 29 71 65 29 74 8 97 79 60 12 24 35 43 26 36 34 93 21 50 14 26 8 17 74 25 67 69 56 68 69 0 33 44 
46 38 38 67 61 70 61 52 39 26 59 54 65 12 44 47 39 5 54 70 35 50 36 76 49 56 39 9 48 34 32 26 47 61 42 18 42 26 40 27 43 9 43 41 25 40 40 33 0 32 
56 53 61 35 35 40 29 24 52 34 39 22 41 25 41 19 22 30 27 39 20 34 52 53 45 23 41 35 29 3 21 9 30 78 35 42 58 18 50 28 65 28 26 35 52 33 37 44 32 0 
0 1000
3148 3399
878 1524
613 1539
2023 2458
3031 3474
4753 4873
537 1215
4897 5842
3488 3722
1186 1752
1288 1716
118 649
1062 1614
3220 3461
3876 4233
4659 4752
731 1233
1649 1813
142 396
2580 3237
4609 5022
3680 4519
3357 3772
827 1304
2849 3682
3753 4118
4077 4804
1760 2325
2476 2747
1020 1912
4402 5279
2295 3150
4234 4836
2354 2718
2153 2329
2626 3130
1803 2786
1518 1874
3574 4247
305 460
414 762
3937 4540
2948 2999
2704 3513
4512 5339
3405 4293
1490 2127
1868 2772
1389 1471
23.528427760985227 29.006557339358196 7.146296264147656 96.25123163803244 87.42042390805663 98.11694197966851 90.35938627885982 79.57602900183906 31.636200689334494 35.77996863584673 71.80883785722565 83.39234378176197 88.38866238198922 38.66971204220748 53.79261079264482 72.65018333903257 59.10818787541652 32.68373355715518 75.65724948985691 97.90373649045488 59.74511538411692 62.96890169150823 28.47457133061493 86.75835160067467 46.37465913449529 84.87809820105453 47.113723246064346 28.49298154587345 70.20046676211304 63.313125258454896 56.74315395353631 55.31016388659544 69.28531738594627 3.5810725467390947 57.2176765352913 21.197138141816076 24.909892257720067 52.24774056853874 36.26793090731449 47.63466420086493 4.105041371744688 35.27645607348672 60.79702407310991 47.877879370987465 11.991858262035372 49.21355497270425 45.27009843477753 35.730824223165314 29.36137749253136 61.56879779975344 
12.442642798719572 95.46007953050005 26.21761688624532 58.709384909905936 77.82824476830793 71.28770262104409 60.24302434884081 69.85860770201595 96.57072385398334 32.059449340868 16.025158473432 56.165495773780464 85.16095208786803 64.62459858026786 94.1241362230482 38.1928157855558 31.88034369334021 61.17773129702206 30.629454338317508 69.22160614669927 74.08093334701256 20.5115273701616 94.04411811313325 7.572412230495029 11.773741673056126 54.98099262645173 92.47406858369769 66.73991024509796 81.99419370591554 56.09195861486559 73.99391863306634 59.82757405003135 82.59506444100317 2.4299542144977204 89.09897832879878 41.823581795405374 98.86975249045678 69.30951565155384 97.41468226099055 77.94661603567553 23.005786175074107 64.73836050218665 27.93560706251896 21.461572280598105 39.148476271359165 22.921910438827663 21.210854956538128 89.69844186985164 57.59577397384285 53.98372335183424 