20
0 47 26 78 24 91 20 56 60 36 46 59 13 26 13 12 16 13 62 52 
47 0 47 37 24 57 44 46 25 13 38 13 54 45 42 51 59 53 64 34 
26 47 0 67 36 73 7 33 68 34 63 60 39 49 14 38 22 18 36 67 
78 37 67 0 60 25 68 44 52 43 73 35 88 82 69 85 86 80 63 67 
24 24 36 60 0 77 30 52 36 17 28 35 30 23 25 27 39 34 65 32 
91 57 73 25 77 0 76 41 76 59 95 58 102 100 79 100 94 89 56 90 
20 44 7 68 30 76 0 38 64 32 58 57 33 43 7 32 18 13 42 62 
56 46 33 44 52 41 38 0 70 38 78 55 69 73 44 68 56 51 20 78 
60 25 68 52 36 76 64 70 0 35 27 17 62 46 60 59 75 70 89 18 
36 13 34 43 17 59 32 38 35 0 40 26 45 40 30 42 47 41 55 39 
46 38 63 73 28 95 58 78 27 40 0 39 43 24 51 40 62 58 93 10 
59 13 60 35 35 58 57 55 17 26 39 0 64 53 55 61 71 66 75 32 
13 54 39 88 30 102 33 69 62 45 43 64 0 19 26 3 24 24 75 51 
26 45 49 82 23 100 43 73 46 40 24 53 19 0 36 17 41 39 83 33 
13 42 14 69 25 79 7 44 60 30 51 55 26 36 0 25 17 12 49 56 
12 51 38 85 27 100 32 68 59 42 40 61 3 17 25 0 25 24 74 48 
16 59 22 86 39 94 18 56 75 47 62 71 24 41 17 25 0 6 56 68 
13 53 18 80 34 89 13 51 70 41 58 66 24 39 12 24 6 0 53 64 
62 64 36 63 65 56 42 20 89 55 93 75 75 83 49 74 56 53 0 94 
52 34 67 67 32 90 62 78 18 39 10 32 51 33 56 48 68 64 94 0 
0 1000
1324 2181
297 329
497 631
104 996
393 561
850 1601
1884 2314
1220 1898
1724 1809
1628 2414
184 694
1582 2000
1043 1703
1136 1255
1805 2480
591 1544
1468 1623
899 1484
742 1083
12.018566305317934 57.13852244021539 25.812649278909326 90.24450383232423 32.89508715383346 98.45538960278475 23.16253746423356 57.41302707266163 59.05362728921752 47.85823805297484 32.37533760158931 66.50674688817574 3.2777736069524943 14.032983145568235 21.132123462590037 6.27036672672544 4.874756045051876 10.26193315560372 47.40800142170415 42.18148336586369 
45.11036445366319 32.51022093699664 67.34644192071087 49.26928101099202 32.329713307608955 72.48551807888812 61.231803710331654 78.31466003859694 7.888625176509434 41.197119263392565 4.262255485078715 23.589056324032896 35.421764331208735 19.400216511698844 54.21650580620114 34.19645788995298 59.568057280799216 58.12644430077288 95.7525071417627 2.1917113166877167 