20
0 79 25 42 95 28 77 9 45 102 70 61 72 58 70 32 73 45 72 40 
79 0 61 55 17 74 37 79 68 24 66 49 29 49 60 73 34 69 50 70 
25 61 0 45 77 43 52 31 55 83 46 61 48 58 73 15 66 24 71 51 
42 55 45 0 70 23 73 37 14 78 84 19 64 16 29 61 34 68 30 15 
95 17 77 70 0 90 44 95 82 9 76 61 39 62 71 88 44 82 60 85 
28 74 43 23 90 0 85 19 19 98 89 40 78 38 46 56 57 67 51 13 
77 37 52 73 44 85 0 81 87 44 32 76 9 75 90 56 67 45 81 86 
9 79 31 37 95 19 81 0 38 102 77 56 75 52 64 40 69 53 67 32 
45 68 55 14 82 19 87 38 0 91 96 25 79 23 28 69 43 78 34 6 
102 24 83 78 9 98 44 102 91 0 76 70 40 71 80 92 52 86 68 93 
70 66 46 84 76 89 32 77 96 76 0 94 37 91 107 40 89 26 101 94 
61 49 61 19 61 40 76 56 25 70 94 0 67 3 14 76 19 81 11 29 
72 29 48 64 39 78 9 75 79 40 37 67 0 66 81 54 58 46 72 78 
58 49 58 16 62 38 75 52 23 71 91 3 66 0 16 73 21 79 15 27 
70 60 73 29 71 46 90 64 28 80 107 14 81 16 0 89 27 95 12 34 
32 73 15 61 88 56 56 40 69 92 40 76 54 73 89 0 81 14 87 65 
73 34 66 34 44 57 67 69 43 52 89 19 58 21 27 81 0 83 16 47 
45 69 24 68 82 67 45 53 78 86 26 81 46 79 95 14 83 0 91 75 
72 50 71 30 60 51 81 67 34 68 101 11 72 15 12 87 16 91 0 40 
40 70 51 15 85 13 86 32 6 93 94 29 78 27 34 65 47 75 40 0 
0 1000
401 436
2101 2969
1085 2053
1790 2269
171 832
792 1563
711 1001
1907 1937
511 1361
2012 2924
955 1677
1671 2079
1357 1574
1465 2449
39 722
273 486
1244 1833
1022 1704
1578 1618
13.233032809296185 77.35841124574648 19.903643907082746 55.24793217214997 90.40982859345644 35.90566129560193 47.823936901422435 18.74041552979593 54.53739482937141 92.08255782795221 16.17058286594675 74.14710382020452 51.94452586699448 71.05981191681832 82.11147637895785 6.1217356285362845 84.77260429428777 8.666311489476918 85.57699150729131 48.773588593320085 
79.77500346578532 34.109044879583685 55.38931497568711 83.95305140618997 23.754400670231323 95.83852249438021 11.510485582009034 86.66059560988805 98.041765627164 15.206740349448722 9.512933037006388 83.03876042912019 19.583189841627412 82.65096939477297 94.29745666753257 48.537262649087744 66.95065050606676 34.625378786341244 83.0662191753993 97.87794799842935 