20
0 33 44 33 79 54 5 25 83 80 50 32 27 57 46 23 36 44 61 7 
33 0 76 6 95 83 34 35 115 113 84 62 10 90 77 11 65 77 87 30 
44 76 0 77 92 15 43 63 52 50 20 17 71 34 34 66 44 22 29 50 
33 6 77 0 90 85 34 31 114 112 83 63 7 89 76 11 62 76 90 29 
79 95 92 90 0 107 83 60 79 79 77 95 85 67 59 87 49 71 121 75 
54 83 15 85 107 0 51 75 60 58 32 22 80 46 48 74 58 36 15 60 
5 34 43 34 83 51 0 30 84 81 51 29 28 59 48 23 40 45 58 11 
25 35 63 31 60 75 30 0 89 86 62 55 25 64 50 27 34 54 85 19 
83 115 52 114 79 60 84 89 0 3 35 68 107 25 39 105 55 39 75 85 
80 113 50 112 79 58 81 86 3 0 32 65 105 23 36 102 53 36 72 83 
50 84 20 83 77 32 51 62 35 32 0 33 76 14 19 73 34 8 47 54 
32 62 17 63 95 22 29 55 68 65 33 0 58 46 42 52 45 32 30 38 
27 10 71 7 85 80 28 25 107 105 76 58 0 82 69 6 55 69 85 22 
57 90 34 89 67 46 59 64 25 23 14 46 82 0 14 79 31 15 61 60 
46 77 34 76 59 48 48 50 39 36 19 42 69 14 0 67 17 12 63 47 
23 11 66 11 87 74 23 27 105 102 73 52 6 79 67 0 54 66 80 19 
36 65 44 62 49 58 40 34 55 53 34 45 55 31 17 54 0 26 72 36 
44 77 22 76 71 36 45 54 39 36 8 32 69 15 12 66 26 0 51 47 
61 87 29 90 121 15 58 85 75 72 47 30 85 61 63 80 72 51 0 68 
7 30 50 29 75 60 11 19 85 83 54 38 22 60 47 19 36 47 68 0 
0 1000
57 971
1864 1931
708 990
1121 1983
429 814
1979 2562
1383 1811
563 910
178 278
1040 1325
915 1443
1741 2229
989 1870
1269 2104
287 405
1679 1980
1287 1308
1537 2068
823 1483
79.16890610976031 99.33323353552281 66.96917446506795 94.39518556450305 4.821592913344553 76.0950716301313 82.90722569702538 64.65322669246778 15.620133596552632 18.324930710235275 47.62239797138492 79.92476892804892 89.34422344621294 33.809642695249806 39.314909784786565 91.32724390073133 43.33874668124543 48.045595438024016 89.79943445540638 76.88228045111592 
64.73919383003586 91.28559591891091 22.37219487103188 94.26726411926273 90.25617917193287 11.097976490222827 61.97794263698443 85.60327250887974 11.83267629075786 12.573755524167318 25.72145044581873 32.87600514938342 89.61649622416063 29.443266763804708 42.41347087975412 83.9156281716624 59.236575314660826 33.72085414410768 4.323563459770319 70.96324941954205 