20
0 18 10 14 14 53 12 59 56 27 54 13 26 56 44 32 60 60 49 24 
18 0 13 31 4 46 27 45 46 11 58 4 43 46 35 19 43 43 34 39 
10 13 0 20 9 44 15 49 47 18 62 9 33 47 34 23 56 51 46 34 
14 31 20 0 27 59 8 68 64 39 58 27 13 64 52 43 73 72 62 21 
14 4 9 27 0 45 23 46 46 13 59 2 40 46 34 20 47 46 38 36 
53 46 44 59 45 0 52 22 9 36 104 47 71 11 12 28 69 37 67 77 
12 27 15 8 23 52 0 62 56 33 63 23 20 57 45 37 71 66 60 27 
59 45 49 68 46 22 62 0 14 34 101 48 82 11 19 27 53 16 54 82 
56 46 47 64 46 9 56 14 0 36 104 48 76 2 12 27 64 30 63 80 
27 11 18 39 13 36 33 34 36 0 69 14 52 35 25 9 42 33 35 49 
54 58 62 58 59 104 63 101 104 69 0 57 57 103 93 77 69 95 58 40 
13 4 9 27 2 47 23 48 48 14 57 0 39 48 36 22 47 47 37 35 
26 43 33 13 40 71 20 82 76 52 57 39 0 77 65 56 84 85 72 18 
56 46 47 64 46 11 57 11 2 35 103 48 77 0 12 26 62 27 61 80 
44 35 34 52 34 12 45 19 12 25 93 36 65 12 0 16 58 30 55 68 
32 19 23 43 20 28 37 27 27 9 77 22 56 26 16 0 46 29 41 56 
60 43 56 73 47 69 71 53 64 42 69 47 84 62 58 46 0 38 13 74 
60 43 51 72 46 37 66 16 30 33 95 47 85 27 30 29 38 0 42 82 
49 34 46 62 38 67 60 54 63 35 58 37 72 61 55 41 13 42 0 61 
24 39 34 21 36 77 27 82 80 49 40 35 18 80 68 56 74 82 61 0 
0 1000
1647 2473
1187 1195
164 283
1595 2168
1068 1242
1735 2178
755 1325
650 920
543 1032
886 1207
135 1035
1374 2037
778 1058
383 854
482 1286
66 400
294 1159
1543 1964
1289 1986
49.63147438016482 57.810803704085366 46.780337913059476 39.96922891561001 54.440622012448756 24.5311784743233 37.44527901913426 43.36688227102079 30.72179096473674 54.135076700036336 94.9801760564224 55.72367305741596 38.18832247012685 33.030374227175145 35.09488874163609 47.72877904737034 93.2990495696377 59.697139466845385 88.92840479081067 55.877968160041355 
70.38481439344 54.692474028990446 60.939702937454754 80.20903662690239 56.86422019654904 23.23448201071625 73.09286128270843 11.826373590594319 17.20151168023364 44.0618066102183 99.14727126231246 58.424761695847536 93.27893630266055 16.44628287754808 28.520877563658786 38.06864270427401 29.81127774275634 11.305003537708824 41.589525890607916 93.29963830259432 