20
0 71 42 53 80 19 30 38 19 68 57 63 68 29 30 53 42 75 22 53 
71 0 101 85 94 80 45 54 61 31 81 11 45 81 47 63 30 52 84 97 
42 101 0 34 61 55 69 50 41 85 42 91 78 66 70 52 72 81 20 22 
53 85 34 0 29 72 68 32 39 61 8 74 51 82 71 24 60 52 37 15 
80 94 61 29 0 99 90 50 64 64 24 83 50 110 93 34 76 47 66 40 
19 80 55 72 99 0 35 57 38 83 76 74 85 11 34 72 54 93 37 70 
30 45 69 68 90 35 0 40 31 53 69 39 59 37 3 56 22 68 50 74 
38 54 50 32 50 57 40 0 19 35 30 42 31 65 43 17 28 37 38 43 
19 61 41 39 64 38 31 19 0 51 40 51 50 47 33 34 32 56 23 43 
68 31 85 61 64 83 53 35 51 0 55 22 14 88 56 37 30 21 72 75 
57 81 42 8 24 76 69 30 40 55 0 70 44 86 71 18 58 44 43 23 
63 11 91 74 83 74 39 42 51 22 70 0 36 76 42 52 21 43 74 85 
68 45 78 51 50 85 59 31 50 14 44 36 0 92 63 27 38 8 69 65 
29 81 66 82 110 11 37 65 47 88 86 76 92 0 34 80 58 99 49 81 
30 47 70 71 93 34 3 43 33 56 71 42 63 34 0 59 25 71 51 76 
53 63 52 24 34 72 56 17 34 37 18 52 27 80 59 0 42 29 46 38 
42 30 72 60 76 54 22 28 32 30 58 21 38 58 25 42 0 47 55 70 
75 52 81 52 47 93 68 37 56 21 44 43 8 99 71 29 47 0 74 67 
22 84 20 37 66 37 50 38 23 72 43 74 69 49 51 46 55 74 0 32 
53 97 22 15 40 70 74 43 43 75 23 85 65 81 76 38 70 67 32 0 
0 1000
2018 2185
279 1190
579 1568
880 1072
178 825
434 487
1435 1656
724 1384
1924 2008
830 1004
1640 2178
1511 1858
1800 2024
1023 1866
633 641
1580 2543
1182 1750
1328 1416
57 550
51.70698272270708 99.63314308495444 10.099789920629975 15.654493285716487 6.688347767949954 60.27594299241756 78.98564848151838 47.97377745154423 48.66310527601605 70.73364787687089 19.02594691067717 88.45322099420572 56.93155170150792 70.12021520360653 80.46311702765725 36.92580476711623 75.95218624639722 52.461795510708356 30.004117803395214 6.473972056381861 
76.8671303473149 24.30886793241983 71.10754202494203 37.941477265416005 10.270022660903976 94.0401953312614 64.03699622785143 38.630473677501406 57.92157597776356 12.002892406357423 30.34845179929535 25.730466774485905 8.828572085679731 99.60276864252727 66.82646638043188 26.317306400888864 42.02219302462238 1.711441578710049 71.91234814872315 49.790033529995966 