20
0 57 43 37 39 70 73 59 69 21 63 88 49 72 48 52 76 91 89 78 
57 0 36 70 45 46 63 43 61 48 30 66 89 53 79 19 51 48 35 40 
43 36 0 36 58 27 33 16 30 49 22 46 56 29 44 48 33 50 54 37 
37 70 36 0 72 56 48 45 44 56 57 67 20 53 11 75 60 83 90 70 
39 45 58 72 0 82 92 73 89 18 68 102 87 86 83 28 87 92 80 81 
70 46 27 56 82 0 19 12 19 75 16 20 73 7 59 63 6 28 43 17 
73 63 33 48 92 19 0 20 4 82 33 20 62 12 47 78 19 44 62 36 
59 43 16 45 73 12 20 0 18 65 16 30 63 13 49 58 17 38 49 25 
69 61 30 44 89 19 4 18 0 79 32 23 59 13 44 76 20 46 62 36 
21 48 49 56 18 75 82 65 79 0 64 95 70 78 67 37 81 91 83 78 
63 30 22 57 68 16 33 16 32 64 0 35 76 22 63 48 20 29 34 15 
88 66 46 67 102 20 20 30 23 95 35 0 82 17 67 84 15 32 54 29 
49 89 56 20 87 73 62 63 59 70 76 82 0 70 15 93 76 101 110 89 
72 53 29 53 86 7 12 13 13 78 22 17 70 0 55 70 7 33 50 24 
48 79 44 11 83 59 47 49 44 67 63 67 15 55 0 85 62 86 96 74 
52 19 48 75 28 63 78 58 76 37 48 84 93 70 85 0 69 68 53 59 
76 51 33 60 87 6 19 17 20 81 20 15 76 7 62 69 0 26 44 18 
91 48 50 83 92 28 44 38 46 91 29 32 101 33 86 68 26 0 24 13 
89 35 54 90 80 43 62 49 62 83 34 54 110 50 96 53 44 24 0 26 
78 40 37 70 81 17 36 25 36 78 15 29 89 24 74 59 18 13 26 0 
0 1000
1003 1622
895 1519
562 1389
1728 2175
1492 2419
391 860
950 1755
1109 2070
474 1006
84 870
781 1669
1276 2103
1401 1670
1163 2064
194 733
1843 2600
1585 2217
309 742
682 1426
49.79592145850703 26.760063501657584 61.541160526742985 84.70709999777779 12.504554119081812 70.30088099144119 88.69006331512642 69.74536219431255 87.24915464856036 29.220113996052422 55.4345618910708 85.92902521086457 98.8978982028333 77.65597522729637 95.6738074332547 14.08389908877561 73.62132581574194 55.77315052645122 32.56872370844709 57.124037121894155 
4.88514829683242 57.316881355077285 46.602646910947534 18.426776200576136 14.732348796074868 72.26033060981926 66.15284337443833 60.69583351614204 62.63207309686788 9.511649985808734 67.54817403330627 85.49553104955896 4.808697103297154 71.07623919964577 19.310563694386484 42.84159784079091 76.90602137940957 96.04867031385461 92.2609402842134 82.83570478034292 