20
0 7 40 66 54 67 94 53 24 30 81 41 74 49 71 39 16 58 11 27 
7 0 40 64 60 74 98 59 20 37 87 41 78 47 77 46 10 62 5 23 
40 40 0 29 48 87 71 50 59 47 79 4 59 17 79 59 46 40 35 62 
66 64 29 0 72 116 81 75 80 76 102 31 78 17 106 87 68 61 59 83 
54 60 48 72 0 51 44 4 78 29 31 45 20 65 34 32 69 15 60 81 
67 74 87 116 51 0 87 47 82 41 45 85 64 104 24 29 81 65 77 83 
94 98 71 81 44 87 0 47 118 73 46 67 24 83 64 75 107 36 97 120 
53 59 50 75 4 47 47 0 77 27 30 47 23 67 31 29 68 19 60 79 
24 20 59 80 78 82 118 77 0 52 104 61 98 63 91 59 13 82 24 3 
30 37 47 76 29 41 73 27 52 0 52 45 50 63 41 12 46 39 39 54 
81 87 79 102 31 45 46 30 104 52 0 76 28 96 21 47 97 41 89 105 
41 41 4 31 45 85 67 47 61 45 76 0 55 20 76 57 48 37 37 64 
74 78 59 78 20 64 24 23 98 50 28 55 0 75 42 51 88 19 78 100 
49 47 17 17 65 104 83 67 63 63 96 20 75 0 96 75 50 56 41 66 
71 77 79 106 34 24 64 31 91 41 21 76 42 96 0 32 86 48 80 92 
39 46 59 87 32 29 75 29 59 12 47 57 51 75 32 0 55 45 50 61 
16 10 46 68 69 81 107 68 13 46 97 48 88 50 86 55 0 72 11 15 
58 62 40 61 15 65 36 19 82 39 41 37 19 56 48 45 72 0 61 85 
11 5 35 59 60 77 97 60 24 39 89 37 78 41 80 50 11 61 0 26 
27 23 62 83 81 83 120 79 3 54 105 64 100 66 92 61 15 85 26 0 
0 1000
1436 1931
73 779
428 1350
1083 1845
1531 2135
1021 1197
1307 1321
1748 2128
1476 2061
973 1782
769 1296
601 715
1896 2433
224 571
1642 2055
869 1286
650 1185
131 598
1202 1291
79.8986360097161 86.80763123391864 82.27728641270862 99.6501415432908 35.12443321793456 15.162983185859568 18.885305831801126 34.07318144054203 97.21006003739625 50.56171998915621 3.863925371272403 78.50018553629964 23.610782380909956 98.35117537869006 9.757356090636227 40.41433460733417 95.01070987665149 42.01253521893202 89.64874098773936 98.04871304402921 
28.872166345453355 29.64067126886949 68.94648678062832 92.01487253543571 59.53463929075296 13.139499057238691 99.93310631485397 55.735650567587435 11.985468127210574 34.51429845914997 56.72164508745779 69.78417668342837 76.18429134128955 74.80234110300451 36.59457501180077 27.75988184105428 24.458572811145018 72.65177746370901 34.30872401020508 9.296265335324971 