20
0 82 76 46 29 64 62 28 53 20 21 45 63 22 82 60 27 5 41 20 
82 0 9 73 75 33 83 76 54 100 93 81 44 99 10 95 87 87 84 101 
76 9 0 64 67 24 74 68 45 93 89 81 46 92 6 86 85 81 83 95 
46 73 64 0 17 42 17 18 20 48 66 84 80 44 67 23 71 49 82 52 
29 75 67 17 0 48 33 1 30 33 49 69 72 29 71 33 54 31 66 36 
64 33 24 42 48 0 50 49 22 78 81 82 57 75 26 63 79 69 82 80 
62 83 74 17 33 50 0 34 30 61 83 101 96 56 76 15 87 64 99 65 
28 76 68 18 1 49 34 0 31 32 49 69 73 28 72 34 54 31 66 35 
53 54 45 20 30 22 30 31 0 62 73 82 69 59 47 41 74 57 81 65 
20 100 93 48 33 78 61 32 62 0 31 62 83 6 98 54 41 17 57 5 
21 93 89 66 49 81 83 49 73 31 0 33 64 36 94 80 11 19 27 27 
45 81 81 84 69 82 101 69 82 62 33 0 42 66 86 103 22 46 5 59 
63 44 46 80 72 57 96 73 69 83 64 42 0 85 51 103 55 66 45 82 
22 99 92 44 29 75 56 28 59 6 36 66 85 0 97 49 45 20 61 10 
82 10 6 67 71 26 76 72 47 98 94 86 51 97 0 89 90 86 88 100 
60 95 86 23 33 63 15 34 41 54 80 103 103 49 89 0 86 61 99 59 
27 87 85 71 54 79 87 54 74 41 11 22 55 45 90 86 0 26 17 37 
5 87 81 49 31 69 64 31 57 17 19 46 66 20 86 61 26 0 42 16 
41 84 83 82 66 82 99 66 81 57 27 5 45 61 88 99 17 42 0 54 
20 101 95 52 36 80 65 35 65 5 27 59 82 10 100 59 37 16 54 0 
0 1000
883 926
225 466
408 1346
48 769
990 1717
1101 1119
84 167
1691 1913
1832 2597
1932 2352
1354 1803
304 1074
1584 2305
581 1299
768 1534
1193 1821
1297 1604
1432 1481
464 1224
75.22118944448249 16.348197399503906 15.449671176814183 31.89244687384589 48.73412740549783 15.760432082870546 19.315150014198824 49.61661583039674 22.220750940483025 79.98898577183887 94.71443485465139 95.97870368279263 59.98794937741806 75.1353547011306 10.188660123974302 28.929240745820906 94.722552770093 79.0523780538968 97.08964742612285 84.17895644888377 
61.19545800008134 4.234566623796942 13.530729464343871 75.38721505531963 71.78825297138441 37.119427563299055 87.28824212352816 72.19594701290796 57.8115500492027 81.02731773559005 53.66038815936748 21.070407328545137 0.38839024245065357 83.6292171795296 11.922613026902528 98.69804434996973 42.91756441391213 63.986417929591646 26.389129946525912 78.83902008974727 