20
0 36 37 70 53 47 58 62 74 6 53 44 34 39 20 86 36 28 71 61 
36 0 4 34 21 49 42 55 43 36 31 51 2 38 16 53 54 9 37 58 
37 4 0 34 25 45 38 60 41 37 35 47 5 35 17 51 57 12 35 54 
70 34 34 0 27 71 52 69 28 70 41 75 36 62 50 31 83 43 18 74 
53 21 25 27 0 70 60 44 49 51 15 72 23 60 33 56 57 25 40 78 
47 49 45 71 70 0 24 100 56 52 80 7 49 11 46 67 83 50 59 14 
58 42 38 52 60 24 0 97 32 62 72 31 43 23 47 43 90 48 37 22 
62 55 60 69 44 100 97 0 93 57 29 99 55 89 54 99 37 51 83 112 
74 43 41 28 49 56 32 93 0 76 64 62 45 51 57 12 98 52 10 54 
6 36 37 70 51 52 62 57 76 0 49 49 34 43 20 88 31 28 72 66 
53 31 35 41 15 80 72 29 64 49 0 81 31 69 37 70 48 30 55 89 
44 51 47 75 72 7 31 99 62 49 81 0 50 13 46 73 80 51 65 20 
34 2 5 36 23 49 43 55 45 34 31 50 0 38 14 55 53 8 39 58 
39 38 35 62 60 11 23 89 51 43 69 13 38 0 35 62 74 39 52 23 
20 16 17 50 33 46 47 54 57 20 37 46 14 35 0 68 43 8 52 58 
86 53 51 31 56 67 43 99 12 88 70 73 55 62 68 0 107 63 17 64 
36 54 57 83 57 83 90 37 98 31 48 80 53 74 43 107 0 45 91 97 
28 9 12 43 25 50 48 51 52 28 30 51 8 39 8 63 45 0 46 61 
71 37 35 18 40 59 37 83 10 72 55 65 39 52 52 17 91 46 0 60 
61 58 54 74 78 14 22 112 54 66 89 20 58 23 58 64 97 61 60 0 
0 1000
545 645
943 1891
990 1885
135 770
690 762
262 994
1462 1897
420 961
825 918
1348 1964
1184 1391
1764 2638
726 1666
767 1259
1638 2228
2022 2414
1127 1141
1855 1885
286 780
61.367959753303694 46.25951308163938 42.46308429199656 31.753139808885912 55.95384236557639 14.431592173970909 6.739163499334788 99.42908399988248 6.8204551834073595 66.264050271948 70.9613365678466 18.91496765670857 47.32098382806909 22.811579123943925 54.139501917586216 1.1636780762755983 96.02130027284112 53.63965638978612 16.32303992469395 0.1548387802980944 
73.70720255982475 40.54026256262635 42.421530156263465 9.771269411388229 21.409527115538317 78.26051152012305 55.180060343835635 25.204581848376485 23.003463694805927 70.99085093878178 21.838815747437003 83.53529175694669 42.27233634122326 70.96881443160513 54.694199930334996 12.360943058977991 62.403688271114454 46.508219312929775 19.011530776895214 76.4330578645107 