20
0 56 68 61 75 75 48 106 27 71 77 49 90 108 72 53 93 75 105 51 
56 0 19 16 42 41 9 52 46 17 51 37 35 57 18 20 74 44 51 29 
68 19 0 32 26 56 21 39 51 26 67 56 28 40 9 17 59 59 37 48 
61 16 32 0 57 25 23 57 58 13 35 27 36 65 27 37 90 27 57 19 
75 42 26 57 0 82 39 48 51 52 92 78 48 42 34 26 33 85 46 70 
75 41 56 25 82 0 48 72 79 32 11 27 51 82 50 62 115 3 72 24 
48 9 21 23 39 48 0 58 37 26 56 38 42 61 23 15 70 50 57 31 
106 52 39 57 48 72 58 0 90 44 83 84 22 13 35 55 74 75 2 76 
27 46 51 58 51 79 37 90 0 63 84 58 78 89 58 34 66 80 88 56 
71 17 26 13 52 32 26 44 63 0 43 40 23 52 18 36 85 35 44 32 
77 51 67 35 92 11 56 83 84 43 0 28 62 93 61 70 125 8 83 28 
49 37 56 27 78 27 38 84 58 40 28 0 63 91 53 53 108 27 84 8 
90 35 28 36 48 51 42 22 78 23 62 63 0 32 20 45 80 54 21 55 
108 57 40 65 42 82 61 13 89 52 93 91 32 0 39 55 64 85 12 83 
72 18 9 27 34 50 23 35 58 18 61 53 20 39 0 25 67 53 33 45 
53 20 17 37 26 62 15 55 34 36 70 53 45 55 25 0 55 64 54 46 
93 74 59 90 33 115 70 74 66 85 125 108 80 64 67 55 0 117 72 101 
75 44 59 27 85 3 50 75 80 35 8 27 54 85 53 64 117 0 75 25 
105 51 37 57 46 72 57 2 88 44 83 84 21 12 33 54 72 75 0 75 
51 29 48 19 70 24 31 76 56 32 28 8 55 83 45 46 101 25 75 0 
0 1000
1595 2261
709 1619
1134 1446
1742 2137
174 975
1946 2072
612 1232
994 1371
1661 1860
277 1225
1828 2665
1416 2146
1335 1570
1497 2070
522 803
804 1317
1227 1637
402 742
912 968
92.8949365288324 57.088071355372904 38.37483394836815 67.24573684262928 21.007896493636082 83.56641137917134 58.234099731899725 11.408687662697048 66.26623809574777 55.01794579822084 94.37169772022392 93.5219337235072 33.19768601983307 2.714240342502272 40.48805922180746 46.40345127337331 0.22606659866184486 86.2403860145713 11.813598274032088 85.27033713893995 
87.23519073828318 44.52036792585308 46.57701773801121 31.911013895539508 66.0117914138702 12.918866259368889 53.35479822982594 18.853593983525275 89.60399256837862 27.169110575077614 10.414580573557686 38.092768063789876 19.38309326611084 27.93450314015097 38.116087927803335 61.92714621661397 91.98098297648781 12.190882045957219 20.871983319031774 37.254251935430936 