20
0 28 43 60 96 47 68 82 30 51 62 28 44 34 29 28 66 75 45 26 
28 0 62 47 107 74 63 98 56 55 89 16 71 17 55 9 72 64 58 52 
43 62 0 62 55 38 55 39 24 32 46 51 35 75 23 67 36 70 13 26 
60 47 62 0 81 93 21 82 73 32 105 34 90 64 71 56 44 17 50 72 
96 107 55 81 0 86 61 23 78 54 87 92 84 123 77 114 38 76 51 81 
47 74 38 93 86 0 91 64 20 68 15 71 4 79 22 75 74 104 50 23 
68 63 55 21 61 91 0 66 72 23 101 48 88 80 70 71 27 16 42 72 
82 98 39 82 23 64 66 0 60 51 64 85 63 112 59 104 39 82 40 63 
30 56 24 73 78 20 72 60 0 50 34 51 17 64 2 58 58 85 34 4 
51 55 32 32 54 68 23 51 50 0 78 39 65 72 48 63 17 37 19 50 
62 89 46 105 87 15 101 64 34 78 0 84 18 94 35 90 80 114 59 37 
28 16 51 34 92 71 48 85 51 39 84 0 67 33 49 24 56 50 45 48 
44 71 35 90 84 4 88 63 17 65 18 67 0 76 19 72 71 100 47 19 
34 17 75 64 123 79 80 112 64 72 94 33 76 0 63 9 88 81 73 60 
29 55 23 71 77 22 70 59 2 48 35 49 19 63 0 57 57 83 32 4 
28 9 67 56 114 75 71 104 58 63 90 24 72 9 57 0 79 72 64 54 
66 72 36 44 38 74 27 39 58 17 80 56 71 88 57 79 0 43 24 60 
75 64 70 17 76 104 16 82 85 37 114 50 100 81 83 72 43 0 56 84 
45 58 13 50 51 50 42 40 34 19 59 45 47 73 32 64 24 56 0 35 
26 52 26 72 81 23 72 63 4 50 37 48 19 60 4 54 60 84 35 0 
0 1000
1937 2409
230 531
411 1200
1152 1438
120 364
2199 3162
744 1502
2088 2805
1762 1828
286 876
1534 1587
904 1122
1346 1519
526 1404
1878 1981
616 618
1447 2075
1046 1940
1681 2322
35.21481304078799 8.94202474605159 68.4058789840577 13.09622024828604 90.54116289067564 81.58912889792602 30.29666854462283 95.4135217072001 64.98198829993265 45.028756774353425 96.20562021804588 17.386685449202698 78.77399245913028 2.3693080906825426 63.68625940576577 6.928527923575678 56.78492590229898 14.914159746602973 59.24763562987797 61.06410430617332 
90.20283998192 81.50800954012927 62.292221362924295 34.32108684037332 11.885025858757182 97.67380400897233 22.454376520874085 34.80506874710094 85.99652798659324 40.05897620843753 98.41176222531178 68.25098214968742 95.43791129712811 97.66761088351437 84.48030185980822 89.94899652143506 28.306724152583485 17.89241293743027 52.470102041454105 87.7026490758043 