20
0 52 64 64 77 71 76 38 33 29 40 20 90 63 87 56 79 44 45 83 
52 0 107 55 102 89 103 73 84 23 59 37 75 68 117 76 76 90 89 69 
64 107 0 82 43 51 38 35 37 87 54 83 99 67 37 47 80 19 19 94 
64 55 82 0 57 42 60 50 79 52 31 66 26 17 75 36 21 71 70 19 
77 102 43 57 0 15 5 39 67 88 44 92 65 40 18 25 46 47 45 62 
71 89 51 42 15 0 19 35 67 77 33 83 51 25 33 15 32 50 48 47 
76 103 38 60 5 19 0 37 63 87 44 91 69 42 15 26 50 44 42 66 
38 73 35 50 39 35 37 0 33 54 20 54 71 39 49 22 55 22 21 65 
33 84 37 79 67 67 63 33 0 61 49 52 103 71 70 55 87 20 22 97 
29 23 87 52 88 77 87 54 61 0 44 17 77 60 101 62 72 68 68 70 
40 59 54 31 44 33 44 20 49 44 0 50 54 23 58 18 40 41 40 47 
20 37 83 66 92 83 91 54 52 17 50 0 92 70 103 68 84 64 64 84 
90 75 99 26 65 51 69 71 103 77 54 92 0 33 83 53 19 92 91 7 
63 68 67 17 40 25 42 39 71 60 23 70 33 0 57 21 16 60 58 27 
87 117 37 75 18 33 15 49 70 101 58 103 83 57 0 41 64 49 47 80 
56 76 47 36 25 15 26 22 55 62 18 68 53 21 41 0 35 40 39 48 
79 76 80 21 46 32 50 55 87 72 40 84 19 16 64 35 0 75 73 16 
44 90 19 71 47 50 44 22 20 68 41 64 92 60 49 40 75 0 2 86 
45 89 19 70 45 48 42 21 22 68 40 64 91 58 47 39 73 2 0 85 
83 69 94 19 62 47 66 65 97 70 47 84 7 27 80 48 16 86 85 0 
0 1000
133 477
280 579
1583 1609
934 1689
517 1085
1305 1512
1509 2248
1013 1728
679 1662
431 1215
1403 2000
2016 2695
792 1132
1818 2522
1694 2300
1198 1571
1122 1531
865 1050
1960 2155
13.66731037269152 13.490972482380082 58.75526534288953 66.02565402891808 89.47825555790513 84.5902907666595 86.77884122869422 50.46127070797299 24.398382684490862 14.192696078078571 53.1330603362125 3.265933113767072 88.89501005074023 73.23617612807409 94.09144444962843 69.40924787022114 86.31188606613156 44.88121577521401 46.70319213387155 82.39719582210515 
47.23447490770428 99.43205549858767 2.2007739668879256 83.7951488115528 31.800567671801716 46.165122131852684 27.76558591116579 36.713762101282576 16.17969394016432 76.51917522458156 56.107563730578434 63.759379530743566 96.83176665578523 67.96365929078117 14.427269590172553 47.509137892992236 77.82088250405333 15.594278334545809 16.407598422029658 93.38827648176381 