20
0 19 70 36 70 74 69 57 79 110 18 98 89 27 49 19 70 47 75 58 
19 0 53 24 51 55 55 42 60 91 3 79 70 9 30 23 54 31 59 39 
70 53 0 37 29 17 22 19 23 54 55 34 28 49 39 74 9 23 12 16 
36 24 37 0 49 47 33 21 53 86 27 69 62 27 37 46 35 15 40 30 
70 51 29 49 0 14 50 41 14 41 52 32 22 43 22 66 38 35 41 20 
74 55 17 47 14 0 40 34 6 39 57 23 15 49 32 74 27 32 29 17 
69 55 22 33 50 40 0 13 45 75 58 53 50 55 53 78 13 26 14 33 
57 42 19 21 41 34 13 0 39 72 45 52 47 42 41 65 14 13 18 22 
79 60 23 53 14 6 45 39 0 33 62 19 10 54 35 78 32 38 33 23 
110 91 54 86 41 39 75 72 33 0 92 22 25 84 62 106 61 71 61 56 
18 3 55 27 52 57 58 45 62 92 0 81 71 9 31 20 57 34 62 41 
98 79 34 69 32 23 53 52 19 22 81 0 10 72 54 97 41 54 40 40 
89 70 28 62 22 15 50 47 10 25 71 10 0 63 44 87 37 47 37 32 
27 9 49 27 43 49 55 42 54 84 9 72 63 0 22 25 52 30 57 34 
49 30 39 37 22 32 53 41 35 62 31 54 44 22 0 44 45 29 49 22 
19 23 74 46 66 74 78 65 78 106 20 97 87 25 44 0 76 53 81 59 
70 54 9 35 38 27 13 14 32 61 57 41 37 52 45 76 0 23 5 23 
47 31 23 15 35 32 26 13 38 71 34 54 47 30 29 53 23 0 28 16 
75 59 12 40 41 29 14 18 33 61 62 40 37 57 49 81 5 28 0 27 
58 39 16 30 20 17 33 22 23 56 41 40 32 34 22 59 23 16 27 0 
0 1000
379 863
917 1159
1094 1983
250 972
1344 1888
1230 1857
126 1036
1435 1847
748 1459
358 835
1526 1701
973 1487
1145 1674
303 1229
457 624
632 1296
856 1577
1312 1682
1404 1832
94.37562891548916 79.637301660414 60.388481833444665 87.03142125122892 38.67064285081059 44.1668204548201 81.93647938149454 77.8469447618004 38.43220174835397 7.241852241973135 78.84346962253808 28.708227940969365 32.090195635066955 70.73631199259047 51.65260850332516 78.78622136671234 68.64554691923811 74.10220182381426 68.19682920802579 58.241344865416025 
16.557431399655375 29.017495366501088 77.91032330658521 51.84709454479105 58.6018416617988 71.54400218730515 84.11184842441989 71.27498303950661 72.67690341083627 84.21341921922306 25.828551764692918 88.90860357539843 79.77717071693698 29.881009841399365 40.36728274576693 6.295359021328039 81.88466906993966 59.27973350961875 86.90337366568872 61.74394417856163 