20
0 88 52 58 86 18 74 25 22 70 41 90 32 102 43 80 53 37 21 35 
88 0 80 84 4 105 92 112 107 56 49 10 99 22 46 78 48 60 69 61 
52 80 0 6 76 67 22 61 55 31 42 75 33 82 56 30 74 28 53 29 
58 84 6 0 80 72 16 65 59 32 48 79 36 84 62 26 81 35 59 35 
86 4 76 80 0 103 88 110 105 52 46 8 96 20 45 74 48 56 67 58 
18 105 67 72 103 0 87 16 18 88 59 108 40 120 59 96 66 55 37 53 
74 92 22 16 88 87 0 79 73 36 62 86 49 89 77 19 95 50 75 51 
25 112 61 65 110 16 79 0 6 86 64 113 30 124 67 91 77 57 46 54 
22 107 55 59 105 18 73 6 0 80 59 108 24 119 63 85 75 51 42 49 
70 56 31 32 52 88 36 86 80 0 39 50 61 53 53 23 69 34 62 37 
41 49 42 48 46 59 62 64 59 39 0 49 51 61 15 58 33 14 25 15 
90 10 75 79 8 108 86 113 108 50 49 0 97 13 50 71 54 59 72 61 
32 99 33 36 96 40 49 30 24 61 51 97 0 107 61 62 77 39 46 37 
102 22 82 84 20 120 89 124 119 53 61 13 107 0 63 72 68 68 84 71 
43 46 56 62 45 59 77 67 63 53 15 50 61 63 0 72 18 28 22 28 
80 78 30 26 74 96 19 91 85 23 58 71 62 72 72 0 90 49 77 51 
53 48 74 81 48 66 95 77 75 69 33 54 77 68 18 90 0 46 32 46 
37 60 28 35 56 55 50 57 51 34 14 59 39 68 28 49 46 0 28 3 
21 69 53 59 67 37 75 46 42 62 25 72 46 84 22 77 32 28 0 26 
35 61 29 35 58 53 51 54 49 37 15 61 37 71 28 51 46 3 26 0 
0 1000
197 709
1710 2351
701 1456
1465 1904
1835 2113
894 1346
988 1554
785 999
549 1072
1082 1220
1476 2173
1232 1667
1419 1889
1594 1614
504 659
334 1023
396 1057
47 160
619 780
19.637524770922376 73.19777122533516 71.0656380596688 75.88034784769215 74.62800575116394 3.909916886801079 90.47897614595274 11.129726326144663 17.1331852123652 88.28588252614487 50.60761922690661 82.14511684200946 41.46841602372383 94.84213629070864 40.299551583031715 99.99963149760406 29.216654819219233 54.25623583678751 26.745816616206863 51.93473451415511 
27.644778015120465 97.53569336702657 17.93699010427995 13.775728124160525 93.5087611780479 18.419297114134803 7.055022670888533 4.250713252588911 5.848397333518984 43.25265465979612 54.4718257032123 92.43252413894353 3.8724506072172926 96.11655335081011 64.81025463961039 23.932445033908568 79.56739458998457 40.948276558163 47.18584177481201 39.85426724292077 