20
0 77 103 62 22 75 28 23 46 89 43 77 52 23 54 32 51 79 27 59 
77 0 47 18 70 10 87 54 81 28 47 60 76 56 37 88 38 5 51 40 
103 47 0 63 105 57 100 83 84 19 61 41 75 80 81 100 52 42 76 85 
62 18 63 0 53 12 77 40 76 44 42 66 73 44 19 79 35 22 40 23 
22 70 105 53 0 65 49 23 64 88 50 86 68 30 39 53 54 73 32 42 
75 10 57 12 65 0 88 52 85 38 50 68 80 56 29 90 42 15 51 31 
28 87 100 77 49 88 0 40 23 91 42 65 32 33 74 4 52 87 37 80 
23 54 83 40 23 52 40 0 48 68 27 64 50 9 34 43 32 56 10 40 
46 81 84 76 64 85 23 48 0 78 34 45 10 39 79 21 43 80 40 86 
89 28 19 44 88 38 91 68 78 0 49 42 70 66 63 91 40 24 62 67 
43 47 61 42 50 50 42 27 34 49 0 36 31 21 49 42 10 47 18 55 
77 60 41 66 86 68 65 64 45 42 36 0 35 57 79 64 35 57 54 85 
52 76 75 73 68 80 32 50 10 70 31 35 0 40 78 30 38 75 41 85 
23 56 80 44 30 56 33 9 39 66 21 57 40 0 42 35 28 58 5 48 
54 37 81 19 39 29 74 34 79 63 49 79 78 42 0 77 45 41 39 7 
32 88 100 79 53 90 4 43 21 91 42 64 30 35 77 0 53 89 39 83 
51 38 52 35 54 42 52 32 43 40 10 35 38 28 45 53 0 37 24 52 
79 5 42 22 73 15 87 56 80 24 47 57 75 58 41 89 37 0 53 44 
27 51 76 40 32 51 37 10 40 62 18 54 41 5 39 39 24 53 0 46 
59 40 85 23 42 31 80 40 86 67 55 85 85 48 7 83 52 44 46 0 
0 1000
380 1340
223 455
1125 1494
570 1036
682 1384
1510 2181
1224 2144
1046 1514
274 794
965 1586
180 506
137 277
1298 1809
1410 2053
479 1001
887 1225
752 1611
937 1509
1176 1436
13.552700693394081 53.033859549809726 99.23931385519668 36.62583909590228 2.1371844223583514 43.36195300773912 34.262350038512345 24.735038824652044 57.305604007050526 80.67123695183626 52.06823666979547 88.44746657257393 64.84823859932054 31.81748755043021 18.098741742671407 37.285937135764904 55.50346121283541 57.79285344920352 34.35430853567263 13.988339651154691 
75.35677224964404 9.46169945591615 18.09111270509911 17.338140905671263 57.0048827354954 6.950790753732439 94.07087016068563 55.1035768823531 90.3012270487599 16.31790738214265 56.446548092064376 57.94366478723586 84.18818256969772 61.3139639857476 21.780180675476977 96.28401287543082 46.91920427878284 10.004420947222147 57.400530749098166 16.35507011600239 