20
0 3 50 39 36 58 10 19 47 49 20 72 42 59 19 19 49 38 64 32 
3 0 51 37 34 56 7 19 48 50 22 74 46 62 18 17 47 35 66 36 
50 51 0 42 37 24 54 32 3 17 31 40 68 57 68 66 47 51 40 57 
39 37 42 0 6 30 34 33 42 53 38 80 79 84 47 43 10 10 77 67 
36 34 37 6 0 28 31 28 36 48 32 75 74 79 45 42 15 14 71 62 
58 56 24 30 28 0 57 42 26 40 44 63 86 80 71 68 31 41 64 74 
10 7 54 34 31 57 0 24 51 55 27 80 52 69 15 12 43 30 72 43 
19 19 32 33 28 42 24 0 29 31 5 56 46 52 37 36 43 37 50 34 
47 48 3 42 36 26 51 29 0 14 28 39 64 54 65 64 48 50 38 53 
49 50 17 53 48 40 55 31 14 0 28 27 55 41 68 67 60 61 24 45 
20 22 31 38 32 44 27 5 28 28 0 53 43 47 39 38 47 41 46 31 
72 74 40 80 75 63 80 56 39 27 53 0 63 36 91 90 87 88 10 57 
42 46 68 79 74 86 52 46 64 55 43 63 0 31 53 55 89 79 53 12 
59 62 57 84 79 80 69 52 54 41 47 36 31 0 75 76 93 88 26 31 
19 18 68 47 45 71 15 37 65 68 39 91 53 75 0 4 55 41 83 46 
19 17 66 43 42 68 12 36 64 67 38 90 55 76 4 0 51 37 83 47 
49 47 47 10 15 31 43 43 48 60 47 87 89 93 55 51 0 15 84 77 
38 35 51 10 14 41 30 37 50 61 41 88 79 88 41 37 15 0 83 68 
64 66 40 77 71 64 72 50 38 24 46 10 53 26 83 83 84 83 0 47 
32 36 57 67 62 74 43 34 53 45 31 57 12 31 46 47 77 68 47 0 
0 1000
1054 1126
923 1150
492 858
1210 1500
147 859
1511 1871
1774 2497
1810 2219
1146 1792
1931 2168
80 423
597 1206
1365 2123
708 1671
1668 1976
837 971
1573 2405
248 755
389 477
51.115539950489605 47.94097864600167 38.50388258789674 14.485853927103198 19.616430837005016 15.002583749641563 42.172960176514295 47.59898285804811 41.0887982795873 55.206838048655996 51.69384663171349 73.90132964008852 92.84659237142918 94.8995672841139 47.34542441695954 43.7510918268937 4.432065981606803 13.75016142034411 77.15485101667241 81.3303189471176 
19.53616010128252 18.447416632837466 68.11113961548668 33.91482235040388 36.48170321711981 64.29785771643273 14.602264369766083 37.819993634646195 65.89158510935222 68.05502451928052 39.97015092523198 87.5830205416986 27.44900442065752 58.85468987572751 0.7929581957445753 2.3382042378912837 35.23817406017121 23.65039284899535 77.94420447185657 31.13145671479618 