20
0 62 31 57 74 34 40 43 36 49 66 70 47 26 6 20 40 62 37 58 
62 0 84 67 52 32 33 37 32 76 7 16 46 73 67 62 29 73 36 94 
31 84 0 49 77 62 54 54 53 33 90 88 52 12 26 49 57 51 66 33 
57 67 49 0 32 64 36 31 40 18 74 62 21 39 57 74 41 6 73 34 
74 52 77 32 0 65 36 31 42 50 59 40 27 65 76 86 40 35 74 66 
34 32 62 64 65 0 30 36 25 66 34 45 45 53 39 30 26 71 9 81 
40 33 54 36 36 30 0 6 6 43 40 34 16 42 44 50 5 43 39 60 
43 37 54 31 31 36 6 0 11 39 44 36 10 41 46 55 11 37 45 57 
36 32 53 40 42 25 6 11 0 45 39 36 21 41 40 45 4 47 34 62 
49 76 33 18 50 66 43 39 45 0 83 74 32 25 47 68 48 19 74 18 
66 7 90 74 59 34 40 44 39 83 0 21 53 79 71 64 36 80 37 100 
70 16 88 62 40 45 34 36 36 74 21 0 43 76 75 74 32 67 51 92 
47 46 52 21 27 45 16 10 21 32 53 43 0 39 49 61 21 27 54 49 
26 73 12 39 65 53 42 41 41 25 79 76 39 0 23 46 45 42 59 32 
6 67 26 57 76 39 44 46 40 47 71 75 49 23 0 23 44 62 42 55 
20 62 49 74 86 30 50 55 45 68 64 74 61 46 23 0 48 80 28 77 
40 29 57 41 40 26 5 11 4 48 36 32 21 45 44 48 0 48 35 65 
62 73 51 6 35 71 43 37 47 19 80 67 27 42 62 80 48 0 80 32 
37 36 66 73 74 9 39 45 34 74 37 51 54 59 42 28 35 80 0 88 
58 94 33 34 66 81 60 57 62 18 100 92 49 32 55 77 65 32 88 0 
0 1000
1008 1651
1175 1204
1703 2566
1908 2446
656 1279
1800 2548
306 485
935 1886
819 1654
379 1351
1344 1517
71 90
537 1396
1454 2420
164 1057
2007 2613
259 797
615 1440
1598 2410
79.97012357485993 25.985041045644575 85.00707395602632 36.32212666317617 8.998909195886185 57.07301292045505 40.01064211373744 37.380177607752586 44.48525386297993 53.83633866571854 25.736317764198937 12.663431810968284 35.60203618987104 73.59231967764784 83.51347043499841 86.59520267976222 40.73584215777735 35.06832256871672 62.20937858601214 64.2437776953266 
37.112705807722435 7.2479152434947185 67.4997122020416 73.45389920631547 56.39121499547696 12.581412453571417 37.60449412858934 42.90335960225651 33.935531678485596 78.3909130133304 0.051357192225542914 16.648232428131493 52.48864669670502 62.62281407948777 41.54378416063437 18.71045211114396 32.25376402248823 79.83177746586415 5.0362261910324 92.86017997241144 