20
0 45 47 44 78 53 83 14 93 16 7 28 7 73 85 78 70 66 35 35 
45 0 35 37 84 15 53 55 67 59 46 20 50 63 44 78 34 31 72 64 
47 35 0 4 49 27 38 48 47 55 52 24 48 30 52 44 31 28 55 44 
44 37 4 0 47 30 42 45 50 52 50 24 46 31 55 42 35 31 52 40 
78 84 49 47 0 76 64 69 61 76 84 69 75 30 92 11 72 70 59 48 
53 15 27 30 76 0 38 61 52 67 56 25 58 51 32 69 19 16 75 66 
83 53 38 42 64 38 0 86 14 93 88 57 86 34 31 54 20 23 93 80 
14 55 48 45 69 61 86 0 94 7 19 36 8 70 93 71 75 71 21 23 
93 67 47 50 61 52 14 94 0 102 98 68 95 32 44 50 34 37 98 85 
16 59 55 52 76 67 93 7 102 0 18 41 9 77 99 78 82 78 23 28 
7 46 52 50 84 56 88 19 98 18 0 32 11 79 88 84 73 69 40 41 
28 20 24 24 69 25 57 36 68 41 32 0 33 54 57 66 42 38 52 44 
7 50 48 46 75 58 86 8 95 9 11 33 0 73 90 76 74 70 29 30 
73 63 30 31 30 51 34 70 32 77 79 54 73 0 62 20 43 42 69 56 
85 44 52 55 92 32 31 93 44 99 88 57 90 62 0 83 21 24 105 95 
78 78 44 42 11 69 54 71 50 78 84 66 76 20 83 0 63 62 64 52 
70 34 31 35 72 19 20 75 34 82 73 42 74 43 21 63 0 4 86 75 
66 31 28 31 70 16 23 71 37 78 69 38 70 42 24 62 4 0 82 71 
35 72 55 52 59 75 93 21 98 23 40 52 29 69 105 64 86 82 0 13 
35 64 44 40 48 66 80 23 85 28 41 44 30 56 95 52 75 71 13 0 
0 1000
799 1334
459 1410
1559 1877
2011 2750
1355 1446
499 1236
1514 1703
566 1349
181 573
1864 1951
1587 2127
682 1341
1053 1702
377 728
1698 2028
403 1273
99 538
1205 1678
946 1886
65.88345799635802 27.08348882263607 53.30944636501231 56.72515644163866 94.22971186544271 27.353032033276325 30.004123797536142 79.42063558895181 35.75870784358639 81.24117400137038 63.287465491380004 47.29390429400592 72.61181171652409 64.06719646676984 3.552010595132926 84.27650207959682 24.3528240624055 26.86928213178481 98.53164152868976 91.53485225996747 
7.370566836178261 29.210919588756234 52.193450887265335 50.5424035350717 79.50988694064954 44.35128078340944 82.57605049916275 11.987476203846015 95.75484797761071 4.80199803608059 1.2075156487525662 28.647172882113857 7.74310006961495 80.33152814533042 65.82635861876595 82.86832883788048 63.36348392187256 60.10109416770983 20.274977653995496 31.102230414777576 